""
"Test Method","Prosthetic Ankle Compression.msm"
"Sample I. D.","Prosthetic Ankle 1-9-18.mss"
"Specimen Number","15"

"Time (s)","Load (N)","Crosshead (mm)"

0.300,7,0.07
0.400,9,0.12
0.500,12,0.17
0.600,14,0.22
0.700,16,0.27
0.800,18,0.32
0.900,22,0.37
1.000,117,0.42
1.100,281,0.47
1.200,461,0.52
1.300,640,0.57
1.400,821,0.62
1.500,1013,0.67
1.600,1215,0.72
1.700,1420,0.77
1.800,1624,0.82
1.900,1825,0.87
2.000,2025,0.92
2.100,2226,0.96
2.200,2428,1.01
2.300,2631,1.06
2.400,2833,1.11
2.500,3035,1.16
2.580,3196,1.20
2.700,3337,1.19
2.800,3113,1.15
2.900,2898,1.10
3.000,2686,1.05
3.100,2478,1.00
3.200,2269,0.95
3.300,2065,0.90
3.400,1860,0.85
3.500,1659,0.80
3.600,1456,0.75
3.700,1253,0.70
3.800,1050,0.65
3.900,852,0.60
4.000,659,0.55
4.100,479,0.50
4.200,310,0.45
4.300,155,0.40
4.400,36,0.35
4.500,18,0.30
4.600,16,0.25
4.700,14,0.20
4.800,12,0.15
4.900,10,0.10
5.000,8,0.05
5.100,6,0.00
5.110,6,0.00


