Time(s)	Extension(mm)	Load(N)
0.001	0.000	0.000
0.022	0.000	0.001
0.044	0.000	0.000
0.078	0.000	0.001
0.130	0.000	0.000
0.180	0.000	0.001
0.228	0.000	0.001
0.279	0.000	0.001
0.328	0.000	0.000
0.378	0.000	0.000
0.432	0.000	0.000
0.478	0.000	0.001
0.527	0.000	0.001
0.579	0.000	0.000
0.632	0.000	0.001
0.680	0.000	0.000
0.732	0.000	0.001
0.778	0.000	0.001
0.829	0.000	0.001
0.880	0.000	0.001
0.932	0.000	0.001
0.978	0.000	0.001
1.030	0.000	0.001
1.079	0.000	0.001
1.132	0.000	0.001
1.178	0.000	0.000
1.228	0.000	0.001
1.279	0.000	0.000
1.332	0.000	0.001
1.378	0.000	0.001
1.432	0.000	0.000
1.478	0.000	0.001
1.529	0.000	0.000
1.584	-0.000	0.001
1.650	-0.000	0.001
1.698	-0.010	0.000
1.755	-0.010	0.000
1.805	-0.010	0.000
1.848	-0.010	0.000
1.905	-0.020	0.001
1.948	-0.020	0.000
2.000	-0.020	0.001
2.047	-0.020	0.001
2.100	-0.030	0.000
2.150	-0.030	0.000
2.197	-0.030	0.001
2.250	-0.030	0.000
2.296	-0.040	0.000
2.347	-0.040	0.001
2.399	-0.040	0.001
2.447	-0.040	0.000
2.506	-0.050	0.000
2.548	-0.050	0.001
2.597	-0.050	0.001
2.648	-0.050	0.000
2.698	-0.060	0.000
2.750	-0.060	0.001
2.798	-0.060	0.000
2.850	-0.060	0.001
2.899	-0.070	0.001
2.946	-0.070	0.001
2.998	-0.070	0.000
3.049	-0.070	0.000
3.105	-0.080	0.001
3.148	-0.080	0.000
3.200	-0.080	0.001
3.250	-0.080	0.000
3.297	-0.090	0.000
3.350	-0.090	0.000
3.409	-0.090	0.000
3.446	-0.090	0.000
3.496	-0.100	-0.001
3.548	-0.100	-0.001
3.598	-0.100	-0.002
3.654	-0.100	-0.003
3.705	-0.110	-0.003
3.748	-0.110	-0.003
3.799	-0.110	-0.004
3.854	-0.110	-0.004
3.898	-0.120	-0.005
3.947	-0.120	-0.005
3.999	-0.120	-0.006
4.049	-0.120	-0.006
4.104	-0.130	-0.007
4.155	-0.130	-0.007
4.198	-0.130	-0.008
4.246	-0.130	-0.008
4.305	-0.140	-0.008
4.348	-0.140	-0.009
4.398	-0.140	-0.009
4.450	-0.140	-0.010
4.500	-0.150	-0.010
4.547	-0.150	-0.011
4.600	-0.150	-0.011
4.647	-0.150	-0.011
4.698	-0.160	-0.012
4.757	-0.160	-0.012
4.799	-0.160	-0.013
4.850	-0.160	-0.013
4.897	-0.170	-0.014
4.950	-0.170	-0.014
5.006	-0.170	-0.015
5.055	-0.170	-0.015
5.098	-0.180	-0.015
5.149	-0.180	-0.016
5.209	-0.180	-0.016
5.246	-0.180	-0.017
5.299	-0.190	-0.017
5.355	-0.190	-0.018
5.405	-0.190	-0.018
5.448	-0.190	-0.018
5.498	-0.200	-0.019
5.550	-0.200	-0.019
5.606	-0.200	-0.020
5.648	-0.200	-0.020
5.700	-0.210	-0.021
5.750	-0.210	-0.021
5.797	-0.210	-0.022
5.847	-0.210	-0.022
5.898	-0.220	-0.023
5.948	-0.220	-0.023
6.000	-0.220	-0.024
6.048	-0.220	-0.024
6.106	-0.230	-0.025
6.148	-0.230	-0.025
6.198	-0.230	-0.026
6.250	-0.230	-0.026
6.300	-0.240	-0.026
6.346	-0.240	-0.027
6.399	-0.240	-0.027
6.455	-0.240	-0.028
6.500	-0.250	-0.028
6.550	-0.250	-0.028
6.597	-0.250	-0.029
6.647	-0.250	-0.029
6.698	-0.260	-0.030
6.746	-0.260	-0.030
6.798	-0.260	-0.031
6.848	-0.260	-0.032
6.899	-0.270	-0.032
6.949	-0.270	-0.032
7.009	-0.270	-0.033
7.046	-0.270	-0.034
7.099	-0.280	-0.034
7.150	-0.280	-0.035
7.200	-0.280	-0.036
7.255	-0.280	-0.037
7.296	-0.290	-0.037
7.348	-0.290	-0.038
7.398	-0.290	-0.038
7.450	-0.290	-0.039
7.497	-0.300	-0.040
7.547	-0.300	-0.041
7.598	-0.300	-0.042
7.648	-0.300	-0.042
7.700	-0.310	-0.043
7.750	-0.310	-0.044
7.796	-0.310	-0.044
7.848	-0.310	-0.045
7.908	-0.320	-0.046
7.950	-0.320	-0.047
8.000	-0.320	-0.049
8.046	-0.320	-0.050
8.096	-0.330	-0.050
8.148	-0.330	-0.052
8.200	-0.330	-0.052
8.246	-0.330	-0.053
8.296	-0.340	-0.054
8.355	-0.340	-0.055
8.398	-0.340	-0.056
8.448	-0.340	-0.057
8.500	-0.350	-0.058
8.546	-0.350	-0.059
8.598	-0.350	-0.059
8.648	-0.350	-0.060
8.699	-0.360	-0.060
8.750	-0.360	-0.061
8.809	-0.360	-0.062
8.846	-0.360	-0.062
8.898	-0.370	-0.063
8.950	-0.370	-0.063
9.000	-0.370	-0.064
9.055	-0.370	-0.064
9.105	-0.380	-0.065
9.148	-0.380	-0.066
9.198	-0.380	-0.067
9.250	-0.380	-0.067
9.297	-0.390	-0.068
9.347	-0.390	-0.068
9.398	-0.390	-0.069
9.448	-0.390	-0.070
9.500	-0.400	-0.070
9.550	-0.400	-0.071
9.598	-0.400	-0.072
9.650	-0.400	-0.072
9.708	-0.410	-0.073
9.754	-0.410	-0.074
9.804	-0.410	-0.074
9.848	-0.410	-0.075
9.897	-0.420	-0.076
9.948	-0.420	-0.077
10.000	-0.420	-0.077
10.047	-0.420	-0.078
10.096	-0.430	-0.079
10.155	-0.430	-0.079
10.198	-0.430	-0.080
10.247	-0.430	-0.081
10.298	-0.440	-0.081
10.350	-0.440	-0.082
10.397	-0.440	-0.083
10.446	-0.440	-0.084
10.498	-0.450	-0.085
10.548	-0.450	-0.086
10.606	-0.450	-0.086
10.648	-0.450	-0.088
10.704	-0.460	-0.089
10.748	-0.460	-0.091
10.797	-0.460	-0.092
10.848	-0.460	-0.093
10.898	-0.470	-0.094
10.949	-0.470	-0.095
10.999	-0.470	-0.096
11.055	-0.470	-0.097
11.097	-0.480	-0.099
11.147	-0.480	-0.100
11.198	-0.480	-0.102
11.250	-0.480	-0.103
11.307	-0.490	-0.104
11.350	-0.490	-0.105
11.406	-0.490	-0.106
11.454	-0.490	-0.107
11.506	-0.500	-0.108
11.550	-0.500	-0.110
11.606	-0.500	-0.111
11.650	-0.500	-0.113
11.705	-0.510	-0.114
11.749	-0.510	-0.115
11.806	-0.510	-0.116
11.851	-0.510	-0.117
11.906	-0.520	-0.118
11.958	-0.520	-0.120
12.005	-0.520	-0.121
12.048	-0.520	-0.122
12.104	-0.530	-0.123
12.150	-0.530	-0.124
12.206	-0.530	-0.125
12.248	-0.530	-0.127
12.306	-0.540	-0.128
12.348	-0.540	-0.130
12.408	-0.540	-0.131
12.456	-0.540	-0.132
12.505	-0.550	-0.133
12.549	-0.550	-0.135
12.600	-0.550	-0.136
12.656	-0.550	-0.137
12.699	-0.560	-0.139
12.756	-0.560	-0.140
12.799	-0.560	-0.142
12.856	-0.560	-0.143
12.900	-0.570	-0.144
12.955	-0.570	-0.145
12.999	-0.570	-0.147
13.054	-0.570	-0.148
13.098	-0.580	-0.150
13.150	-0.580	-0.151
13.198	-0.580	-0.153
13.256	-0.580	-0.154
13.308	-0.590	-0.155
13.355	-0.590	-0.156
13.406	-0.590	-0.158
13.451	-0.590	-0.159
13.507	-0.600	-0.161
13.550	-0.600	-0.162
13.599	-0.600	-0.164
13.656	-0.600	-0.165
13.699	-0.610	-0.166
13.759	-0.610	-0.167
13.806	-0.610	-0.168
13.849	-0.610	-0.169
13.905	-0.620	-0.171
13.951	-0.620	-0.173
14.007	-0.620	-0.174
14.049	-0.620	-0.175
14.106	-0.630	-0.176
14.149	-0.630	-0.177
14.209	-0.630	-0.178
14.256	-0.630	-0.180
14.301	-0.640	-0.181
14.349	-0.640	-0.182
14.400	-0.640	-0.183
14.457	-0.640	-0.184
14.499	-0.650	-0.185
14.556	-0.650	-0.185
14.599	-0.650	-0.186
14.656	-0.650	-0.187
14.700	-0.660	-0.187
14.752	-0.660	-0.188
14.799	-0.660	-0.189
14.851	-0.660	-0.189
14.899	-0.670	-0.189
14.950	-0.670	-0.190
15.007	-0.670	-0.190
15.056	-0.670	-0.191
15.107	-0.680	-0.192
15.151	-0.680	-0.193
15.207	-0.680	-0.194
15.251	-0.680	-0.194
15.306	-0.690	-0.195
15.350	-0.690	-0.195
15.399	-0.690	-0.196
15.455	-0.690	-0.197
15.507	-0.700	-0.198
15.559	-0.700	-0.199
15.607	-0.700	-0.200
15.649	-0.700	-0.200
15.706	-0.710	-0.201
15.751	-0.710	-0.201
15.807	-0.710	-0.202
15.850	-0.710	-0.203
15.907	-0.720	-0.204
15.951	-0.720	-0.205
16.011	-0.720	-0.206
16.049	-0.720	-0.207
16.107	-0.730	-0.207
16.151	-0.730	-0.208
16.207	-0.730	-0.209
16.250	-0.730	-0.210
16.305	-0.740	-0.212
16.350	-0.740	-0.213
16.405	-0.740	-0.214
16.451	-0.740	-0.215
16.507	-0.750	-0.216
16.549	-0.750	-0.217
16.607	-0.750	-0.218
16.649	-0.750	-0.219
16.706	-0.760	-0.221
16.757	-0.760	-0.223
16.802	-0.760	-0.224
16.850	-0.760	-0.226
16.911	-0.770	-0.227
16.949	-0.770	-0.228
17.001	-0.770	-0.229
17.049	-0.770	-0.230
17.101	-0.780	-0.232
17.157	-0.780	-0.234
17.206	-0.780	-0.235
17.250	-0.780	-0.236
17.301	-0.790	-0.238
17.357	-0.790	-0.239
17.401	-0.790	-0.240
17.457	-0.790	-0.242
17.501	-0.800	-0.243
17.549	-0.800	-0.245
17.606	-0.800	-0.247
17.657	-0.800	-0.248
17.701	-0.810	-0.249
17.757	-0.810	-0.251
17.809	-0.810	-0.252
17.856	-0.810	-0.253
17.902	-0.820	-0.255
17.949	-0.820	-0.257
18.001	-0.820	-0.258
18.057	-0.820	-0.260
18.099	-0.830	-0.261
18.156	-0.830	-0.262
18.199	-0.830	-0.263
18.256	-0.830	-0.265
18.299	-0.840	-0.267
18.351	-0.840	-0.269
18.407	-0.840	-0.270
18.449	-0.840	-0.271
18.506	-0.850	-0.273
18.557	-0.850	-0.274
18.601	-0.850	-0.275
18.649	-0.850	-0.277
18.709	-0.860	-0.278
18.757	-0.860	-0.280
18.799	-0.860	-0.282
18.855	-0.860	-0.283
18.907	-0.870	-0.284
18.950	-0.870	-0.285
18.999	-0.870	-0.287
19.052	-0.870	-0.288
19.107	-0.880	-0.290
19.157	-0.880	-0.292
19.201	-0.880	-0.294
19.256	-0.880	-0.295
19.300	-0.890	-0.296
19.357	-0.890	-0.297
19.401	-0.890	-0.299
19.451	-0.890	-0.300
19.499	-0.900	-0.302
19.551	-0.900	-0.304
19.611	-0.900	-0.306
19.649	-0.900	-0.307
19.707	-0.910	-0.308
19.751	-0.910	-0.310
19.801	-0.910	-0.311
19.849	-0.910	-0.312
19.901	-0.920	-0.314
19.957	-0.920	-0.316
20.000	-0.920	-0.318
20.057	-0.920	-0.319
20.101	-0.930	-0.321
20.156	-0.930	-0.322
20.199	-0.930	-0.323
20.251	-0.930	-0.325
20.299	-0.940	-0.327
20.350	-0.940	-0.328
20.407	-0.940	-0.330
20.451	-0.940	-0.332
20.507	-0.950	-0.333
20.549	-0.950	-0.334
20.601	-0.950	-0.335
20.649	-0.950	-0.337
20.701	-0.960	-0.339
20.757	-0.960	-0.341
20.801	-0.960	-0.343
20.849	-0.960	-0.344
20.900	-0.970	-0.345
20.961	-0.970	-0.346
20.999	-0.970	-0.348
21.051	-0.970	-0.349
21.107	-0.980	-0.351
21.151	-0.980	-0.353
21.199	-0.980	-0.355
21.250	-0.980	-0.356
21.307	-0.990	-0.358
21.349	-0.990	-0.359
21.409	-0.990	-0.360
21.457	-0.990	-0.362
21.501	-1.000	-0.364
21.549	-1.000	-0.366
21.601	-1.000	-0.367
21.657	-1.000	-0.369
21.699	-1.010	-0.370
21.757	-1.010	-0.371
21.799	-1.010	-0.373
21.857	-1.010	-0.374
21.901	-1.020	-0.376
21.956	-1.020	-0.378
21.999	-1.020	-0.380
22.051	-1.020	-0.381
22.107	-1.030	-0.383
22.151	-1.030	-0.384
22.207	-1.030	-0.385
22.252	-1.030	-0.387
22.307	-1.040	-0.389
22.351	-1.040	-0.391
22.407	-1.040	-0.393
22.451	-1.040	-0.394
22.501	-1.050	-0.395
22.549	-1.050	-0.397
22.607	-1.050	-0.398
22.651	-1.050	-0.400
22.705	-1.060	-0.402
22.757	-1.060	-0.404
22.801	-1.060	-0.405
22.857	-1.060	-0.407
22.901	-1.070	-0.408
22.957	-1.070	-0.409
23.001	-1.070	-0.411
23.057	-1.070	-0.413
23.101	-1.080	-0.414
23.157	-1.080	-0.416
23.208	-1.080	-0.418
23.252	-1.080	-0.420
23.300	-1.090	-0.421
23.357	-1.090	-0.422
23.399	-1.090	-0.424
23.452	-1.090	-0.425
23.507	-1.100	-0.428
23.551	-1.100	-0.429
23.607	-1.100	-0.431
23.651	-1.100	-0.432
23.699	-1.110	-0.434
23.751	-1.110	-0.435
23.808	-1.110	-0.436
23.849	-1.110	-0.438
23.907	-1.120	-0.441
23.949	-1.120	-0.442
24.006	-1.120	-0.444
24.051	-1.120	-0.445
24.113	-1.130	-0.446
24.149	-1.130	-0.448
24.201	-1.130	-0.449
24.257	-1.130	-0.451
24.301	-1.140	-0.453
24.357	-1.140	-0.455
24.401	-1.140	-0.457
24.449	-1.140	-0.458
24.501	-1.150	-0.459
24.561	-1.150	-0.460
24.601	-1.150	-0.462
24.652	-1.150	-0.464
24.699	-1.160	-0.466
24.757	-1.160	-0.468
24.801	-1.160	-0.469
24.855	-1.160	-0.471
24.901	-1.170	-0.472
24.951	-1.170	-0.473
25.007	-1.170	-0.475
25.051	-1.170	-0.477
25.099	-1.180	-0.479
25.156	-1.180	-0.480
25.207	-1.180	-0.482
25.251	-1.180	-0.483
25.307	-1.190	-0.485
25.351	-1.190	-0.486
25.405	-1.190	-0.487
25.451	-1.190	-0.490
25.508	-1.200	-0.492
25.549	-1.200	-0.493
25.607	-1.200	-0.495
25.649	-1.200	-0.497
25.701	-1.210	-0.498
25.757	-1.210	-0.499
25.801	-1.210	-0.501
25.849	-1.210	-0.503
25.910	-1.220	-0.504
25.957	-1.220	-0.506
26.001	-1.220	-0.508
26.057	-1.220	-0.510
26.099	-1.230	-0.511
26.151	-1.230	-0.512
26.201	-1.230	-0.514
26.258	-1.230	-0.516
26.300	-1.240	-0.518
26.361	-1.240	-0.520
26.399	-1.240	-0.522
26.451	-1.240	-0.523
26.507	-1.250	-0.524
26.552	-1.250	-0.526
26.599	-1.250	-0.527
26.651	-1.250	-0.529
26.708	-1.260	-0.531
26.750	-1.260	-0.533
26.811	-1.260	-0.535
26.849	-1.260	-0.536
26.908	-1.270	-0.538
26.951	-1.270	-0.539
27.007	-1.270	-0.541
27.051	-1.270	-0.543
27.105	-1.280	-0.545
27.151	-1.280	-0.547
27.205	-1.280	-0.548
27.251	-1.280	-0.550
27.307	-1.290	-0.551
27.349	-1.290	-0.552
27.406	-1.290	-0.554
27.447	-1.290	-0.556
27.501	-1.300	-0.558
27.557	-1.300	-0.560
27.601	-1.300	-0.562
27.650	-1.300	-0.563
27.711	-1.310	-0.564
27.747	-1.310	-0.566
27.801	-1.310	-0.567
27.857	-1.310	-0.569
27.899	-1.320	-0.571
27.956	-1.320	-0.573
28.001	-1.320	-0.575
28.048	-1.320	-0.576
28.101	-1.330	-0.578
28.161	-1.330	-0.579
28.200	-1.330	-0.581
28.251	-1.330	-0.583
28.299	-1.340	-0.584
28.357	-1.340	-0.587
28.401	-1.340	-0.588
28.455	-1.340	-0.590
28.499	-1.350	-0.591
28.551	-1.350	-0.593
28.608	-1.350	-0.594
28.651	-1.350	-0.596
28.699	-1.360	-0.598
28.757	-1.360	-0.600
28.807	-1.360	-0.602
28.851	-1.360	-0.603
28.907	-1.370	-0.604
28.951	-1.370	-0.606
29.007	-1.370	-0.607
29.051	-1.370	-0.609
29.108	-1.380	-0.611
29.151	-1.380	-0.613
29.206	-1.380	-0.615
29.248	-1.380	-0.617
29.306	-1.390	-0.618
29.357	-1.390	-0.619
29.401	-1.390	-0.621
29.450	-1.390	-0.623
29.511	-1.400	-0.625
29.549	-1.400	-0.627
29.602	-1.400	-0.629
29.648	-1.400	-0.630
29.701	-1.410	-0.631
29.757	-1.410	-0.633
29.801	-1.410	-0.635
29.849	-1.410	-0.637
29.901	-1.420	-0.639
29.957	-1.420	-0.641
30.001	-1.420	-0.642
30.056	-1.420	-0.644
30.100	-1.430	-0.645
30.157	-1.430	-0.646
30.201	-1.430	-0.648
30.256	-1.430	-0.650
30.301	-1.440	-0.652
30.356	-1.440	-0.654
30.407	-1.440	-0.656
30.451	-1.440	-0.657
30.501	-1.450	-0.658
30.556	-1.450	-0.660
30.598	-1.450	-0.662
30.656	-1.450	-0.664
30.707	-1.460	-0.666
30.756	-1.460	-0.668
30.807	-1.460	-0.669
30.855	-1.460	-0.671
30.899	-1.470	-0.672
30.951	-1.470	-0.674
31.009	-1.470	-0.675
31.052	-1.470	-0.677
31.108	-1.480	-0.679
31.152	-1.480	-0.681
31.208	-1.480	-0.683
31.252	-1.480	-0.685
31.308	-1.490	-0.686
31.352	-1.490	-0.687
31.408	-1.490	-0.689
31.451	-1.490	-0.691
31.507	-1.500	-0.693
31.550	-1.500	-0.695
31.609	-1.500	-0.696
31.653	-1.500	-0.698
31.708	-1.510	-0.699
31.762	-1.510	-0.701
31.808	-1.510	-0.702
31.850	-1.510	-0.704
31.902	-1.520	-0.706
31.952	-1.520	-0.708
32.008	-1.520	-0.710
32.050	-1.520	-0.711
32.108	-1.530	-0.713
32.150	-1.530	-0.714
32.211	-1.530	-0.716
32.258	-1.530	-0.718
32.308	-1.540	-0.720
32.352	-1.540	-0.722
32.402	-1.540	-0.724
32.450	-1.540	-0.725
32.502	-1.550	-0.727
32.550	-1.550	-0.728
32.602	-1.550	-0.730
32.660	-1.550	-0.732
32.708	-1.560	-0.734
32.758	-1.560	-0.736
32.803	-1.560	-0.738
32.858	-1.560	-0.739
32.902	-1.570	-0.740
32.958	-1.570	-0.742
33.001	-1.570	-0.744
33.049	-1.570	-0.746
33.110	-1.580	-0.748
33.158	-1.580	-0.750
33.201	-1.580	-0.752
33.258	-1.580	-0.753
33.299	-1.590	-0.754
33.356	-1.590	-0.756
33.402	-1.590	-0.758
33.458	-1.590	-0.760
33.501	-1.600	-0.762
33.562	-1.600	-0.763
33.600	-1.600	-0.765
33.652	-1.600	-0.767
33.700	-1.610	-0.768
33.758	-1.610	-0.770
33.802	-1.610	-0.772
33.858	-1.610	-0.773
33.901	-1.620	-0.776
33.957	-1.620	-0.777
34.008	-1.620	-0.779
34.053	-1.620	-0.781
34.102	-1.630	-0.782
34.158	-1.630	-0.784
34.200	-1.630	-0.785
34.256	-1.630	-0.787
34.308	-1.640	-0.789
34.352	-1.640	-0.791
34.408	-1.640	-0.793
34.452	-1.640	-0.794
34.499	-1.650	-0.796
34.551	-1.650	-0.797
34.608	-1.650	-0.799
34.650	-1.650	-0.801
34.702	-1.660	-0.803
34.758	-1.660	-0.805
34.802	-1.660	-0.807
34.848	-1.660	-0.808
34.908	-1.670	-0.810
34.952	-1.670	-0.811
35.007	-1.670	-0.813
35.049	-1.670	-0.815
35.101	-1.680	-0.817
35.156	-1.680	-0.819
35.200	-1.680	-0.821
35.256	-1.680	-0.822
35.308	-1.690	-0.823
35.358	-1.690	-0.825
35.402	-1.690	-0.827
35.452	-1.690	-0.829
35.498	-1.700	-0.831
35.552	-1.700	-0.833
35.598	-1.700	-0.835
35.650	-1.700	-0.836
35.702	-1.710	-0.837
35.758	-1.710	-0.839
35.808	-1.710	-0.840
35.851	-1.710	-0.842
35.908	-1.720	-0.845
35.950	-1.720	-0.847
36.002	-1.720	-0.848
36.058	-1.720	-0.850
36.100	-1.730	-0.851
36.152	-1.730	-0.852
36.202	-1.730	-0.854
36.250	-1.730	-0.856
36.298	-1.740	-0.859
36.349	-1.740	-0.860
36.400	-1.740	-0.862
36.452	-1.740	-0.864
36.500	-1.750	-0.865
36.550	-1.750	-0.867
36.602	-1.750	-0.868
36.650	-1.750	-0.870
36.712	-1.760	-0.873
36.748	-1.760	-0.874
36.800	-1.760	-0.876
36.852	-1.760	-0.877
36.902	-1.770	-0.879
36.949	-1.770	-0.880
37.002	-1.770	-0.882
37.050	-1.770	-0.884
37.101	-1.780	-0.886
37.152	-1.780	-0.888
37.200	-1.780	-0.890
37.250	-1.780	-0.891
37.302	-1.790	-0.893
37.350	-1.790	-0.894
37.402	-1.790	-0.896
37.458	-1.790	-0.898
37.500	-1.800	-0.900
37.552	-1.800	-0.902
37.602	-1.800	-0.904
37.650	-1.800	-0.905
37.703	-1.810	-0.907
37.750	-1.810	-0.908
37.800	-1.810	-0.910
37.848	-1.810	-0.912
37.900	-1.820	-0.914
37.952	-1.820	-0.916
38.008	-1.820	-0.918
38.050	-1.820	-0.919
38.098	-1.830	-0.920
38.150	-1.830	-0.922
38.202	-1.830	-0.924
38.252	-1.830	-0.926
38.299	-1.840	-0.928
38.350	-1.840	-0.930
38.403	-1.840	-0.932
38.451	-1.840	-0.933
38.502	-1.850	-0.934
38.549	-1.850	-0.936
38.600	-1.850	-0.938
38.653	-1.850	-0.940
38.708	-1.860	-0.942
38.750	-1.860	-0.944
38.798	-1.860	-0.946
38.850	-1.860	-0.947
38.902	-1.870	-0.948
38.952	-1.870	-0.950
39.000	-1.870	-0.951
39.052	-1.870	-0.954
39.108	-1.880	-0.956
39.152	-1.880	-0.958
39.208	-1.880	-0.960
39.258	-1.880	-0.961
39.302	-1.890	-0.963
39.352	-1.890	-0.964
39.412	-1.890	-0.966
39.450	-1.890	-0.968
39.502	-1.900	-0.970
39.550	-1.900	-0.972
39.600	-1.900	-0.973
39.652	-1.900	-0.975
39.706	-1.910	-0.977
39.750	-1.910	-0.978
39.802	-1.910	-0.980
39.858	-1.910	-0.982
39.900	-1.920	-0.984
39.952	-1.920	-0.986
40.006	-1.920	-0.988
40.058	-1.920	-0.989
40.100	-1.930	-0.991
40.152	-1.930	-0.992
40.208	-1.930	-0.994
40.252	-1.930	-0.996
40.311	-1.940	-0.998
40.358	-1.940	-1.000
40.400	-1.940	-1.002
40.452	-1.940	-1.003
40.502	-1.950	-1.005
40.549	-1.950	-1.006
40.602	-1.950	-1.008
40.650	-1.950	-1.010
40.700	-1.960	-1.012
40.760	-1.960	-1.014
40.807	-1.960	-1.016
40.850	-1.960	-1.017
40.902	-1.970	-1.019
40.958	-1.970	-1.020
41.001	-1.970	-1.022
41.052	-1.970	-1.024
41.108	-1.980	-1.026
41.150	-1.980	-1.028
41.210	-1.980	-1.030
41.256	-1.980	-1.031
41.301	-1.990	-1.032
41.356	-1.990	-1.034
41.407	-1.990	-1.036
41.451	-1.990	-1.037
41.502	-2.000	-1.039
41.558	-2.000	-1.042
41.600	-2.000	-1.043
41.649	-2.000	-1.045
41.688	-1.900	-1.045
41.742	-1.780	-1.028
41.791	-1.650	-0.927
41.840	-1.500	-0.814
41.890	-1.340	-0.702
41.940	-1.160	-0.588
41.991	-0.970	-0.465
42.041	-0.760	-0.346
42.098	-0.540	-0.243
42.138	-0.330	-0.160
42.196	-0.120	-0.060
42.239	0.000	-0.007
42.282	0.000	-0.002
42.335	0.000	-0.002
42.384	0.000	-0.002
42.430	0.000	-0.002
42.485	0.000	-0.002
42.535	0.000	-0.002
42.581	0.000	-0.002
42.631	0.000	-0.002
42.684	0.000	-0.002
42.731	0.000	-0.001
42.784	0.000	-0.001
42.832	0.000	-0.001
42.885	0.000	-0.001
42.935	0.000	-0.001
42.985	0.000	-0.001
43.031	0.000	-0.001
43.085	0.000	-0.001
43.131	0.000	-0.001
43.180	0.000	-0.001
43.231	0.000	-0.001
43.282	0.000	-0.001
43.335	0.000	-0.001
43.380	0.000	-0.001
43.432	0.000	-0.001
43.484	0.000	-0.001
43.532	0.000	-0.001
43.584	0.000	-0.001
43.631	0.000	-0.001
43.684	0.000	-0.001
43.734	0.000	-0.000
43.780	0.000	-0.001
43.834	0.000	-0.000
43.882	0.000	-0.000
43.934	0.000	-0.001
43.984	0.000	-0.000
44.030	0.000	-0.000
44.080	0.000	-0.000
44.132	0.000	-0.000
44.180	0.000	-0.000
44.232	0.000	0.000
44.277	0.000	0.000
44.328	0.000	-0.000
44.385	0.000	0.000
44.427	0.000	-0.000
44.484	0.000	0.000
44.527	0.000	0.000
44.577	0.000	0.000
44.628	0.000	0.000
44.677	0.000	0.000
44.727	0.000	0.000
44.779	0.000	0.000
44.828	0.000	0.000
44.877	0.000	0.000
44.927	0.000	0.000
44.978	0.000	0.000
45.031	0.000	-0.000
45.085	0.000	0.000
45.128	0.000	0.000
45.180	0.000	0.000
45.230	0.000	0.000
45.279	0.000	0.000
45.330	0.000	0.000
45.379	0.000	0.000
45.429	0.000	0.000
45.480	0.000	0.000
45.528	0.000	0.000
45.580	0.000	0.000
45.629	0.000	0.000
45.684	0.000	0.000
45.730	0.000	0.000
45.781	0.000	0.000
45.830	0.000	0.000
45.880	0.000	0.000
45.932	0.000	0.000
45.985	0.000	0.000
46.028	0.000	0.000
46.079	0.000	0.000
46.131	0.000	0.000
46.182	0.000	0.000
46.230	0.000	0.000
46.282	0.000	0.000
46.327	0.000	0.000
46.383	0.000	0.000
46.429	0.000	0.000
