Time(s)	Extension(mm)	Load(N)
0.001	0.000	0.000
0.022	0.000	0.000
0.038	0.000	0.000
0.091	0.000	0.000
0.144	-0.000	0.000
0.209	-0.000	0.000
0.261	-0.010	0.000
0.309	-0.010	0.000
0.366	-0.010	0.000
0.407	-0.010	0.000
0.458	-0.020	0.000
0.510	-0.020	0.000
0.556	-0.020	0.000
0.598	-0.020	0.000
0.656	-0.030	0.000
0.708	-0.030	0.000
0.755	-0.030	0.000
0.798	-0.030	0.000
0.856	-0.040	0.000
0.898	-0.040	0.000
0.951	-0.040	0.000
0.998	-0.040	0.000
1.060	-0.050	0.000
1.112	-0.050	0.000
1.167	-0.050	0.000
1.208	-0.050	0.000
1.251	-0.060	0.000
1.307	-0.060	0.000
1.357	-0.060	0.000
1.399	-0.060	0.000
1.449	-0.070	0.000
1.511	-0.070	0.000
1.559	-0.070	0.000
1.607	-0.070	0.000
1.660	-0.080	0.000
1.710	-0.080	0.000
1.767	-0.080	0.000
1.810	-0.080	0.000
1.857	-0.090	0.000
1.909	-0.090	0.000
1.962	-0.090	0.000
2.007	-0.090	0.000
2.058	-0.100	0.000
2.111	-0.100	0.000
2.167	-0.100	0.000
2.201	-0.100	0.000
2.267	-0.110	0.000
2.310	-0.110	0.000
2.360	-0.110	0.000
2.402	-0.110	0.000
2.459	-0.120	0.000
2.507	-0.120	0.000
2.557	-0.120	0.000
2.601	-0.120	0.000
2.662	-0.130	0.000
2.710	-0.130	0.000
2.761	-0.130	0.000
2.809	-0.130	0.000
2.857	-0.140	0.000
2.907	-0.140	0.000
2.950	-0.140	0.000
3.007	-0.140	0.000
3.048	-0.150	0.000
3.101	-0.150	0.000
3.158	-0.150	0.000
3.209	-0.150	0.000
3.257	-0.160	0.000
3.309	-0.160	0.000
3.362	-0.160	0.000
3.408	-0.160	0.000
3.458	-0.170	0.000
3.509	-0.170	0.000
3.551	-0.170	0.000
3.609	-0.170	0.000
3.656	-0.180	0.000
3.709	-0.180	0.000
3.758	-0.180	0.000
3.811	-0.180	0.000
3.859	-0.190	0.000
3.907	-0.190	0.000
3.949	-0.190	0.000
3.999	-0.190	0.000
4.057	-0.200	0.000
4.108	-0.200	0.000
4.161	-0.200	0.000
4.216	-0.200	0.000
4.260	-0.210	0.000
4.309	-0.210	0.000
4.349	-0.210	0.000
4.401	-0.210	0.000
4.448	-0.220	0.000
4.501	-0.220	0.000
4.552	-0.220	0.000
4.608	-0.220	0.000
4.657	-0.230	0.000
4.712	-0.230	0.000
4.751	-0.230	0.000
4.797	-0.230	0.000
4.850	-0.240	0.000
4.906	-0.240	0.000
4.947	-0.240	0.000
5.001	-0.240	0.000
5.051	-0.250	0.000
5.101	-0.250	0.000
5.148	-0.250	0.000
5.201	-0.250	0.000
5.262	-0.260	0.000
5.308	-0.260	0.000
5.358	-0.260	0.000
5.407	-0.260	0.000
5.449	-0.270	0.000
5.501	-0.270	0.000
5.557	-0.270	-0.000
5.610	-0.270	-0.001
5.661	-0.280	-0.001
5.708	-0.280	-0.001
5.760	-0.280	-0.001
5.810	-0.280	-0.001
5.869	-0.290	-0.002
5.912	-0.290	-0.002
5.959	-0.290	-0.002
6.010	-0.290	-0.002
6.066	-0.300	-0.002
6.109	-0.300	-0.002
6.159	-0.300	-0.003
6.211	-0.300	-0.003
6.260	-0.310	-0.003
6.316	-0.310	-0.004
6.359	-0.310	-0.004
6.412	-0.310	-0.005
6.467	-0.320	-0.005
6.516	-0.320	-0.005
6.559	-0.320	-0.006
6.609	-0.320	-0.006
6.660	-0.330	-0.006
6.712	-0.330	-0.006
6.759	-0.330	-0.007
6.811	-0.330	-0.007
6.861	-0.340	-0.007
6.912	-0.340	-0.008
6.962	-0.340	-0.008
7.009	-0.340	-0.008
7.061	-0.350	-0.009
7.117	-0.350	-0.009
7.160	-0.350	-0.009
7.219	-0.350	-0.009
7.261	-0.360	-0.009
7.312	-0.360	-0.010
7.367	-0.360	-0.010
7.410	-0.360	-0.010
7.462	-0.370	-0.011
7.509	-0.370	-0.011
7.561	-0.370	-0.011
7.611	-0.370	-0.012
7.670	-0.380	-0.012
7.712	-0.380	-0.012
7.760	-0.380	-0.012
7.812	-0.380	-0.013
7.859	-0.390	-0.013
7.910	-0.390	-0.013
7.960	-0.390	-0.014
8.012	-0.390	-0.014
8.062	-0.400	-0.014
8.109	-0.400	-0.015
8.161	-0.400	-0.015
8.208	-0.400	-0.015
8.260	-0.410	-0.016
8.310	-0.410	-0.016
8.361	-0.410	-0.016
8.411	-0.410	-0.017
8.466	-0.420	-0.017
8.510	-0.420	-0.017
8.562	-0.420	-0.018
8.608	-0.420	-0.018
8.666	-0.430	-0.019
8.709	-0.430	-0.019
8.759	-0.430	-0.019
8.809	-0.430	-0.019
8.862	-0.440	-0.020
8.908	-0.440	-0.020
8.960	-0.440	-0.020
9.022	-0.440	-0.021
9.061	-0.450	-0.021
9.111	-0.450	-0.022
9.162	-0.450	-0.022
9.209	-0.450	-0.022
9.260	-0.460	-0.023
9.312	-0.460	-0.023
9.358	-0.460	-0.023
9.408	-0.460	-0.024
9.462	-0.470	-0.024
9.509	-0.470	-0.025
9.561	-0.470	-0.025
9.612	-0.470	-0.025
9.659	-0.480	-0.026
9.710	-0.480	-0.026
9.760	-0.480	-0.027
9.811	-0.480	-0.027
9.861	-0.490	-0.028
9.917	-0.490	-0.028
9.959	-0.490	-0.028
10.011	-0.490	-0.029
10.062	-0.500	-0.029
10.112	-0.500	-0.030
10.166	-0.500	-0.030
10.216	-0.500	-0.031
10.259	-0.510	-0.032
10.312	-0.510	-0.032
10.367	-0.510	-0.032
10.409	-0.510	-0.033
10.459	-0.520	-0.033
10.510	-0.520	-0.034
10.560	-0.520	-0.034
10.611	-0.520	-0.035
10.666	-0.530	-0.036
10.709	-0.530	-0.036
10.761	-0.530	-0.037
10.820	-0.530	-0.037
10.862	-0.540	-0.038
10.911	-0.540	-0.038
10.962	-0.540	-0.039
11.009	-0.540	-0.039
11.060	-0.550	-0.040
11.116	-0.550	-0.041
11.159	-0.550	-0.041
11.208	-0.550	-0.042
11.267	-0.560	-0.042
11.309	-0.560	-0.043
11.361	-0.560	-0.043
11.412	-0.560	-0.044
11.459	-0.570	-0.045
11.510	-0.570	-0.046
11.559	-0.570	-0.046
11.611	-0.570	-0.046
11.660	-0.580	-0.047
11.712	-0.580	-0.048
11.758	-0.580	-0.049
11.810	-0.580	-0.049
11.862	-0.590	-0.050
11.911	-0.590	-0.051
11.962	-0.590	-0.052
12.012	-0.590	-0.052
12.058	-0.600	-0.053
12.110	-0.600	-0.054
12.162	-0.600	-0.054
12.208	-0.600	-0.055
12.266	-0.610	-0.056
12.309	-0.610	-0.057
12.359	-0.610	-0.058
12.410	-0.610	-0.058
12.462	-0.620	-0.059
12.516	-0.620	-0.060
12.560	-0.620	-0.060
12.618	-0.620	-0.061
12.660	-0.630	-0.062
12.710	-0.630	-0.063
12.761	-0.630	-0.064
12.816	-0.630	-0.064
12.859	-0.640	-0.065
12.910	-0.640	-0.066
12.962	-0.640	-0.066
13.012	-0.640	-0.067
13.058	-0.650	-0.068
13.108	-0.650	-0.069
13.160	-0.650	-0.069
13.212	-0.650	-0.070
13.258	-0.660	-0.070
13.310	-0.660	-0.071
13.360	-0.660	-0.072
13.412	-0.660	-0.072
13.462	-0.670	-0.073
13.518	-0.670	-0.074
13.560	-0.670	-0.074
13.612	-0.670	-0.074
13.658	-0.680	-0.075
13.708	-0.680	-0.075
13.760	-0.680	-0.075
13.810	-0.680	-0.076
13.861	-0.690	-0.076
13.909	-0.690	-0.077
13.961	-0.690	-0.077
14.012	-0.690	-0.078
14.062	-0.700	-0.078
14.108	-0.700	-0.078
14.158	-0.700	-0.079
14.210	-0.700	-0.079
14.262	-0.710	-0.080
14.309	-0.710	-0.081
14.361	-0.710	-0.081
14.419	-0.710	-0.081
14.462	-0.720	-0.082
14.512	-0.720	-0.082
14.558	-0.720	-0.083
14.610	-0.720	-0.083
14.662	-0.730	-0.084
14.709	-0.730	-0.085
14.760	-0.730	-0.085
14.810	-0.730	-0.085
14.869	-0.740	-0.086
14.912	-0.740	-0.086
14.960	-0.740	-0.087
15.010	-0.740	-0.088
15.062	-0.750	-0.089
15.108	-0.750	-0.090
15.158	-0.750	-0.090
15.210	-0.750	-0.091
15.260	-0.760	-0.092
15.312	-0.760	-0.092
15.358	-0.760	-0.093
15.411	-0.760	-0.095
15.462	-0.770	-0.096
15.512	-0.770	-0.096
15.558	-0.770	-0.097
15.608	-0.770	-0.098
15.660	-0.780	-0.098
15.712	-0.780	-0.099
15.758	-0.780	-0.100
15.810	-0.780	-0.102
15.862	-0.790	-0.103
15.910	-0.790	-0.103
15.962	-0.790	-0.104
16.018	-0.790	-0.105
16.067	-0.800	-0.105
16.112	-0.800	-0.106
16.160	-0.800	-0.107
16.221	-0.800	-0.108
16.260	-0.810	-0.110
16.312	-0.810	-0.110
16.368	-0.810	-0.111
16.417	-0.810	-0.112
16.461	-0.820	-0.113
16.510	-0.820	-0.114
16.567	-0.820	-0.114
16.610	-0.820	-0.115
16.670	-0.830	-0.117
16.718	-0.830	-0.117
16.762	-0.830	-0.118
16.810	-0.830	-0.119
16.867	-0.840	-0.119
16.911	-0.840	-0.120
16.962	-0.840	-0.121
17.010	-0.840	-0.122
17.061	-0.850	-0.123
17.119	-0.850	-0.124
17.166	-0.850	-0.125
17.211	-0.850	-0.125
17.268	-0.860	-0.126
17.310	-0.860	-0.127
17.362	-0.860	-0.127
17.418	-0.860	-0.128
17.462	-0.870	-0.129
17.510	-0.870	-0.129
17.568	-0.870	-0.129
17.611	-0.870	-0.130
17.666	-0.880	-0.130
17.710	-0.880	-0.131
17.762	-0.880	-0.131
17.809	-0.880	-0.132
17.867	-0.890	-0.132
17.911	-0.890	-0.132
17.960	-0.890	-0.133
18.020	-0.890	-0.133
18.067	-0.900	-0.133
18.110	-0.900	-0.134
18.166	-0.900	-0.135
18.212	-0.900	-0.135
18.267	-0.910	-0.136
18.312	-0.910	-0.136
18.360	-0.910	-0.137
18.412	-0.910	-0.137
18.472	-0.920	-0.138
18.511	-0.920	-0.138
18.569	-0.920	-0.139
18.613	-0.920	-0.139
18.661	-0.930	-0.140
18.718	-0.930	-0.140
18.769	-0.930	-0.141
18.813	-0.930	-0.141
18.868	-0.940	-0.142
18.913	-0.940	-0.142
18.960	-0.940	-0.143
19.018	-0.940	-0.144
19.062	-0.950	-0.144
19.113	-0.950	-0.145
19.169	-0.950	-0.145
19.212	-0.950	-0.145
19.268	-0.960	-0.146
19.313	-0.960	-0.147
19.361	-0.960	-0.147
19.418	-0.960	-0.148
19.461	-0.970	-0.149
19.513	-0.970	-0.149
19.569	-0.970	-0.150
19.612	-0.970	-0.151
19.660	-0.980	-0.151
19.713	-0.980	-0.152
19.762	-0.980	-0.153
19.822	-0.980	-0.154
19.861	-0.990	-0.154
19.912	-0.990	-0.155
19.969	-0.990	-0.156
20.013	-0.990	-0.157
20.061	-1.000	-0.157
20.119	-1.000	-0.158
20.163	-1.000	-0.159
20.218	-1.000	-0.160
20.269	-1.010	-0.161
20.313	-1.010	-0.162
20.362	-1.010	-0.163
20.419	-1.010	-0.164
20.463	-1.020	-0.164
20.511	-1.020	-0.165
20.563	-1.020	-0.167
20.611	-1.020	-0.168
20.662	-1.030	-0.169
20.720	-1.030	-0.169
20.767	-1.030	-0.170
20.812	-1.030	-0.171
20.869	-1.040	-0.172
20.911	-1.040	-0.173
20.968	-1.040	-0.174
21.019	-1.040	-0.176
21.064	-1.050	-0.177
21.112	-1.050	-0.177
21.169	-1.050	-0.178
21.213	-1.050	-0.179
21.269	-1.060	-0.180
21.313	-1.060	-0.181
21.368	-1.060	-0.182
21.412	-1.060	-0.184
21.469	-1.070	-0.184
21.513	-1.070	-0.185
21.562	-1.070	-0.186
21.622	-1.070	-0.187
21.661	-1.080	-0.188
21.713	-1.080	-0.189
21.769	-1.080	-0.191
21.818	-1.080	-0.192
21.861	-1.090	-0.193
21.919	-1.090	-0.194
21.963	-1.090	-0.194
22.019	-1.090	-0.195
22.070	-1.100	-0.196
22.117	-1.100	-0.197
22.163	-1.100	-0.198
22.219	-1.100	-0.200
22.267	-1.110	-0.201
22.311	-1.110	-0.202
22.363	-1.110	-0.202
22.411	-1.110	-0.203
22.463	-1.120	-0.204
22.520	-1.120	-0.205
22.568	-1.120	-0.207
22.613	-1.120	-0.208
22.669	-1.130	-0.209
22.711	-1.130	-0.210
22.768	-1.130	-0.210
22.811	-1.130	-0.212
22.868	-1.140	-0.212
22.913	-1.140	-0.214
22.970	-1.140	-0.215
23.017	-1.140	-0.216
23.069	-1.150	-0.217
23.113	-1.150	-0.218
23.168	-1.150	-0.219
23.212	-1.150	-0.220
23.269	-1.160	-0.221
23.314	-1.160	-0.222
23.362	-1.160	-0.223
23.423	-1.160	-0.224
23.461	-1.170	-0.225
23.513	-1.170	-0.226
23.569	-1.170	-0.227
23.617	-1.170	-0.228
23.661	-1.180	-0.229
23.719	-1.180	-0.230
23.763	-1.180	-0.231
23.819	-1.180	-0.233
23.870	-1.190	-0.234
23.917	-1.190	-0.234
23.963	-1.190	-0.235
24.019	-1.190	-0.236
24.063	-1.200	-0.237
24.113	-1.200	-0.238
24.163	-1.200	-0.239
24.211	-1.200	-0.241
24.263	-1.210	-0.242
24.320	-1.210	-0.243
24.367	-1.210	-0.243
24.413	-1.210	-0.244
24.469	-1.220	-0.245
24.511	-1.220	-0.246
24.568	-1.220	-0.248
24.619	-1.220	-0.249
24.663	-1.230	-0.250
24.712	-1.230	-0.251
24.770	-1.230	-0.252
24.817	-1.230	-0.252
24.869	-1.240	-0.253
24.913	-1.240	-0.255
24.968	-1.240	-0.256
25.012	-1.240	-0.257
25.069	-1.250	-0.258
25.113	-1.250	-0.259
25.162	-1.250	-0.260
25.223	-1.250	-0.261
25.261	-1.260	-0.262
25.313	-1.260	-0.263
25.369	-1.260	-0.264
25.417	-1.260	-0.265
25.461	-1.270	-0.266
25.519	-1.270	-0.267
25.563	-1.270	-0.268
25.618	-1.270	-0.269
25.671	-1.280	-0.270
25.717	-1.280	-0.271
25.762	-1.280	-0.272
25.819	-1.280	-0.273
25.863	-1.290	-0.275
25.911	-1.290	-0.275
25.963	-1.290	-0.276
26.019	-1.290	-0.277
26.062	-1.300	-0.278
26.119	-1.300	-0.279
26.163	-1.300	-0.281
26.212	-1.300	-0.282
26.268	-1.310	-0.283
26.311	-1.310	-0.283
26.363	-1.310	-0.284
26.419	-1.310	-0.285
26.463	-1.320	-0.286
26.511	-1.320	-0.288
26.569	-1.320	-0.289
26.613	-1.320	-0.290
26.667	-1.330	-0.291
26.711	-1.330	-0.292
26.763	-1.330	-0.293
26.819	-1.330	-0.294
26.867	-1.340	-0.295
26.912	-1.340	-0.296
26.961	-1.340	-0.297
27.021	-1.340	-0.298
27.068	-1.350	-0.299
27.111	-1.350	-0.300
27.167	-1.350	-0.301
27.212	-1.350	-0.302
27.269	-1.360	-0.303
27.313	-1.360	-0.304
27.361	-1.360	-0.305
27.413	-1.360	-0.307
27.473	-1.370	-0.308
27.512	-1.370	-0.308
27.561	-1.370	-0.309
27.613	-1.370	-0.310
27.662	-1.380	-0.311
27.719	-1.380	-0.312
27.761	-1.380	-0.314
27.818	-1.380	-0.315
27.861	-1.390	-0.316
27.918	-1.390	-0.317
27.962	-1.390	-0.317
28.011	-1.390	-0.318
28.063	-1.400	-0.320
28.119	-1.400	-0.321
28.163	-1.400	-0.322
28.218	-1.400	-0.323
28.263	-1.410	-0.324
28.311	-1.410	-0.325
28.369	-1.410	-0.326
28.413	-1.410	-0.327
28.468	-1.420	-0.328
28.512	-1.420	-0.329
28.567	-1.420	-0.330
28.611	-1.420	-0.331
28.669	-1.430	-0.332
28.713	-1.430	-0.333
28.761	-1.430	-0.334
28.821	-1.430	-0.335
28.869	-1.440	-0.336
28.913	-1.440	-0.337
28.969	-1.440	-0.338
29.013	-1.440	-0.339
29.061	-1.450	-0.340
29.118	-1.450	-0.341
29.162	-1.450	-0.342
29.214	-1.450	-0.343
29.269	-1.460	-0.344
29.313	-1.460	-0.345
29.361	-1.460	-0.346
29.418	-1.460	-0.347
29.463	-1.470	-0.348
29.519	-1.470	-0.349
29.561	-1.470	-0.350
29.618	-1.470	-0.351
29.661	-1.480	-0.352
29.718	-1.480	-0.354
29.762	-1.480	-0.355
29.811	-1.480	-0.356
29.863	-1.490	-0.357
29.919	-1.490	-0.358
29.963	-1.490	-0.358
30.019	-1.490	-0.359
30.062	-1.500	-0.360
30.111	-1.500	-0.362
30.163	-1.500	-0.363
30.202	-1.490	-0.364
30.251	-1.380	-0.364
30.301	-1.270	-0.349
30.350	-1.140	-0.297
30.400	-0.990	-0.242
30.452	-0.830	-0.194
30.502	-0.650	-0.144
30.553	-0.470	-0.080
30.609	-0.290	-0.025
30.649	-0.120	-0.003
30.703	0.000	-0.001
30.740	0.000	-0.001
30.793	0.000	-0.001
30.840	0.000	-0.001
30.893	0.000	-0.001
30.940	0.000	-0.001
30.995	0.000	-0.001
31.045	0.000	-0.001
31.091	0.000	-0.001
31.145	0.000	-0.001
31.190	0.000	-0.001
31.242	0.000	-0.001
31.296	0.000	-0.000
31.344	0.000	-0.001
31.391	0.000	-0.001
31.443	0.000	-0.000
31.490	0.000	-0.000
31.542	0.000	-0.000
31.590	0.000	-0.000
31.641	0.000	-0.000
31.691	0.000	-0.000
31.742	0.000	-0.000
31.792	0.000	-0.000
31.844	0.000	0.000
31.889	0.000	0.000
31.938	0.000	-0.000
31.991	0.000	-0.000
32.043	0.000	0.000
32.087	0.000	0.000
32.137	0.000	0.000
32.191	0.000	0.000
32.242	0.000	0.000
32.290	0.000	-0.000
32.343	0.000	0.000
32.390	0.000	0.000
32.439	0.000	0.000
32.488	0.000	0.000
32.538	0.000	0.000
32.588	0.000	0.000
32.641	0.000	0.000
32.691	0.000	0.000
32.740	0.000	0.000
32.792	0.000	0.000
32.841	0.000	0.000
32.890	0.000	0.000
32.940	0.000	0.000
32.988	0.000	0.000
33.038	0.000	0.000
33.088	0.000	-0.000
33.141	0.000	0.000
33.190	0.000	0.000
33.240	0.000	0.000
33.290	0.000	0.000
33.338	0.000	0.000
33.388	0.000	0.000
33.442	0.000	0.000
33.488	0.000	0.000
33.542	0.000	0.000
33.592	0.000	0.000
33.641	0.000	0.000
33.690	0.000	0.000
33.740	0.000	0.000
33.790	0.000	0.000
33.840	0.000	0.000
33.889	0.000	0.000
33.939	0.000	0.000
33.988	0.000	0.000
34.044	0.000	0.000
34.091	0.000	0.000
34.141	0.000	0.000
34.187	0.000	0.000
34.241	0.000	0.000
34.291	0.000	0.000
34.339	0.000	0.000
34.389	0.000	0.000
34.438	0.000	0.000
34.489	0.000	0.000
34.542	0.000	0.000
34.588	0.000	0.000
34.641	0.000	0.000
34.689	0.000	0.000
34.739	0.000	0.000
34.788	0.000	0.000
34.837	0.000	0.000
34.891	0.000	0.000
34.938	0.000	0.000
34.992	0.000	0.000
35.041	0.000	0.000
35.091	0.000	0.000
35.140	0.000	0.000
35.190	0.000	0.000
35.238	0.000	0.000
35.289	0.000	0.000
35.338	0.000	0.000
35.388	0.000	0.000
35.438	0.000	0.000
35.492	0.000	0.000
35.541	0.000	0.000
35.590	0.000	-0.000
