Time(s)	Extension(mm)	Load(N)
0.001	0.000	-0.000
0.020	0.000	-0.000
0.071	0.000	0.000
0.119	0.000	-0.000
0.170	0.000	-0.000
0.222	0.000	-0.000
0.275	0.000	-0.000
0.323	0.000	-0.000
0.370	0.000	0.000
0.419	0.000	0.000
0.471	0.000	-0.000
0.526	-0.000	-0.000
0.590	-0.000	0.000
0.640	-0.010	-0.000
0.690	-0.010	-0.000
0.747	-0.010	-0.000
0.791	-0.010	-0.000
0.839	-0.020	-0.000
0.890	-0.020	-0.000
0.947	-0.020	0.000
0.988	-0.020	-0.000
1.046	-0.030	-0.000
1.090	-0.030	-0.000
1.147	-0.030	-0.000
1.190	-0.030	-0.000
1.240	-0.040	0.000
1.291	-0.040	0.000
1.338	-0.040	-0.000
1.397	-0.040	-0.000
1.440	-0.050	-0.000
1.497	-0.050	-0.000
1.540	-0.050	0.000
1.588	-0.050	-0.000
1.640	-0.060	-0.000
1.692	-0.060	-0.000
1.742	-0.060	-0.000
1.789	-0.060	-0.000
1.842	-0.070	-0.000
1.898	-0.070	-0.000
1.940	-0.070	-0.000
1.990	-0.070	-0.000
2.038	-0.080	-0.000
2.090	-0.080	0.000
2.138	-0.080	-0.000
2.191	-0.080	-0.000
2.248	-0.090	-0.000
2.289	-0.090	-0.000
2.340	-0.090	-0.000
2.397	-0.090	-0.000
2.440	-0.100	0.000
2.487	-0.100	-0.000
2.540	-0.100	0.000
2.590	-0.100	-0.000
2.649	-0.110	0.000
2.689	-0.110	0.000
2.732	-0.110	-0.000
2.788	-0.110	-0.000
2.838	-0.120	0.000
2.887	-0.120	-0.000
2.940	-0.120	0.000
2.989	-0.120	-0.000
3.040	-0.130	-0.000
3.092	-0.130	-0.000
3.139	-0.130	-0.000
3.189	-0.130	-0.000
3.240	-0.140	-0.000
3.297	-0.140	-0.000
3.340	-0.140	-0.000
3.390	-0.140	-0.000
3.442	-0.150	-0.000
3.490	-0.150	-0.000
3.549	-0.150	-0.000
3.591	-0.150	-0.000
3.639	-0.160	0.000
3.688	-0.160	-0.000
3.739	-0.160	-0.000
3.790	-0.160	-0.000
3.842	-0.170	-0.000
3.890	-0.170	0.000
3.937	-0.170	-0.000
3.990	-0.170	-0.000
4.042	-0.180	-0.000
4.092	-0.180	-0.000
4.139	-0.180	-0.000
4.192	-0.180	-0.000
4.247	-0.190	-0.000
4.298	-0.190	-0.000
4.340	-0.190	-0.000
4.393	-0.190	-0.000
4.446	-0.200	-0.000
4.490	-0.200	-0.000
4.542	-0.200	-0.000
4.590	-0.200	-0.000
4.639	-0.210	-0.000
4.690	-0.210	-0.000
4.746	-0.210	-0.000
4.789	-0.210	-0.000
4.840	-0.220	-0.000
4.892	-0.220	-0.000
4.947	-0.220	-0.000
4.997	-0.220	-0.000
5.040	-0.230	-0.000
5.092	-0.230	-0.000
5.147	-0.230	-0.000
5.198	-0.230	-0.000
5.240	-0.240	0.000
5.289	-0.240	-0.000
5.348	-0.240	-0.000
5.390	-0.240	-0.000
5.447	-0.250	-0.000
5.490	-0.250	-0.000
5.540	-0.250	-0.000
5.591	-0.250	-0.000
5.647	-0.260	-0.000
5.690	-0.260	-0.000
5.740	-0.260	-0.000
5.792	-0.260	-0.000
5.838	-0.270	-0.000
5.888	-0.270	-0.001
5.940	-0.270	-0.002
5.992	-0.270	-0.002
6.048	-0.280	-0.003
6.097	-0.280	-0.003
6.140	-0.280	-0.004
6.190	-0.280	-0.005
6.248	-0.290	-0.006
6.291	-0.290	-0.008
6.347	-0.290	-0.008
6.390	-0.290	-0.009
6.440	-0.300	-0.009
6.490	-0.300	-0.010
6.542	-0.300	-0.011
6.597	-0.300	-0.012
6.638	-0.310	-0.013
6.690	-0.310	-0.013
6.742	-0.310	-0.014
6.792	-0.310	-0.015
6.839	-0.320	-0.016
6.889	-0.320	-0.016
6.940	-0.320	-0.017
6.990	-0.320	-0.019
7.042	-0.330	-0.020
7.090	-0.330	-0.021
7.148	-0.330	-0.021
7.190	-0.330	-0.022
7.242	-0.340	-0.023
7.292	-0.340	-0.024
7.342	-0.340	-0.025
7.389	-0.340	-0.026
7.442	-0.350	-0.027
7.497	-0.350	-0.028
7.547	-0.350	-0.029
7.596	-0.350	-0.030
7.639	-0.360	-0.031
7.690	-0.360	-0.031
7.741	-0.360	-0.032
7.788	-0.360	-0.034
7.840	-0.370	-0.035
7.890	-0.370	-0.036
7.942	-0.370	-0.037
7.991	-0.370	-0.037
8.050	-0.380	-0.038
8.097	-0.380	-0.039
8.140	-0.380	-0.039
8.192	-0.380	-0.040
8.242	-0.390	-0.041
8.296	-0.390	-0.042
8.347	-0.390	-0.042
8.390	-0.390	-0.043
8.440	-0.400	-0.043
8.492	-0.400	-0.044
8.538	-0.400	-0.045
8.597	-0.400	-0.046
8.639	-0.410	-0.047
8.690	-0.410	-0.048
8.740	-0.410	-0.048
8.790	-0.410	-0.049
8.842	-0.420	-0.049
8.889	-0.420	-0.050
8.947	-0.420	-0.051
8.989	-0.420	-0.052
9.039	-0.430	-0.053
9.090	-0.430	-0.053
9.140	-0.430	-0.054
9.191	-0.430	-0.055
9.246	-0.440	-0.056
9.290	-0.440	-0.056
9.339	-0.440	-0.057
9.397	-0.440	-0.059
9.440	-0.450	-0.060
9.489	-0.450	-0.061
9.540	-0.450	-0.061
9.592	-0.450	-0.062
9.638	-0.460	-0.063
9.692	-0.460	-0.064
9.740	-0.460	-0.065
9.789	-0.460	-0.067
9.847	-0.470	-0.068
9.890	-0.470	-0.070
9.942	-0.470	-0.071
9.997	-0.470	-0.072
10.043	-0.480	-0.074
10.089	-0.480	-0.075
10.140	-0.480	-0.078
10.190	-0.480	-0.080
10.240	-0.490	-0.082
10.292	-0.490	-0.084
10.339	-0.490	-0.086
10.396	-0.490	-0.087
10.439	-0.500	-0.089
10.489	-0.500	-0.091
10.540	-0.500	-0.093
10.590	-0.500	-0.096
10.642	-0.510	-0.098
10.688	-0.510	-0.100
10.746	-0.510	-0.101
10.789	-0.510	-0.103
10.840	-0.520	-0.104
10.897	-0.520	-0.106
10.940	-0.520	-0.109
10.993	-0.520	-0.111
11.042	-0.530	-0.114
11.098	-0.530	-0.115
11.140	-0.530	-0.117
11.201	-0.530	-0.119
11.240	-0.540	-0.121
11.292	-0.540	-0.123
11.348	-0.540	-0.126
11.392	-0.540	-0.128
11.440	-0.550	-0.131
11.491	-0.550	-0.133
11.548	-0.550	-0.135
11.591	-0.550	-0.137
11.653	-0.560	-0.139
11.691	-0.560	-0.141
11.749	-0.560	-0.144
11.793	-0.560	-0.147
11.848	-0.570	-0.150
11.892	-0.570	-0.152
11.943	-0.570	-0.154
11.991	-0.570	-0.156
12.043	-0.580	-0.158
12.091	-0.580	-0.160
12.149	-0.580	-0.163
12.199	-0.580	-0.166
12.243	-0.590	-0.169
12.299	-0.590	-0.171
12.343	-0.590	-0.173
12.397	-0.590	-0.174
12.442	-0.600	-0.176
12.499	-0.600	-0.178
12.551	-0.600	-0.180
12.599	-0.600	-0.183
12.641	-0.610	-0.184
12.693	-0.610	-0.185
12.749	-0.610	-0.185
12.793	-0.610	-0.185
12.841	-0.620	-0.186
12.897	-0.620	-0.187
12.949	-0.620	-0.188
13.001	-0.620	-0.189
13.049	-0.630	-0.190
13.091	-0.630	-0.191
13.143	-0.630	-0.192
13.192	-0.630	-0.193
13.249	-0.640	-0.194
13.291	-0.640	-0.195
13.347	-0.640	-0.196
13.390	-0.640	-0.198
13.451	-0.650	-0.199
13.498	-0.650	-0.200
13.543	-0.650	-0.201
13.591	-0.650	-0.201
13.641	-0.660	-0.202
13.698	-0.660	-0.203
13.741	-0.660	-0.204
13.799	-0.660	-0.206
13.841	-0.670	-0.207
13.899	-0.670	-0.208
13.943	-0.670	-0.209
13.997	-0.670	-0.210
14.041	-0.680	-0.211
14.093	-0.680	-0.212
14.141	-0.680	-0.214
14.193	-0.680	-0.216
14.241	-0.690	-0.218
14.299	-0.690	-0.219
14.350	-0.690	-0.220
14.398	-0.690	-0.222
14.441	-0.700	-0.223
14.497	-0.700	-0.224
14.549	-0.700	-0.226
14.593	-0.700	-0.228
14.641	-0.710	-0.230
14.699	-0.710	-0.231
14.741	-0.710	-0.233
14.802	-0.710	-0.234
14.841	-0.720	-0.236
14.893	-0.720	-0.238
14.949	-0.720	-0.240
14.997	-0.720	-0.243
15.042	-0.730	-0.245
15.093	-0.730	-0.247
15.141	-0.730	-0.249
15.193	-0.730	-0.251
15.248	-0.740	-0.253
15.293	-0.740	-0.255
15.341	-0.740	-0.258
15.399	-0.740	-0.261
15.449	-0.750	-0.263
15.493	-0.750	-0.266
15.549	-0.750	-0.268
15.593	-0.750	-0.270
15.649	-0.760	-0.272
15.693	-0.760	-0.274
15.741	-0.760	-0.277
15.793	-0.760	-0.280
15.849	-0.770	-0.282
15.893	-0.770	-0.285
15.949	-0.770	-0.287
15.991	-0.770	-0.289
16.048	-0.780	-0.291
16.093	-0.780	-0.293
16.141	-0.780	-0.296
16.192	-0.780	-0.299
16.248	-0.790	-0.302
16.291	-0.790	-0.305
16.343	-0.790	-0.307
16.391	-0.790	-0.309
16.448	-0.800	-0.311
16.493	-0.800	-0.313
16.551	-0.800	-0.317
16.600	-0.800	-0.320
16.648	-0.810	-0.323
16.700	-0.810	-0.325
16.743	-0.810	-0.328
16.792	-0.810	-0.330
16.849	-0.820	-0.332
16.891	-0.820	-0.335
16.948	-0.820	-0.338
16.991	-0.820	-0.341
17.051	-0.830	-0.344
17.098	-0.830	-0.347
17.143	-0.830	-0.349
17.199	-0.830	-0.352
17.242	-0.840	-0.354
17.298	-0.840	-0.357
17.349	-0.840	-0.360
17.393	-0.840	-0.364
17.448	-0.850	-0.367
17.493	-0.850	-0.370
17.549	-0.850	-0.373
17.591	-0.850	-0.375
17.647	-0.860	-0.377
17.699	-0.860	-0.380
17.743	-0.860	-0.384
17.798	-0.860	-0.387
17.842	-0.870	-0.391
17.891	-0.870	-0.394
17.951	-0.870	-0.396
17.998	-0.870	-0.398
18.049	-0.880	-0.401
18.093	-0.880	-0.404
18.148	-0.880	-0.408
18.192	-0.880	-0.412
18.249	-0.890	-0.415
18.293	-0.890	-0.418
18.347	-0.890	-0.420
18.399	-0.890	-0.422
18.443	-0.900	-0.425
18.498	-0.900	-0.428
18.541	-0.900	-0.432
18.599	-0.900	-0.436
18.643	-0.910	-0.439
18.694	-0.910	-0.442
18.742	-0.910	-0.444
18.793	-0.910	-0.447
18.841	-0.920	-0.449
18.891	-0.920	-0.453
18.949	-0.920	-0.456
18.993	-0.920	-0.460
19.047	-0.930	-0.464
19.091	-0.930	-0.466
19.143	-0.930	-0.469
19.199	-0.930	-0.471
19.242	-0.940	-0.474
19.299	-0.940	-0.477
19.343	-0.940	-0.481
19.397	-0.940	-0.485
19.441	-0.950	-0.488
19.493	-0.950	-0.491
19.549	-0.950	-0.493
19.591	-0.950	-0.496
19.648	-0.960	-0.499
19.693	-0.960	-0.502
19.753	-0.960	-0.506
19.791	-0.960	-0.509
19.843	-0.970	-0.513
19.899	-0.970	-0.516
19.941	-0.970	-0.519
19.998	-0.970	-0.521
20.043	-0.980	-0.524
20.099	-0.980	-0.527
20.141	-0.980	-0.531
20.202	-0.980	-0.535
20.239	-0.990	-0.538
20.292	-0.990	-0.541
20.349	-0.990	-0.544
20.393	-0.990	-0.547
20.440	-1.000	-0.549
20.493	-1.000	-0.553
20.549	-1.000	-0.557
20.593	-1.000	-0.560
20.653	-1.010	-0.564
20.690	-1.010	-0.568
20.749	-1.010	-0.570
20.793	-1.010	-0.573
20.848	-1.020	-0.576
20.892	-1.020	-0.579
20.944	-1.020	-0.583
20.992	-1.020	-0.587
21.043	-1.030	-0.590
21.092	-1.030	-0.594
21.149	-1.030	-0.596
21.191	-1.030	-0.599
21.248	-1.040	-0.602
21.300	-1.040	-0.605
21.344	-1.040	-0.609
21.399	-1.040	-0.613
21.443	-1.050	-0.617
21.492	-1.050	-0.620
21.554	-1.050	-0.623
21.590	-1.050	-0.625
21.643	-1.060	-0.628
21.700	-1.060	-0.632
21.743	-1.060	-0.636
21.799	-1.060	-0.640
21.843	-1.070	-0.643
21.891	-1.070	-0.646
21.943	-1.070	-0.649
21.989	-1.070	-0.652
22.043	-1.080	-0.655
22.099	-1.080	-0.658
22.142	-1.080	-0.662
22.199	-1.080	-0.667
22.243	-1.090	-0.670
22.299	-1.090	-0.673
22.343	-1.090	-0.676
22.399	-1.090	-0.678
22.451	-1.100	-0.682
22.497	-1.100	-0.685
22.543	-1.100	-0.689
22.599	-1.100	-0.693
22.642	-1.110	-0.697
22.699	-1.110	-0.700
22.741	-1.110	-0.703
22.799	-1.110	-0.706
22.841	-1.120	-0.709
22.899	-1.120	-0.713
22.943	-1.120	-0.716
22.998	-1.120	-0.720
23.043	-1.130	-0.724
23.097	-1.130	-0.727
23.141	-1.130	-0.730
23.193	-1.130	-0.733
23.241	-1.140	-0.736
23.299	-1.140	-0.739
23.351	-1.140	-0.743
23.398	-1.140	-0.747
23.439	-1.150	-0.751
23.497	-1.150	-0.755
23.549	-1.150	-0.757
23.593	-1.150	-0.760
23.640	-1.160	-0.763
23.699	-1.160	-0.767
23.740	-1.160	-0.770
23.803	-1.160	-0.775
23.839	-1.170	-0.778
23.893	-1.170	-0.782
23.949	-1.170	-0.785
23.994	-1.170	-0.788
24.041	-1.180	-0.791
24.093	-1.180	-0.794
24.141	-1.180	-0.798
24.193	-1.180	-0.802
24.240	-1.190	-0.806
24.292	-1.190	-0.810
24.341	-1.190	-0.812
24.394	-1.190	-0.815
24.449	-1.200	-0.818
24.493	-1.200	-0.822
24.549	-1.200	-0.826
24.593	-1.200	-0.830
24.649	-1.210	-0.834
24.693	-1.210	-0.837
24.739	-1.210	-0.840
24.793	-1.210	-0.842
24.849	-1.220	-0.845
24.891	-1.220	-0.849
24.943	-1.220	-0.853
24.990	-1.220	-0.857
25.043	-1.230	-0.861
25.093	-1.230	-0.864
25.149	-1.230	-0.867
25.191	-1.230	-0.870
25.249	-1.240	-0.873
25.291	-1.240	-0.876
25.344	-1.240	-0.881
25.391	-1.240	-0.885
25.441	-1.250	-0.888
25.493	-1.250	-0.892
25.543	-1.250	-0.895
25.591	-1.250	-0.896
25.633	-1.150	-0.896
25.682	-1.030	-0.866
25.733	-0.900	-0.675
25.783	-0.750	-0.470
25.838	-0.580	-0.307
25.883	-0.410	-0.205
25.933	-0.230	-0.080
25.982	-0.050	0.001
26.030	0.000	-0.002
26.077	0.000	-0.002
26.126	0.000	-0.002
26.172	0.000	-0.002
26.221	0.000	-0.002
26.273	0.000	-0.002
26.323	0.000	-0.002
26.376	0.000	-0.002
26.421	0.000	-0.002
26.473	0.000	-0.002
26.525	0.000	-0.002
26.574	0.000	-0.002
26.621	0.000	-0.002
26.671	0.000	-0.001
26.723	0.000	-0.002
26.773	0.000	-0.001
26.826	0.000	-0.001
26.873	0.000	-0.001
26.922	0.000	-0.001
26.973	0.000	-0.001
27.021	0.000	-0.001
27.073	0.000	-0.001
27.123	0.000	-0.001
27.171	0.000	-0.001
27.223	0.000	-0.001
27.276	0.000	-0.001
27.325	0.000	-0.001
27.375	0.000	-0.001
27.421	0.000	-0.001
27.472	0.000	-0.001
27.523	0.000	-0.001
27.571	0.000	-0.001
27.623	0.000	-0.001
27.672	0.000	-0.001
27.725	0.000	-0.001
27.772	0.000	-0.001
27.822	0.000	-0.001
27.875	0.000	-0.001
27.921	0.000	-0.001
27.973	0.000	-0.001
28.022	0.000	-0.001
28.075	0.000	-0.001
28.121	0.000	-0.001
28.173	0.000	-0.001
28.223	0.000	-0.001
28.271	0.000	-0.001
28.323	0.000	-0.001
