21.729	-20.773	0
21.743	-20.751	0
21.757	-20.728	0
21.771	-20.705	0
21.785	-20.682	0
21.799	-20.66	0
21.813	-20.637	0
21.827	-20.614	0
21.841	-20.591	0
21.855	-20.568	0
21.869	-20.546	0
21.883	-20.523	0
21.897	-20.5	0
21.911	-20.477	0
21.925	-20.454	0
21.939	-20.431	0
21.952	-20.409	0
21.966	-20.386	0
21.98	-20.363	0
21.994	-20.34	0
22.007	-20.317	0
22.021	-20.294	0
22.035	-20.271	0
22.048	-20.248	0
22.062	-20.225	0
22.076	-20.202	0
22.089	-20.179	0
22.103	-20.157	0
22.116	-20.134	0
22.13	-20.111	0
22.144	-20.088	0
22.157	-20.065	0
22.17	-20.042	0
22.184	-20.019	0
22.197	-19.996	0
22.211	-19.972	0
22.224	-19.949	0
22.237	-19.926	0
22.251	-19.903	0
22.264	-19.88	0
22.277	-19.857	0
22.291	-19.834	0
22.304	-19.811	0
22.317	-19.788	0
22.33	-19.765	0
22.344	-19.742	0
22.357	-19.719	0
22.37	-19.695	0
22.383	-19.672	0
22.396	-19.649	0
22.409	-19.626	0
22.422	-19.603	0
22.435	-19.58	0
22.448	-19.556	0
22.461	-19.533	0
22.474	-19.51	0
22.487	-19.487	0
22.5	-19.464	0
22.513	-19.44	0
22.526	-19.417	0
22.539	-19.394	0
22.551	-19.371	0
22.564	-19.347	0
22.577	-19.324	0
22.59	-19.301	0
22.602	-19.278	0
22.615	-19.254	0
22.628	-19.231	0
22.64	-19.208	0
22.653	-19.184	0
22.666	-19.161	0
22.678	-19.138	0
22.691	-19.115	0
22.703	-19.091	0
22.716	-19.068	0
22.728	-19.044	0
22.741	-19.021	0
22.753	-18.998	0
22.766	-18.974	0
22.778	-18.951	0
22.791	-18.928	0
22.803	-18.904	0
22.815	-18.881	0
22.828	-18.857	0
22.84	-18.834	0
22.852	-18.81	0
22.865	-18.787	0
22.877	-18.764	0
22.889	-18.74	0
22.901	-18.717	0
22.913	-18.693	0
22.926	-18.67	0
22.938	-18.646	0
22.95	-18.623	0
22.962	-18.599	0
22.974	-18.576	0
22.986	-18.552	0
22.998	-18.529	0
23.01	-18.505	0
23.022	-18.482	0
23.034	-18.458	0
23.046	-18.435	0
23.058	-18.411	0
23.07	-18.387	0
23.082	-18.364	0
23.093	-18.34	0
23.105	-18.317	0
23.117	-18.293	0
23.129	-18.269	0
23.14	-18.246	0
23.152	-18.222	0
23.164	-18.199	0
23.176	-18.175	0
23.187	-18.151	0
23.199	-18.128	0
23.21	-18.104	0
23.222	-18.08	0
23.234	-18.057	0
23.245	-18.033	0
23.257	-18.009	0
23.268	-17.986	0
23.28	-17.962	0
23.291	-17.938	0
23.303	-17.915	0
23.314	-17.891	0
23.325	-17.867	0
23.337	-17.843	0
23.348	-17.82	0
23.359	-17.796	0
23.371	-17.772	0
23.382	-17.749	0
23.393	-17.725	0
23.404	-17.701	0
23.416	-17.677	0
23.427	-17.653	0
23.438	-17.63	0
23.449	-17.606	0
23.46	-17.582	0
23.471	-17.558	0
23.482	-17.534	0
23.494	-17.511	0
23.505	-17.487	0
23.516	-17.463	0
23.527	-17.439	0
23.538	-17.415	0
23.548	-17.391	0
23.559	-17.368	0
23.57	-17.344	0
23.581	-17.32	0
23.592	-17.296	0
23.603	-17.272	0
23.614	-17.248	0
23.624	-17.224	0
23.635	-17.2	0
23.646	-17.177	0
23.657	-17.153	0
23.667	-17.129	0
23.678	-17.105	0
23.689	-17.081	0
23.699	-17.057	0
23.71	-17.033	0
23.72	-17.009	0
23.731	-16.985	0
23.742	-16.961	0
23.752	-16.937	0
23.763	-16.913	0
23.773	-16.889	0
23.783	-16.865	0
23.794	-16.841	0
23.804	-16.817	0
23.815	-16.793	0
23.825	-16.769	0
23.835	-16.745	0
23.846	-16.721	0
23.856	-16.697	0
23.866	-16.673	0
23.876	-16.649	0
23.887	-16.625	0
23.897	-16.601	0
23.907	-16.577	0
23.917	-16.553	0
23.927	-16.529	0
23.937	-16.505	0
23.948	-16.481	0
23.958	-16.457	0
23.968	-16.432	0
23.978	-16.408	0
23.988	-16.384	0
23.998	-16.36	0
24.008	-16.336	0
24.018	-16.312	0
24.027	-16.288	0
24.037	-16.264	0
24.047	-16.24	0
24.057	-16.215	0
24.067	-16.191	0
24.077	-16.167	0
24.086	-16.143	0
24.096	-16.119	0
24.106	-16.095	0
24.116	-16.07	0
24.125	-16.046	0
24.135	-16.022	0
24.145	-15.998	0
24.154	-15.974	0
24.164	-15.95	0
24.173	-15.925	0
24.183	-15.901	0
24.192	-15.877	0
24.202	-15.853	0
24.211	-15.828	0
24.221	-15.804	0
24.23	-15.78	0
24.24	-15.756	0
24.249	-15.732	0
24.258	-15.707	0
24.268	-15.683	0
24.277	-15.659	0
24.286	-15.635	0
24.296	-15.61	0
24.305	-15.586	0
24.314	-15.562	0
24.323	-15.537	0
24.333	-15.513	0
24.342	-15.489	0
24.351	-15.465	0
24.36	-15.44	0
24.369	-15.416	0
24.378	-15.392	0
24.387	-15.367	0
24.396	-15.343	0
24.405	-15.319	0
24.414	-15.294	0
24.423	-15.27	0
24.432	-15.246	0
24.441	-15.221	0
24.45	-15.197	0
24.459	-15.173	0
24.468	-15.148	0
24.476	-15.124	0
24.485	-15.1	0
24.494	-15.075	0
24.503	-15.051	0
24.512	-15.026	0
24.52	-15.002	0
24.529	-14.978	0
24.538	-14.953	0
24.546	-14.929	0
24.555	-14.904	0
24.564	-14.88	0
24.572	-14.856	0
24.581	-14.831	0
24.589	-14.807	0
24.598	-14.782	0
24.606	-14.758	0
24.615	-14.734	0
24.623	-14.709	0
24.632	-14.685	0
24.64	-14.66	0
24.648	-14.636	0
24.657	-14.611	0
24.665	-14.587	0
24.673	-14.562	0
24.682	-14.538	0
24.69	-14.513	0
24.698	-14.489	0
24.706	-14.464	0
24.714	-14.44	0
24.723	-14.416	0
24.731	-14.391	0
24.739	-14.367	0
24.747	-14.342	0
24.755	-14.318	0
24.763	-14.293	0
24.771	-14.269	0
24.779	-14.244	0
24.787	-14.219	0
24.795	-14.195	0
24.803	-14.17	0
24.811	-14.146	0
24.819	-14.121	0
24.827	-14.097	0
24.835	-14.072	0
24.843	-14.048	0
24.85	-14.023	0
24.858	-13.999	0
24.866	-13.974	0
24.874	-13.95	0
24.881	-13.925	0
24.889	-13.9	0
24.897	-13.876	0
24.904	-13.851	0
24.912	-13.827	0
24.92	-13.802	0
24.927	-13.778	0
24.935	-13.753	0
24.942	-13.728	0
24.95	-13.704	0
24.957	-13.679	0
24.965	-13.655	0
24.972	-13.63	0
24.98	-13.605	0
24.987	-13.581	0
24.995	-13.556	0
25.002	-13.531	0
25.009	-13.507	0
25.017	-13.482	0
25.024	-13.458	0
25.031	-13.433	0
25.038	-13.408	0
25.046	-13.384	0
25.053	-13.359	0
25.06	-13.334	0
25.067	-13.31	0
25.074	-13.285	0
25.082	-13.26	0
25.089	-13.236	0
25.096	-13.211	0
25.103	-13.186	0
25.11	-13.162	0
25.117	-13.137	0
25.124	-13.112	0
25.131	-13.088	0
25.138	-13.063	0
25.145	-13.038	0
25.151	-13.014	0
25.158	-12.989	0
25.165	-12.964	0
25.172	-12.94	0
25.179	-12.915	0
25.186	-12.89	0
25.192	-12.866	0
25.199	-12.841	0
25.206	-12.816	0
25.213	-12.791	0
25.219	-12.767	0
25.226	-12.742	0
25.232	-12.717	0
25.239	-12.693	0
25.246	-12.668	0
25.252	-12.643	0
25.259	-12.618	0
25.265	-12.594	0
25.272	-12.569	0
25.278	-12.544	0
25.285	-12.519	0
25.291	-12.495	0
25.298	-12.47	0
25.304	-12.445	0
25.31	-12.42	0
25.317	-12.396	0
25.323	-12.371	0
25.329	-12.346	0
25.335	-12.321	0
25.342	-12.297	0
25.348	-12.272	0
25.354	-12.247	0
25.36	-12.222	0
25.366	-12.197	0
25.373	-12.173	0
25.379	-12.148	0
25.385	-12.123	0
25.391	-12.098	0
25.397	-12.074	0
25.403	-12.049	0
25.409	-12.024	0
25.415	-11.999	0
25.421	-11.974	0
25.427	-11.95	0
25.433	-11.925	0
25.439	-11.9	0
25.445	-11.875	0
25.45	-11.85	0
25.456	-11.826	0
25.462	-11.801	0
25.468	-11.776	0
25.474	-11.751	0
25.479	-11.726	0
25.485	-11.701	0
25.491	-11.677	0
25.496	-11.652	0
25.502	-11.627	0
25.508	-11.602	0
25.513	-11.577	0
25.519	-11.552	0
25.524	-11.528	0
25.53	-11.503	0
25.535	-11.478	0
25.541	-11.453	0
25.546	-11.428	0
25.552	-11.403	0
25.557	-11.379	0
25.563	-11.354	0
25.568	-11.329	0
25.573	-11.304	0
25.579	-11.279	0
25.584	-11.254	0
25.589	-11.229	0
25.595	-11.205	0
25.6	-11.18	0
25.605	-11.155	0
25.61	-11.13	0
25.615	-11.105	0
25.621	-11.08	0
25.626	-11.055	0
25.631	-11.03	0
25.636	-11.006	0
25.641	-10.981	0
25.646	-10.956	0
25.651	-10.931	0
25.656	-10.906	0
25.661	-10.881	0
25.666	-10.856	0
25.671	-10.831	0
25.676	-10.806	0
25.681	-10.782	0
25.686	-10.757	0
25.691	-10.732	0
25.695	-10.707	0
25.7	-10.682	0
25.705	-10.657	0
25.71	-10.632	0
25.714	-10.607	0
25.719	-10.582	0
25.724	-10.557	0
25.729	-10.533	0
25.733	-10.508	0
25.738	-10.483	0
25.742	-10.458	0
25.747	-10.433	0
25.752	-10.408	0
25.756	-10.383	0
25.761	-10.358	0
25.765	-10.333	0
25.77	-10.308	0
25.774	-10.283	0
25.778	-10.258	0
25.783	-10.233	0
25.787	-10.209	0
25.792	-10.184	0
25.796	-10.159	0
25.8	-10.134	0
25.805	-10.109	0
25.809	-10.084	0
25.813	-10.059	0
25.817	-10.034	0
25.822	-10.009	0
25.826	-9.9841	0
25.83	-9.9591	0
25.834	-9.9341	0
25.838	-9.9092	0
25.842	-9.8842	0
25.846	-9.8593	0
25.851	-9.8343	0
25.855	-9.8093	0
25.859	-9.7844	0
25.863	-9.7594	0
25.867	-9.7344	0
25.871	-9.7095	0
25.874	-9.6845	0
25.878	-9.6595	0
25.882	-9.6346	0
25.886	-9.6096	0
25.89	-9.5846	0
25.894	-9.5596	0
25.898	-9.5346	0
25.901	-9.5096	0
25.905	-9.4847	0
25.909	-9.4597	0
25.913	-9.4347	0
25.916	-9.4097	0
25.92	-9.3847	0
25.924	-9.3597	0
25.927	-9.3347	0
25.931	-9.3097	0
25.934	-9.2847	0
25.938	-9.2597	0
25.942	-9.2347	0
25.945	-9.2097	0
25.949	-9.1846	0
25.952	-9.1596	0
25.956	-9.1346	0
25.959	-9.1096	0
25.962	-9.0846	0
25.966	-9.0595	0
25.969	-9.0345	0
25.973	-9.0095	0
25.976	-8.9845	0
25.979	-8.9594	0
25.982	-8.9344	0
25.986	-8.9093	0
25.989	-8.8843	0
25.992	-8.8593	0
25.995	-8.8342	0
25.999	-8.8092	0
26.002	-8.7841	0
26.005	-8.7591	0
26.008	-8.734	0
26.011	-8.7089	0
26.014	-8.6839	0
26.017	-8.6588	0
26.02	-8.6337	0
26.023	-8.6087	0
26.026	-8.5836	0
26.029	-8.5585	0
26.032	-8.5334	0
26.035	-8.5083	0
26.038	-8.4833	0
26.041	-8.4582	0
26.044	-8.4331	0
26.047	-8.408	0
26.05	-8.3829	0
26.052	-8.3578	0
26.055	-8.3327	0
26.058	-8.3075	0
26.061	-8.2824	0
26.063	-8.2573	0
26.066	-8.2322	0
26.069	-8.2071	0
26.071	-8.1819	0
26.074	-8.1568	0
26.077	-8.1317	0
26.079	-8.1065	0
26.082	-8.0814	0
26.084	-8.0562	0
26.087	-8.0311	0
26.09	-8.0059	0
26.092	-7.9807	0
26.094	-7.9556	0
26.097	-7.9304	0
26.099	-7.9052	0
26.102	-7.8801	0
26.104	-7.8549	0
26.107	-7.8297	0
26.109	-7.8045	0
26.111	-7.7793	0
26.114	-7.7541	0
26.116	-7.7289	0
26.118	-7.7037	0
26.12	-7.6784	0
26.123	-7.6532	0
26.125	-7.628	0
26.127	-7.6027	0
26.129	-7.5775	0
26.131	-7.5523	0
26.134	-7.527	0
26.136	-7.5017	0
26.138	-7.4765	0
26.14	-7.4512	0
26.142	-7.4259	0
26.144	-7.4006	0
26.146	-7.3753	0
26.148	-7.35	0
26.15	-7.3247	0
26.152	-7.2994	0
26.154	-7.2741	0
26.156	-7.2488	0
26.158	-7.2234	0
26.16	-7.1981	0
26.161	-7.1728	0
26.163	-7.1474	0
26.165	-7.122	0
26.167	-7.0967	0
26.169	-7.0713	0
26.171	-7.0459	0
26.172	-7.0205	0
26.174	-6.9951	0
26.176	-6.9697	0
26.177	-6.9443	0
26.179	-6.9188	0
26.181	-6.8934	0
26.182	-6.868	0
26.184	-6.8425	0
26.186	-6.817	0
26.187	-6.7915	0
26.189	-6.7661	0
26.19	-6.7406	0
26.192	-6.7151	0
26.193	-6.6895	0
26.195	-6.664	0
26.196	-6.6385	0
26.198	-6.6129	0
26.199	-6.5874	0
26.201	-6.5618	0
26.202	-6.5362	0
26.203	-6.5106	0
26.205	-6.485	0
26.206	-6.4594	0
26.207	-6.4337	0
26.209	-6.4081	0
26.21	-6.3824	0
26.211	-6.3568	0
26.212	-6.3311	0
26.214	-6.3054	0
26.215	-6.2796	0
26.216	-6.2539	0
26.217	-6.2282	0
26.218	-6.2024	0
26.22	-6.1766	0
26.221	-6.1509	0
26.222	-6.1251	0
26.223	-6.0992	0
26.224	-6.0734	0
26.225	-6.0475	0
26.226	-6.0217	0
26.227	-5.9958	0
26.228	-5.9699	0
26.229	-5.944	0
26.23	-5.918	0
26.231	-5.8921	0
26.232	-5.8661	0
26.233	-5.8401	0
26.234	-5.8141	0
26.235	-5.7881	0
26.235	-5.7621	0
26.236	-5.736	0
26.237	-5.71	0
26.238	-5.6839	0
26.239	-5.6578	0
26.24	-5.6317	0
26.24	-5.6055	0
26.241	-5.5794	0
26.242	-5.5532	0
26.243	-5.527	0
26.243	-5.5008	0
26.244	-5.4745	0
26.245	-5.4483	0
26.245	-5.422	0
26.246	-5.3957	0
26.246	-5.3694	0
26.247	-5.3431	0
26.248	-5.3168	0
26.248	-5.2904	0
26.249	-5.264	0
26.249	-5.2376	0
26.25	-5.2112	0
26.25	-5.1848	0
26.251	-5.1583	0
26.251	-5.1318	0
26.252	-5.1053	0
26.252	-5.0788	0
26.253	-5.0523	0
26.253	-5.0257	0
26.254	-4.9991	0
26.254	-4.9725	0
26.254	-4.9459	0
26.255	-4.9193	0
26.255	-4.8926	0
26.255	-4.8659	0
26.256	-4.8392	0
26.256	-4.8125	0
26.256	-4.7858	0
26.257	-4.759	0
26.257	-4.7322	0
26.257	-4.7054	0
26.257	-4.6786	0
26.257	-4.6517	0
26.258	-4.6249	0
26.258	-4.598	0
26.258	-4.5711	0
26.258	-4.5441	0
26.258	-4.5172	0
26.258	-4.4902	0
26.259	-4.4632	0
26.259	-4.4361	0
26.259	-4.4091	0
26.259	-4.382	0
26.259	-4.3549	0
26.259	-4.3278	0
26.259	-4.3007	0
26.259	-4.2735	0
26.259	-4.2463	0
26.259	-4.2191	0
26.259	-4.1919	0
26.259	-4.1647	0
26.259	-4.1374	0
26.259	-4.1101	0
26.259	-4.0828	0
26.259	-4.0554	0
26.259	-4.0281	0
26.258	-4.0007	0
26.258	-3.9733	0
26.258	-3.9459	0
26.258	-3.9184	0
26.258	-3.8909	0
26.258	-3.8634	0
26.257	-3.8359	0
26.257	-3.8084	0
26.257	-3.7808	0
26.257	-3.7532	0
26.257	-3.7256	0
26.256	-3.6979	0
26.256	-3.6703	0
26.256	-3.6426	0
26.256	-3.6149	0
26.255	-3.5872	0
26.255	-3.5594	0
26.255	-3.5317	0
26.254	-3.5039	0
26.254	-3.476	0
26.254	-3.4482	0
26.253	-3.4204	0
26.253	-3.3937	0
26.252	-3.3676	0
26.252	-3.3419	0
26.252	-3.3167	0
26.251	-3.2918	0
26.251	-3.2671	0
26.25	-3.2428	0
26.25	-3.2186	0
26.249	-3.1946	0
26.249	-3.1708	0
26.248	-3.1471	0
26.248	-3.1236	0
26.247	-3.1002	0
26.247	-3.077	0
26.246	-3.0538	0
26.245	-3.0307	0
26.245	-3.0079	0
26.244	-2.985	0
26.243	-2.9623	0
26.243	-2.9397	0
26.242	-2.9172	0
26.241	-2.8947	0
26.241	-2.8724	0
26.24	-2.8502	0
26.239	-2.8279	0
26.238	-2.8059	0
26.237	-2.7839	0
26.236	-2.762	0
26.235	-2.7402	0
26.234	-2.7184	0
26.233	-2.6968	0
26.232	-2.6751	0
26.231	-2.6537	0
26.23	-2.6323	0
26.229	-2.611	0
26.228	-2.5897	0
26.227	-2.5686	0
26.226	-2.5475	0
26.225	-2.5265	0
26.224	-2.5056	0
26.223	-2.4849	0
26.221	-2.4642	0
26.22	-2.4435	0
26.219	-2.423	0
26.218	-2.4026	0
26.216	-2.3823	0
26.215	-2.362	0
26.214	-2.3419	0
26.212	-2.3218	0
26.211	-2.3019	0
26.209	-2.2821	0
26.208	-2.2624	0
26.206	-2.2428	0
26.205	-2.2233	0
26.203	-2.2039	0
26.202	-2.1847	0
26.2	-2.1655	0
26.199	-2.1465	0
26.197	-2.1274	0
26.196	-2.1084	0
26.194	-2.0895	0
26.192	-2.0708	0
26.191	-2.052	0
26.189	-2.0332	0
26.187	-2.0145	0
26.185	-1.996	0
26.184	-1.9776	0
26.182	-1.959	0
26.18	-1.9406	0
26.178	-1.9222	0
26.176	-1.9041	0
26.174	-1.8859	0
26.172	-1.8676	0
26.17	-1.8496	0
26.168	-1.8316	0
26.166	-1.8138	0
26.164	-1.7958	0
26.162	-1.778	0
26.16	-1.7603	0
26.158	-1.7429	0
26.156	-1.7251	0
26.154	-1.7076	0
26.152	-1.6903	0
26.15	-1.6731	0
26.147	-1.6556	0
26.145	-1.6384	0
26.143	-1.6214	0
26.141	-1.6045	0
26.138	-1.5874	0
26.136	-1.5705	0
26.134	-1.5538	0
26.131	-1.5371	0
26.129	-1.5203	0
26.127	-1.5037	0
26.124	-1.4874	0
26.122	-1.4707	0
26.119	-1.4543	0
26.117	-1.4381	0
26.114	-1.4217	0
26.112	-1.4053	0
26.109	-1.3892	0
26.107	-1.373	0
26.104	-1.3566	0
26.102	-1.3406	0
26.099	-1.3244	0
26.096	-1.3079	0
26.093	-1.2917	0
26.091	-1.2753	0
26.088	-1.2585	0
26.085	-1.2421	0
26.082	-1.225	0
26.079	-1.2078	0
26.076	-1.1907	0
26.073	-1.1724	0
26.069	-1.1544	0
26.066	-1.1353	0
26.062	-1.1158	0
26.058	-1.0956	0
26.054	-1.074	0
26.05	-1.0518	0
26.046	-1.0275	0
26.041	-1.0021	0
26.035	-0.97388	0
26.029	-0.94355	0
26.023	-0.91019	0
26.016	-0.87398	0
26.009	-0.83482	0
26.001	-0.79248	0
25.992	-0.74686	0
25.983	-0.698	0
25.973	-0.64514	0
25.963	-0.58923	0
25.952	-0.52822	0
25.941	-0.46451	0
25.93	-0.39446	0
25.917	-0.32114	0
25.905	-0.24215	0
25.892	-0.15814	0
25.879	-0.069606	0
25.866	0.025928	0
25.852	0.12574	0
25.839	0.23213	0
25.826	0.34424	0
25.814	0.46082	0
25.802	0.58496	0
25.791	0.71329	0
25.781	0.84631	0
25.772	0.98522	0
25.765	1.127	0
25.76	1.2726	0
25.756	1.4218	0
25.755	1.5719	0
25.755	1.724	0
25.757	1.877	0
25.762	2.0287	0
25.768	2.1801	0
25.777	2.3303	0
25.787	2.477	0
25.799	2.6213	0
25.812	2.7629	0
25.827	2.8997	0
25.843	3.0322	0
25.86	3.1617	0
25.878	3.2857	0
25.896	3.4043	0
25.915	3.5202	0
25.935	3.6306	0
25.954	3.7357	0
25.974	3.8372	0
25.994	3.9346	0
26.013	4.0271	0
26.032	4.1153	0
26.052	4.201	0
26.071	4.2823	0
26.089	4.3595	0
26.108	4.4338	0
26.126	4.5049	0
26.143	4.5725	0
26.16	4.6368	0
26.176	4.6967	0
26.192	4.7537	0
26.207	4.8082	0
26.222	4.8597	0
26.235	4.9079	0
26.249	4.954	0
26.262	4.9983	0
26.274	5.0398	0
26.286	5.0792	0
26.297	5.1172	0
26.308	5.1538	0
26.318	5.1878	0
26.329	5.2206	0
26.338	5.2525	0
26.348	5.2829	0
26.357	5.3116	0
26.365	5.3395	0
26.374	5.3667	0
26.382	5.3925	0
26.39	5.4172	0
26.397	5.4414	0
26.405	5.4651	0
26.412	5.4873	0
26.418	5.509	0
26.425	5.5304	0
26.432	5.5512	0
26.438	5.5708	0
26.444	5.5902	0
26.45	5.6094	0
26.456	5.6279	0
26.462	5.6456	0
26.467	5.6633	0
26.473	5.6807	0
26.478	5.6974	0
26.483	5.7137	0
26.488	5.73	0
26.493	5.7461	0
26.498	5.7613	0
26.503	5.7765	0
26.507	5.7917	0
26.512	5.8066	0
26.516	5.8209	0
26.521	5.8352	0
26.525	5.8496	0
26.53	5.8635	0
26.534	5.8771	0
26.538	5.8907	0
26.542	5.9044	0
26.546	5.9176	0
26.55	5.9306	0
26.554	5.9437	0
26.558	5.9569	0
26.562	5.9694	0
26.566	5.982	0
26.569	5.9947	0
26.573	6.0073	0
26.577	6.0195	0
26.581	6.0317	0
26.584	6.0441	0
26.588	6.0563	0
26.591	6.0682	0
26.595	6.0802	0
26.598	6.0923	0
26.602	6.1042	0
26.605	6.1159	0
26.609	6.1277	0
26.612	6.1396	0
26.615	6.1512	0
26.619	6.1628	0
26.622	6.1744	0
26.625	6.1862	0
26.629	6.1977	0
26.632	6.2093	0
26.635	6.2211	0
26.638	6.2329	0
26.642	6.2447	0
26.645	6.2566	0
26.648	6.2687	0
26.652	6.2807	0
26.655	6.2929	0
26.658	6.3051	0
26.662	6.3174	0
26.665	6.3297	0
26.668	6.3421	0
26.672	6.3546	0
26.675	6.3671	0
26.678	6.3797	0
26.682	6.3923	0
26.685	6.405	0
26.688	6.4176	0
26.692	6.4304	0
26.695	6.4432	0
26.698	6.456	0
26.702	6.4688	0
26.705	6.4817	0
26.708	6.4946	0
26.712	6.5076	0
26.715	6.5205	0
26.718	6.5335	0
26.722	6.5465	0
26.725	6.5595	0
26.728	6.5725	0
26.731	6.5855	0
26.735	6.5985	0
26.738	6.6116	0
26.741	6.6245	0
26.744	6.6376	0
26.748	6.6505	0
26.751	6.6635	0
26.754	6.6763	0
26.757	6.6892	0
26.76	6.702	0
26.763	6.7148	0
26.766	6.7273	0
26.769	6.7398	0
26.772	6.7522	0
26.775	6.7643	0
26.778	6.7762	0
26.78	6.7878	0
26.783	6.799	0
26.786	6.8103	0
26.788	6.8217	0
26.791	6.8331	0
26.794	6.8447	0
26.796	6.8563	0
26.799	6.868	0
26.801	6.8798	0
26.804	6.8917	0
26.807	6.9036	0
26.809	6.9157	0
26.812	6.9278	0
26.815	6.9399	0
26.817	6.9522	0
26.82	6.9645	0
26.823	6.9769	0
26.825	6.9894	0
26.828	7.0019	0
26.831	7.0145	0
26.833	7.0272	0
26.836	7.0399	0
26.839	7.0528	0
26.841	7.0656	0
26.844	7.0786	0
26.847	7.0916	0
26.849	7.1047	0
26.852	7.1179	0
26.855	7.1311	0
26.857	7.1444	0
26.86	7.1577	0
26.863	7.1711	0
26.865	7.1846	0
26.868	7.1982	0
26.87	7.2118	0
26.873	7.2254	0
26.876	7.2391	0
26.878	7.2529	0
26.881	7.2668	0
26.884	7.2807	0
26.886	7.2946	0
26.889	7.3087	0
26.892	7.3227	0
26.894	7.3369	0
26.897	7.3511	0
26.899	7.3653	0
26.902	7.3796	0
26.905	7.394	0
26.907	7.4084	0
26.91	7.4229	0
26.912	7.4374	0
26.915	7.452	0
26.918	7.4667	0
26.92	7.4814	0
26.923	7.4961	0
26.925	7.5109	0
26.928	7.5258	0
26.93	7.5406	0
26.933	7.5556	0
26.935	7.5706	0
26.938	7.5856	0
26.941	7.6007	0
26.943	7.6158	0
26.946	7.6309	0
26.948	7.6461	0
26.951	7.6614	0
26.953	7.6766	0
26.956	7.6919	0
26.958	7.7073	0
26.961	7.7227	0
26.963	7.7381	0
26.965	7.7535	0
26.968	7.769	0
26.97	7.7845	0
26.973	7.8001	0
26.975	7.8157	0
26.978	7.8313	0
26.98	7.8469	0
26.982	7.8625	0
26.985	7.8782	0
26.987	7.894	0
26.99	7.9097	0
26.992	7.9255	0
26.994	7.9413	0
26.997	7.9571	0
26.999	7.9729	0
27.001	7.9888	0
27.004	8.0047	0
27.006	8.0206	0
27.008	8.0365	0
27.01	8.0524	0
27.013	8.0684	0
27.015	8.0844	0
27.017	8.1004	0
27.019	8.1164	0
27.022	8.1325	0
27.024	8.1486	0
27.026	8.1646	0
27.028	8.1807	0
27.031	8.1969	0
27.033	8.213	0
27.035	8.2291	0
27.037	8.2453	0
27.039	8.2615	0
27.041	8.2777	0
27.043	8.2939	0
27.045	8.3101	0
27.048	8.3264	0
27.05	8.3426	0
27.052	8.3589	0
27.054	8.3752	0
27.056	8.3915	0
27.058	8.4079	0
27.06	8.4242	0
27.062	8.4406	0
27.064	8.457	0
27.066	8.4734	0
27.068	8.4898	0
27.07	8.5062	0
27.072	8.5227	0
27.074	8.5392	0
27.076	8.5557	0
27.078	8.5722	0
27.079	8.5887	0
27.081	8.6053	0
27.083	8.6218	0
27.085	8.6384	0
27.087	8.655	0
27.089	8.6716	0
27.091	8.6883	0
27.092	8.7049	0
27.094	8.7216	0
27.096	8.7383	0
27.098	8.7551	0
27.1	8.7718	0
27.101	8.7886	0
27.103	8.8053	0
27.105	8.8221	0
27.107	8.839	0
27.108	8.8558	0
27.11	8.8727	0
27.112	8.8895	0
27.114	8.9064	0
27.115	8.9234	0
27.117	8.9403	0
27.119	8.9572	0
27.12	8.9742	0
27.122	8.9912	0
27.123	9.0082	0
27.125	9.0253	0
27.127	9.0423	0
27.128	9.0594	0
27.13	9.0765	0
27.131	9.0936	0
27.133	9.1108	0
27.134	9.1279	0
27.136	9.1451	0
27.138	9.1623	0
27.139	9.1795	0
27.141	9.1968	0
27.142	9.214	0
27.143	9.2313	0
27.145	9.2486	0
27.146	9.2659	0
27.148	9.2833	0
27.149	9.3006	0
27.151	9.318	0
27.152	9.3354	0
27.153	9.3528	0
27.155	9.3703	0
27.156	9.3877	0
27.158	9.4052	0
27.159	9.4227	0
27.16	9.4402	0
27.162	9.4578	0
27.163	9.4753	0
27.164	9.4929	0
27.165	9.5105	0
27.167	9.5281	0
27.168	9.5458	0
27.169	9.5634	0
27.17	9.5811	0
27.172	9.5988	0
27.173	9.6165	0
27.174	9.6343	0
27.175	9.652	0
27.176	9.6698	0
27.178	9.6876	0
27.179	9.7054	0
27.18	9.7232	0
27.181	9.7411	0
27.182	9.759	0
27.183	9.7769	0
27.184	9.7948	0
27.185	9.8127	0
27.187	9.8307	0
27.188	9.8486	0
27.189	9.8666	0
27.19	9.8846	0
27.191	9.9027	0
27.192	9.9207	0
27.193	9.9388	0
27.194	9.9569	0
27.195	9.975	0
27.196	9.9931	0
27.197	10.011	0
27.198	10.029	0
27.198	10.048	0
27.199	10.066	0
27.2	10.084	0
27.201	10.102	0
27.202	10.12	0
27.203	10.139	0
27.204	10.157	0
27.205	10.175	0
27.205	10.194	0
27.206	10.212	0
27.207	10.23	0
27.208	10.249	0
27.209	10.267	0
27.21	10.286	0
27.21	10.304	0
27.211	10.322	0
27.212	10.341	0
27.213	10.359	0
27.213	10.378	0
27.214	10.396	0
27.215	10.415	0
27.215	10.434	0
27.216	10.452	0
27.217	10.471	0
27.217	10.489	0
27.218	10.508	0
27.219	10.527	0
27.219	10.545	0
27.22	10.564	0
27.22	10.583	0
27.221	10.601	0
27.222	10.62	0
27.222	10.639	0
27.223	10.658	0
27.223	10.676	0
27.224	10.695	0
27.224	10.714	0
27.225	10.733	0
27.225	10.752	0
27.226	10.77	0
27.226	10.789	0
27.227	10.808	0
27.227	10.827	0
27.228	10.846	0
27.228	10.865	0
27.228	10.884	0
27.229	10.902	0
27.229	10.921	0
27.23	10.94	0
27.23	10.959	0
27.23	10.978	0
27.231	10.997	0
27.231	11.016	0
27.231	11.034	0
27.232	11.053	0
27.232	11.072	0
27.232	11.091	0
27.233	11.11	0
27.233	11.128	0
27.233	11.147	0
27.233	11.166	0
27.233	11.185	0
27.234	11.203	0
27.234	11.222	0
27.234	11.241	0
27.234	11.259	0
27.234	11.278	0
27.235	11.297	0
27.235	11.315	0
27.235	11.334	0
27.235	11.352	0
27.235	11.371	0
27.235	11.389	0
27.235	11.408	0
27.235	11.426	0
27.235	11.445	0
27.235	11.463	0
27.235	11.482	0
27.235	11.5	0
27.235	11.518	0
27.235	11.536	0
27.235	11.555	0
27.235	11.573	0
27.235	11.591	0
27.235	11.609	0
27.235	11.627	0
27.235	11.646	0
27.234	11.664	0
27.234	11.682	0
27.234	11.7	0
27.234	11.718	0
27.234	11.736	0
27.234	11.754	0
27.233	11.771	0
27.233	11.789	0
27.233	11.807	0
27.233	11.825	0
27.232	11.843	0
27.232	11.86	0
27.232	11.878	0
27.231	11.896	0
27.231	11.913	0
27.23	11.931	0
27.23	11.949	0
27.23	11.966	0
27.229	11.984	0
27.229	12.001	0
27.228	12.019	0
27.228	12.037	0
27.227	12.054	0
27.227	12.072	0
27.226	12.089	0
27.226	12.107	0
27.225	12.124	0
27.225	12.142	0
27.224	12.159	0
27.223	12.177	0
27.223	12.195	0
27.222	12.212	0
27.221	12.23	0
27.22	12.247	0
27.22	12.265	0
27.219	12.282	0
27.218	12.3	0
27.217	12.318	0
27.217	12.335	0
27.216	12.353	0
27.215	12.371	0
27.214	12.388	0
27.213	12.406	0
27.212	12.424	0
27.211	12.441	0
27.21	12.459	0
27.209	12.477	0
27.208	12.495	0
27.207	12.513	0
27.206	12.53	0
27.205	12.548	0
27.204	12.566	0
27.203	12.584	0
27.202	12.602	0
27.201	12.62	0
27.199	12.638	0
27.198	12.656	0
27.197	12.674	0
27.196	12.692	0
27.194	12.71	0
27.193	12.729	0
27.192	12.747	0
27.191	12.765	0
27.189	12.783	0
27.188	12.802	0
27.186	12.82	0
27.185	12.838	0
27.183	12.857	0
27.182	12.875	0
27.18	12.893	0
27.179	12.912	0
27.177	12.93	0
27.176	12.949	0
27.174	12.968	0
27.173	12.986	0
27.171	13.005	0
27.169	13.024	0
27.168	13.042	0
27.166	13.061	0
27.164	13.08	0
27.162	13.099	0
27.161	13.117	0
27.159	13.136	0
27.157	13.155	0
27.155	13.174	0
27.153	13.193	0
27.151	13.212	0
27.15	13.231	0
27.148	13.25	0
27.146	13.269	0
27.144	13.288	0
27.142	13.307	0
27.14	13.326	0
27.138	13.345	0
27.136	13.365	0
27.133	13.384	0
27.131	13.403	0
27.129	13.422	0
27.127	13.441	0
27.125	13.461	0
27.123	13.48	0
27.12	13.499	0
27.118	13.519	0
27.116	13.538	0
27.114	13.558	0
27.111	13.577	0
27.109	13.596	0
27.107	13.616	0
27.104	13.635	0
27.102	13.655	0
27.099	13.674	0
27.097	13.694	0
27.094	13.714	0
27.092	13.733	0
27.089	13.753	0
27.087	13.772	0
27.084	13.792	0
27.082	13.812	0
27.079	13.831	0
27.077	13.851	0
27.074	13.871	0
27.071	13.891	0
27.069	13.91	0
27.066	13.93	0
27.063	13.95	0
27.06	13.97	0
27.058	13.99	0
27.055	14.009	0
27.052	14.029	0
27.049	14.049	0
27.046	14.069	0
27.044	14.089	0
27.041	14.109	0
27.038	14.129	0
27.035	14.149	0
27.032	14.169	0
27.029	14.189	0
27.026	14.209	0
27.023	14.229	0
27.02	14.249	0
27.017	14.269	0
27.014	14.289	0
27.011	14.309	0
27.007	14.329	0
27.004	14.349	0
27.001	14.369	0
26.998	14.39	0
26.995	14.41	0
26.991	14.43	0
26.988	14.45	0
26.985	14.47	0
26.982	14.49	0
26.978	14.511	0
26.975	14.531	0
26.972	14.551	0
26.968	14.571	0
26.965	14.592	0
26.961	14.612	0
26.958	14.632	0
26.955	14.653	0
26.951	14.673	0
26.948	14.693	0
26.944	14.714	0
26.94	14.734	0
26.937	14.754	0
26.933	14.775	0
26.93	14.795	0
26.926	14.815	0
26.922	14.836	0
26.919	14.856	0
26.915	14.877	0
26.911	14.897	0
26.908	14.918	0
26.904	14.938	0
26.9	14.958	0
26.896	14.979	0
26.893	14.999	0
26.889	15.02	0
26.885	15.04	0
26.881	15.061	0
26.877	15.081	0
26.873	15.102	0
26.869	15.123	0
26.865	15.143	0
26.861	15.164	0
26.857	15.184	0
26.853	15.205	0
26.849	15.225	0
26.845	15.246	0
26.841	15.267	0
26.837	15.287	0
26.833	15.308	0
26.829	15.329	0
26.825	15.349	0
26.82	15.37	0
26.816	15.391	0
26.812	15.411	0
26.808	15.432	0
26.803	15.453	0
26.799	15.473	0
26.795	15.494	0
26.791	15.515	0
26.786	15.535	0
26.782	15.556	0
26.777	15.577	0
26.773	15.598	0
26.769	15.618	0
26.764	15.639	0
26.76	15.66	0
26.755	15.681	0
26.751	15.702	0
26.746	15.722	0
26.742	15.743	0
26.737	15.764	0
26.732	15.785	0
26.728	15.806	0
26.723	15.826	0
26.719	15.847	0
26.714	15.868	0
26.709	15.889	0
26.704	15.91	0
26.7	15.931	0
26.695	15.952	0
26.69	15.972	0
26.685	15.993	0
26.681	16.014	0
26.676	16.035	0
26.671	16.056	0
26.666	16.077	0
26.661	16.098	0
26.656	16.119	0
26.651	16.14	0
26.646	16.161	0
26.641	16.182	0
26.636	16.203	0
26.631	16.224	0
26.626	16.245	0
26.621	16.266	0
26.616	16.286	0
26.611	16.307	0
26.606	16.328	0
26.601	16.349	0
26.596	16.37	0
26.59	16.391	0
26.585	16.412	0
26.58	16.434	0
26.575	16.455	0
26.569	16.476	0
26.564	16.497	0
26.559	16.518	0
26.553	16.539	0
26.548	16.56	0
26.543	16.581	0
26.537	16.602	0
26.532	16.623	0
26.526	16.644	0
26.521	16.665	0
26.516	16.686	0
26.51	16.707	0
26.505	16.728	0
26.499	16.75	0
26.493	16.771	0
26.488	16.792	0
26.482	16.813	0
26.477	16.834	0
26.471	16.855	0
26.465	16.876	0
26.46	16.897	0
26.454	16.919	0
26.448	16.94	0
26.442	16.961	0
26.437	16.982	0
26.431	17.003	0
26.425	17.024	0
26.419	17.046	0
26.413	17.067	0
26.407	17.088	0
26.401	17.109	0
26.395	17.13	0
26.39	17.152	0
26.384	17.173	0
26.378	17.194	0
26.372	17.215	0
26.366	17.237	0
26.359	17.258	0
26.353	17.279	0
26.347	17.3	0
26.341	17.322	0
26.335	17.343	0
26.329	17.364	0
26.323	17.385	0
26.316	17.407	0
26.31	17.428	0
26.304	17.449	0
26.298	17.471	0
26.291	17.492	0
26.285	17.513	0
26.279	17.534	0
26.272	17.556	0
26.266	17.577	0
26.259	17.598	0
26.253	17.62	0
26.247	17.641	0
26.24	17.662	0
26.234	17.684	0
26.227	17.705	0
26.221	17.726	0
