23.068	-20.807	0
23.08	-20.784	0
23.092	-20.761	0
23.104	-20.738	0
23.116	-20.715	0
23.128	-20.691	0
23.14	-20.668	0
23.152	-20.645	0
23.164	-20.622	0
23.176	-20.598	0
23.187	-20.575	0
23.199	-20.552	0
23.211	-20.529	0
23.223	-20.505	0
23.235	-20.482	0
23.246	-20.459	0
23.258	-20.436	0
23.27	-20.412	0
23.281	-20.389	0
23.293	-20.366	0
23.305	-20.342	0
23.316	-20.319	0
23.328	-20.296	0
23.339	-20.272	0
23.351	-20.249	0
23.363	-20.226	0
23.374	-20.202	0
23.386	-20.179	0
23.397	-20.156	0
23.408	-20.132	0
23.42	-20.109	0
23.431	-20.086	0
23.443	-20.062	0
23.454	-20.039	0
23.465	-20.016	0
23.477	-19.992	0
23.488	-19.969	0
23.499	-19.945	0
23.51	-19.922	0
23.522	-19.899	0
23.533	-19.875	0
23.544	-19.852	0
23.555	-19.828	0
23.566	-19.805	0
23.577	-19.781	0
23.589	-19.758	0
23.6	-19.735	0
23.611	-19.711	0
23.622	-19.688	0
23.633	-19.664	0
23.644	-19.641	0
23.655	-19.617	0
23.666	-19.594	0
23.677	-19.57	0
23.687	-19.547	0
23.698	-19.523	0
23.709	-19.5	0
23.72	-19.476	0
23.731	-19.453	0
23.742	-19.429	0
23.752	-19.406	0
23.763	-19.382	0
23.774	-19.359	0
23.785	-19.335	0
23.795	-19.312	0
23.806	-19.288	0
23.817	-19.264	0
23.827	-19.241	0
23.838	-19.217	0
23.849	-19.194	0
23.859	-19.17	0
23.87	-19.147	0
23.88	-19.123	0
23.891	-19.099	0
23.901	-19.076	0
23.912	-19.052	0
23.922	-19.029	0
23.932	-19.005	0
23.943	-18.981	0
23.953	-18.958	0
23.964	-18.934	0
23.974	-18.911	0
23.984	-18.887	0
23.995	-18.863	0
24.005	-18.84	0
24.015	-18.816	0
24.025	-18.792	0
24.035	-18.769	0
24.046	-18.745	0
24.056	-18.721	0
24.066	-18.698	0
24.076	-18.674	0
24.086	-18.65	0
24.096	-18.627	0
24.106	-18.603	0
24.116	-18.579	0
24.126	-18.556	0
24.136	-18.532	0
24.146	-18.508	0
24.156	-18.484	0
24.166	-18.461	0
24.176	-18.437	0
24.186	-18.413	0
24.196	-18.39	0
24.206	-18.366	0
24.215	-18.342	0
24.225	-18.318	0
24.235	-18.295	0
24.245	-18.271	0
24.255	-18.247	0
24.264	-18.223	0
24.274	-18.2	0
24.284	-18.176	0
24.293	-18.152	0
24.303	-18.128	0
24.312	-18.105	0
24.322	-18.081	0
24.332	-18.057	0
24.341	-18.033	0
24.351	-18.009	0
24.36	-17.986	0
24.37	-17.962	0
24.379	-17.938	0
24.389	-17.914	0
24.398	-17.89	0
24.407	-17.866	0
24.417	-17.843	0
24.426	-17.819	0
24.435	-17.795	0
24.445	-17.771	0
24.454	-17.747	0
24.463	-17.723	0
24.473	-17.7	0
24.482	-17.676	0
24.491	-17.652	0
24.5	-17.628	0
24.509	-17.604	0
24.518	-17.58	0
24.528	-17.556	0
24.537	-17.533	0
24.546	-17.509	0
24.555	-17.485	0
24.564	-17.461	0
24.573	-17.437	0
24.582	-17.413	0
24.591	-17.389	0
24.6	-17.365	0
24.609	-17.341	0
24.618	-17.317	0
24.626	-17.294	0
24.635	-17.27	0
24.644	-17.246	0
24.653	-17.222	0
24.662	-17.198	0
24.671	-17.174	0
24.679	-17.15	0
24.688	-17.126	0
24.697	-17.102	0
24.705	-17.078	0
24.714	-17.054	0
24.723	-17.03	0
24.731	-17.006	0
24.74	-16.982	0
24.749	-16.958	0
24.757	-16.934	0
24.766	-16.91	0
24.774	-16.886	0
24.783	-16.862	0
24.791	-16.838	0
24.8	-16.814	0
24.808	-16.79	0
24.816	-16.766	0
24.825	-16.742	0
24.833	-16.718	0
24.842	-16.694	0
24.85	-16.67	0
24.858	-16.646	0
24.867	-16.622	0
24.875	-16.598	0
24.883	-16.574	0
24.891	-16.55	0
24.899	-16.526	0
24.908	-16.502	0
24.916	-16.478	0
24.924	-16.454	0
24.932	-16.43	0
24.94	-16.406	0
24.948	-16.382	0
24.956	-16.358	0
24.964	-16.334	0
24.972	-16.31	0
24.98	-16.286	0
24.988	-16.262	0
24.996	-16.238	0
25.004	-16.214	0
25.012	-16.19	0
25.02	-16.166	0
25.028	-16.142	0
25.036	-16.117	0
25.044	-16.093	0
25.051	-16.069	0
25.059	-16.045	0
25.067	-16.021	0
25.075	-15.997	0
25.082	-15.973	0
25.09	-15.949	0
25.098	-15.925	0
25.105	-15.901	0
25.113	-15.876	0
25.121	-15.852	0
25.128	-15.828	0
25.136	-15.804	0
25.143	-15.78	0
25.151	-15.756	0
25.158	-15.732	0
25.166	-15.708	0
25.173	-15.684	0
25.181	-15.659	0
25.188	-15.635	0
25.196	-15.611	0
25.203	-15.587	0
25.21	-15.563	0
25.218	-15.539	0
25.225	-15.515	0
25.232	-15.49	0
25.24	-15.466	0
25.247	-15.442	0
25.254	-15.418	0
25.261	-15.394	0
25.268	-15.37	0
25.276	-15.345	0
25.283	-15.321	0
25.29	-15.297	0
25.297	-15.273	0
25.304	-15.249	0
25.311	-15.225	0
25.318	-15.2	0
25.325	-15.176	0
25.332	-15.152	0
25.339	-15.128	0
25.346	-15.104	0
25.353	-15.079	0
25.36	-15.055	0
25.367	-15.031	0
25.374	-15.007	0
25.381	-14.983	0
25.388	-14.959	0
25.394	-14.934	0
25.401	-14.91	0
25.408	-14.886	0
25.415	-14.862	0
25.421	-14.837	0
25.428	-14.813	0
25.435	-14.789	0
25.441	-14.765	0
25.448	-14.741	0
25.455	-14.716	0
25.461	-14.692	0
25.468	-14.668	0
25.474	-14.644	0
25.481	-14.619	0
25.488	-14.595	0
25.494	-14.571	0
25.501	-14.547	0
25.507	-14.523	0
25.513	-14.498	0
25.52	-14.474	0
25.526	-14.45	0
25.533	-14.426	0
25.539	-14.401	0
25.545	-14.377	0
25.552	-14.353	0
25.558	-14.329	0
25.564	-14.304	0
25.57	-14.28	0
25.577	-14.256	0
25.583	-14.231	0
25.589	-14.207	0
25.595	-14.183	0
25.601	-14.159	0
25.607	-14.134	0
25.614	-14.11	0
25.62	-14.086	0
25.626	-14.062	0
25.632	-14.037	0
25.638	-14.013	0
25.644	-13.989	0
25.65	-13.964	0
25.656	-13.94	0
25.662	-13.916	0
25.668	-13.892	0
25.673	-13.867	0
25.679	-13.843	0
25.685	-13.819	0
25.691	-13.794	0
25.697	-13.77	0
25.703	-13.746	0
25.708	-13.722	0
25.714	-13.697	0
25.72	-13.673	0
25.726	-13.649	0
25.731	-13.624	0
25.737	-13.6	0
25.743	-13.576	0
25.748	-13.551	0
25.754	-13.527	0
25.759	-13.503	0
25.765	-13.479	0
25.77	-13.454	0
25.776	-13.43	0
25.781	-13.406	0
25.787	-13.381	0
25.792	-13.357	0
25.798	-13.333	0
25.803	-13.308	0
25.809	-13.284	0
25.814	-13.26	0
25.819	-13.235	0
25.825	-13.211	0
25.83	-13.187	0
25.835	-13.162	0
25.841	-13.138	0
25.846	-13.114	0
25.851	-13.089	0
25.856	-13.065	0
25.861	-13.041	0
25.867	-13.016	0
25.872	-12.992	0
25.877	-12.968	0
25.882	-12.943	0
25.887	-12.919	0
25.892	-12.895	0
25.897	-12.87	0
25.902	-12.846	0
25.907	-12.822	0
25.912	-12.797	0
25.917	-12.773	0
25.922	-12.749	0
25.927	-12.724	0
25.932	-12.7	0
25.937	-12.676	0
25.942	-12.651	0
25.947	-12.627	0
25.951	-12.603	0
25.956	-12.578	0
25.961	-12.554	0
25.966	-12.53	0
25.97	-12.505	0
25.975	-12.481	0
25.98	-12.456	0
25.984	-12.432	0
25.989	-12.408	0
25.994	-12.383	0
25.998	-12.359	0
26.003	-12.335	0
26.008	-12.31	0
26.012	-12.286	0
26.017	-12.262	0
26.021	-12.237	0
26.026	-12.213	0
26.03	-12.189	0
26.035	-12.164	0
26.039	-12.14	0
26.043	-12.115	0
26.048	-12.091	0
26.052	-12.067	0
26.056	-12.042	0
26.061	-12.018	0
26.065	-11.994	0
26.069	-11.969	0
26.074	-11.945	0
26.078	-11.92	0
26.082	-11.896	0
26.086	-11.872	0
26.09	-11.847	0
26.095	-11.823	0
26.099	-11.799	0
26.103	-11.774	0
26.107	-11.75	0
26.111	-11.725	0
26.115	-11.701	0
26.119	-11.677	0
26.123	-11.652	0
26.127	-11.628	0
26.131	-11.604	0
26.135	-11.579	0
26.139	-11.555	0
26.143	-11.53	0
26.147	-11.506	0
26.151	-11.482	0
26.155	-11.457	0
26.158	-11.433	0
26.162	-11.409	0
26.166	-11.384	0
26.17	-11.36	0
26.174	-11.335	0
26.177	-11.311	0
26.181	-11.287	0
26.185	-11.262	0
26.188	-11.238	0
26.192	-11.213	0
26.196	-11.189	0
26.199	-11.165	0
26.203	-11.14	0
26.206	-11.116	0
26.21	-11.092	0
26.213	-11.067	0
26.217	-11.043	0
26.22	-11.018	0
26.224	-10.994	0
26.227	-10.97	0
26.231	-10.945	0
26.234	-10.921	0
26.238	-10.896	0
26.241	-10.872	0
26.244	-10.848	0
26.248	-10.823	0
26.251	-10.799	0
26.254	-10.774	0
26.258	-10.75	0
26.261	-10.726	0
26.264	-10.701	0
26.267	-10.677	0
26.27	-10.652	0
26.274	-10.628	0
26.277	-10.604	0
26.28	-10.579	0
26.283	-10.555	0
26.286	-10.531	0
26.289	-10.506	0
26.292	-10.482	0
26.295	-10.457	0
26.298	-10.433	0
26.301	-10.409	0
26.304	-10.384	0
26.307	-10.36	0
26.31	-10.335	0
26.313	-10.311	0
26.316	-10.287	0
26.319	-10.262	0
26.321	-10.238	0
26.324	-10.213	0
26.327	-10.189	0
26.33	-10.165	0
26.333	-10.14	0
26.335	-10.116	0
26.338	-10.091	0
26.341	-10.067	0
26.344	-10.043	0
26.346	-10.018	0
26.349	-9.9937	0
26.351	-9.9693	0
26.354	-9.9449	0
26.357	-9.9205	0
26.359	-9.8961	0
26.362	-9.8717	0
26.364	-9.8473	0
26.367	-9.8229	0
26.369	-9.7985	0
26.372	-9.7741	0
26.374	-9.7497	0
26.377	-9.7252	0
26.379	-9.7008	0
26.381	-9.6764	0
26.384	-9.652	0
26.386	-9.6276	0
26.388	-9.6032	0
26.391	-9.5788	0
26.393	-9.5543	0
26.395	-9.5299	0
26.398	-9.5055	0
26.4	-9.4811	0
26.402	-9.4567	0
26.404	-9.4322	0
26.406	-9.4078	0
26.409	-9.3834	0
26.411	-9.359	0
26.413	-9.3345	0
26.415	-9.3101	0
26.417	-9.2857	0
26.419	-9.2612	0
26.421	-9.2368	0
26.423	-9.2124	0
26.425	-9.1879	0
26.427	-9.1635	0
26.429	-9.1391	0
26.431	-9.1146	0
26.433	-9.0902	0
26.435	-9.0657	0
26.437	-9.0413	0
26.439	-9.0168	0
26.44	-8.9924	0
26.442	-8.9679	0
26.444	-8.9435	0
26.446	-8.919	0
26.448	-8.8946	0
26.449	-8.8701	0
26.451	-8.8456	0
26.453	-8.8212	0
26.454	-8.7967	0
26.456	-8.7722	0
26.458	-8.7478	0
26.459	-8.7233	0
26.461	-8.6988	0
26.463	-8.6743	0
26.464	-8.6499	0
26.466	-8.6254	0
26.467	-8.6009	0
26.469	-8.5764	0
26.47	-8.5519	0
26.472	-8.5274	0
26.473	-8.5029	0
26.475	-8.4784	0
26.476	-8.4539	0
26.478	-8.4294	0
26.479	-8.4049	0
26.48	-8.3804	0
26.482	-8.3559	0
26.483	-8.3313	0
26.484	-8.3068	0
26.486	-8.2823	0
26.487	-8.2577	0
26.488	-8.2332	0
26.489	-8.2087	0
26.491	-8.1841	0
26.492	-8.1596	0
26.493	-8.135	0
26.494	-8.1105	0
26.495	-8.0859	0
26.497	-8.0613	0
26.498	-8.0368	0
26.499	-8.0122	0
26.5	-7.9876	0
26.501	-7.963	0
26.502	-7.9384	0
26.503	-7.9138	0
26.504	-7.8892	0
26.505	-7.8646	0
26.506	-7.84	0
26.507	-7.8154	0
26.508	-7.7907	0
26.509	-7.7661	0
26.51	-7.7415	0
26.51	-7.7168	0
26.511	-7.6922	0
26.512	-7.6675	0
26.513	-7.6429	0
26.514	-7.6182	0
26.515	-7.5935	0
26.515	-7.5688	0
26.516	-7.5441	0
26.517	-7.5194	0
26.518	-7.4947	0
26.518	-7.47	0
26.519	-7.4453	0
26.52	-7.4206	0
26.52	-7.3958	0
26.521	-7.3711	0
26.522	-7.3463	0
26.522	-7.3215	0
26.523	-7.2968	0
26.523	-7.272	0
26.524	-7.2472	0
26.524	-7.2224	0
26.525	-7.1976	0
26.525	-7.1728	0
26.526	-7.1479	0
26.526	-7.1231	0
26.527	-7.0982	0
26.527	-7.0734	0
26.528	-7.0485	0
26.528	-7.0236	0
26.528	-6.9987	0
26.529	-6.9738	0
26.529	-6.9489	0
26.529	-6.9239	0
26.53	-6.899	0
26.53	-6.874	0
26.53	-6.849	0
26.531	-6.8241	0
26.531	-6.7991	0
26.531	-6.7741	0
26.531	-6.749	0
26.531	-6.724	0
26.532	-6.6989	0
26.532	-6.6739	0
26.532	-6.6488	0
26.532	-6.6237	0
26.532	-6.5986	0
26.532	-6.5734	0
26.532	-6.5483	0
26.532	-6.5231	0
26.532	-6.4979	0
26.532	-6.4727	0
26.532	-6.4475	0
26.532	-6.4223	0
26.532	-6.397	0
26.532	-6.3717	0
26.532	-6.3465	0
26.532	-6.3211	0
26.532	-6.2958	0
26.532	-6.2705	0
26.532	-6.2451	0
26.532	-6.2197	0
26.532	-6.1943	0
26.532	-6.1689	0
26.532	-6.1434	0
26.531	-6.1179	0
26.531	-6.0924	0
26.531	-6.0669	0
26.531	-6.0414	0
26.53	-6.0158	0
26.53	-5.9902	0
26.53	-5.9646	0
26.53	-5.939	0
26.529	-5.9134	0
26.529	-5.8877	0
26.529	-5.862	0
26.528	-5.8363	0
26.528	-5.8105	0
26.528	-5.7848	0
26.527	-5.759	0
26.527	-5.7332	0
26.526	-5.7073	0
26.526	-5.6815	0
26.526	-5.6556	0
26.525	-5.6297	0
26.525	-5.6037	0
26.524	-5.5778	0
26.524	-5.5518	0
26.523	-5.5258	0
26.523	-5.4997	0
26.522	-5.4737	0
26.522	-5.4476	0
26.521	-5.4215	0
26.52	-5.3953	0
26.52	-5.3692	0
26.519	-5.343	0
26.519	-5.3168	0
26.518	-5.2905	0
26.517	-5.2643	0
26.517	-5.238	0
26.516	-5.2116	0
26.515	-5.1853	0
26.515	-5.1589	0
26.514	-5.1325	0
26.513	-5.106	0
26.513	-5.0796	0
26.512	-5.0531	0
26.511	-5.0266	0
26.51	-5	0
26.509	-4.9734	0
26.509	-4.9468	0
26.508	-4.9202	0
26.507	-4.8935	0
26.506	-4.8668	0
26.505	-4.8401	0
26.505	-4.8133	0
26.504	-4.7865	0
26.503	-4.7597	0
26.502	-4.7329	0
26.501	-4.706	0
26.5	-4.6791	0
26.499	-4.6522	0
26.498	-4.6252	0
26.497	-4.5982	0
26.496	-4.5712	0
26.495	-4.5441	0
26.495	-4.517	0
26.494	-4.4899	0
26.493	-4.4627	0
26.492	-4.4355	0
26.491	-4.4083	0
26.489	-4.3811	0
26.488	-4.3538	0
26.487	-4.3265	0
26.486	-4.2991	0
26.485	-4.2717	0
26.484	-4.2443	0
26.483	-4.2169	0
26.482	-4.1894	0
26.481	-4.1619	0
26.48	-4.1344	0
26.479	-4.1068	0
26.478	-4.0792	0
26.476	-4.0516	0
26.475	-4.0239	0
26.474	-3.9962	0
26.473	-3.9685	0
26.472	-3.9407	0
26.471	-3.9129	0
26.469	-3.8851	0
26.468	-3.8572	0
26.467	-3.8293	0
26.466	-3.8014	0
26.464	-3.7734	0
26.463	-3.7454	0
26.462	-3.7174	0
26.461	-3.6893	0
26.459	-3.6612	0
26.458	-3.6331	0
26.457	-3.605	0
26.456	-3.5782	0
26.454	-3.5522	0
26.453	-3.5266	0
26.452	-3.5016	0
26.451	-3.4769	0
26.45	-3.4525	0
26.448	-3.4285	0
26.447	-3.4047	0
26.446	-3.3812	0
26.445	-3.3578	0
26.444	-3.3346	0
26.442	-3.3117	0
26.441	-3.2887	0
26.44	-3.2661	0
26.438	-3.2436	0
26.437	-3.2212	0
26.436	-3.199	0
26.434	-3.1768	0
26.433	-3.1548	0
26.432	-3.133	0
26.43	-3.1112	0
26.429	-3.0895	0
26.427	-3.068	0
26.426	-3.0466	0
26.424	-3.0253	0
26.423	-3.0041	0
26.421	-2.9831	0
26.42	-2.9621	0
26.418	-2.9412	0
26.417	-2.9205	0
26.415	-2.8999	0
26.413	-2.8793	0
26.412	-2.8589	0
26.41	-2.8387	0
26.408	-2.8184	0
26.407	-2.7983	0
26.405	-2.7784	0
26.403	-2.7586	0
26.401	-2.7389	0
26.4	-2.7192	0
26.398	-2.6998	0
26.396	-2.6805	0
26.394	-2.6612	0
26.392	-2.6421	0
26.391	-2.6232	0
26.389	-2.6044	0
26.387	-2.5857	0
26.385	-2.5671	0
26.383	-2.5487	0
26.381	-2.5305	0
26.379	-2.5124	0
26.377	-2.4944	0
26.375	-2.4765	0
26.373	-2.4589	0
26.371	-2.4415	0
26.369	-2.4242	0
26.367	-2.407	0
26.365	-2.39	0
26.363	-2.373	0
26.361	-2.3561	0
26.359	-2.3394	0
26.357	-2.3229	0
26.354	-2.3063	0
26.352	-2.2898	0
26.35	-2.2735	0
26.348	-2.2573	0
26.346	-2.2414	0
26.343	-2.2253	0
26.341	-2.2093	0
26.339	-2.1936	0
26.337	-2.178	0
26.334	-2.1626	0
26.332	-2.147	0
26.33	-2.1317	0
26.328	-2.1167	0
26.325	-2.1018	0
26.323	-2.0868	0
26.32	-2.072	0
26.318	-2.0575	0
26.316	-2.0433	0
26.313	-2.0288	0
26.311	-2.0146	0
26.309	-2.0007	0
26.306	-1.987	0
26.304	-1.9731	0
26.302	-1.9596	0
26.299	-1.9463	0
26.297	-1.9333	0
26.294	-1.9201	0
26.292	-1.9072	0
26.29	-1.8948	0
26.287	-1.8823	0
26.285	-1.8698	0
26.283	-1.8578	0
26.28	-1.8462	0
26.278	-1.8341	0
26.276	-1.8225	0
26.273	-1.8114	0
26.271	-1.8001	0
26.269	-1.7889	0
26.266	-1.7783	0
26.264	-1.7677	0
26.262	-1.757	0
26.26	-1.7468	0
26.257	-1.7367	0
26.255	-1.7264	0
26.253	-1.7167	0
26.251	-1.7068	0
26.248	-1.6968	0
26.246	-1.6874	0
26.244	-1.6773	0
26.241	-1.6674	0
26.239	-1.6579	0
26.236	-1.647	0
26.234	-1.637	0
26.231	-1.6256	0
26.228	-1.6141	0
26.225	-1.602	0
26.222	-1.5884	0
26.218	-1.5743	0
26.214	-1.5576	0
26.209	-1.5399	0
26.203	-1.5186	0
26.197	-1.4947	0
26.19	-1.4669	0
26.181	-1.4354	0
26.172	-1.4	0
26.162	-1.3604	0
26.15	-1.3163	0
26.138	-1.2678	0
26.124	-1.2136	0
26.109	-1.1551	0
26.093	-1.0891	0
26.076	-1.019	0
26.057	-0.93931	0
26.037	-0.85432	0
26.016	-0.76031	0
25.994	-0.65798	0
25.972	-0.54784	0
25.948	-0.42588	0
25.924	-0.29594	0
25.9	-0.15426	0
25.876	-0.0019041	0
25.852	0.15939	0
25.83	0.33458	0
25.81	0.51847	0
25.792	0.71182	0
25.777	0.91639	0
25.765	1.1272	0
25.758	1.3454	0
25.755	1.5701	0
25.757	1.7965	0
25.765	2.0261	0
25.777	2.2566	0
25.794	2.4836	0
25.816	2.7087	0
25.843	2.93	0
25.873	3.1437	0
25.907	3.3512	0
25.944	3.5524	0
25.983	3.7438	0
26.023	3.9263	0
26.066	4.1023	0
26.108	4.268	0
26.151	4.4238	0
26.195	4.5742	0
26.238	4.7152	0
26.281	4.8472	0
26.323	4.9731	0
26.365	5.0925	0
26.405	5.204	0
26.444	5.3088	0
26.483	5.4101	0
26.521	5.5049	0
26.557	5.5936	0
26.592	5.6782	0
26.626	5.7584	0
26.658	5.8336	0
26.689	5.9043	0
26.718	5.9687	0
26.746	6.0293	0
26.772	6.0864	0
26.797	6.1395	0
26.82	6.1881	0
26.842	6.2342	0
26.863	6.2779	0
26.882	6.3179	0
26.9	6.3552	0
26.918	6.3908	0
26.935	6.4249	0
26.95	6.4554	0
26.964	6.4846	0
26.978	6.5127	0
26.992	6.5391	0
27.004	6.5633	0
27.016	6.5866	0
27.027	6.6092	0
27.038	6.63	0
27.048	6.6495	0
27.057	6.6685	0
27.067	6.6871	0
27.075	6.7036	0
27.083	6.7197	0
27.092	6.7355	0
27.099	6.7507	0
27.106	6.7644	0
27.113	6.778	0
27.12	6.7914	0
27.126	6.8039	0
27.132	6.8156	0
27.138	6.8272	0
27.144	6.8388	0
27.149	6.8492	0
27.155	6.8594	0
27.16	6.8696	0
27.165	6.8797	0
27.169	6.8887	0
27.174	6.8977	0
27.178	6.9067	0
27.183	6.9155	0
27.187	6.9235	0
27.191	6.9317	0
27.195	6.9399	0
27.199	6.9476	0
27.202	6.9549	0
27.206	6.9624	0
27.21	6.97	0
27.213	6.9769	0
27.217	6.9837	0
27.22	6.9907	0
27.223	6.9978	0
27.226	7.0041	0
27.23	7.0105	0
27.233	7.0171	0
27.236	7.0237	0
27.239	7.0296	0
27.242	7.0358	0
27.245	7.0421	0
27.248	7.0483	0
27.25	7.054	0
27.253	7.06	0
27.256	7.0661	0
27.259	7.072	0
27.261	7.0776	0
27.264	7.0834	0
27.267	7.0895	0
27.27	7.095	0
27.272	7.1006	0
27.275	7.1064	0
27.278	7.1123	0
27.28	7.1179	0
27.283	7.1237	0
27.285	7.1296	0
27.288	7.1357	0
27.291	7.1419	0
27.294	7.1483	0
27.297	7.1548	0
27.3	7.1614	0
27.303	7.1681	0
27.306	7.175	0
27.309	7.1821	0
27.312	7.1891	0
27.315	7.1963	0
27.318	7.2036	0
27.321	7.211	0
27.325	7.2185	0
27.328	7.2261	0
27.331	7.2338	0
27.335	7.2415	0
27.338	7.2493	0
27.341	7.2572	0
27.345	7.2651	0
27.348	7.2731	0
27.352	7.2812	0
27.355	7.2893	0
27.358	7.2975	0
27.362	7.3057	0
27.365	7.3139	0
27.369	7.3223	0
27.372	7.3305	0
27.376	7.3389	0
27.379	7.3472	0
27.383	7.3556	0
27.386	7.364	0
27.389	7.3723	0
27.393	7.3807	0
27.396	7.389	0
27.4	7.3973	0
27.403	7.4055	0
27.406	7.4137	0
27.409	7.4218	0
27.413	7.4299	0
27.416	7.4377	0
27.419	7.4454	0
27.422	7.4529	0
27.425	7.4601	0
27.427	7.4669	0
27.43	7.4733	0
27.432	7.4791	0
27.434	7.4851	0
27.437	7.4913	0
27.439	7.4975	0
27.442	7.5039	0
27.444	7.5104	0
27.447	7.5171	0
27.449	7.5238	0
27.452	7.5307	0
27.454	7.5377	0
27.457	7.5449	0
27.46	7.5521	0
27.462	7.5594	0
27.465	7.5669	0
27.468	7.5745	0
27.471	7.5822	0
27.473	7.59	0
27.476	7.5979	0
27.479	7.6059	0
27.482	7.6141	0
27.485	7.6223	0
27.488	7.6306	0
27.491	7.6391	0
27.494	7.6476	0
27.497	7.6563	0
27.5	7.665	0
27.503	7.6738	0
27.506	7.6828	0
27.509	7.6918	0
27.513	7.7009	0
27.516	7.7102	0
27.519	7.7195	0
27.522	7.7289	0
27.525	7.7384	0
27.529	7.748	0
27.532	7.7577	0
27.535	7.7674	0
27.538	7.7773	0
27.542	7.7873	0
27.545	7.7973	0
27.548	7.8074	0
27.552	7.8176	0
27.555	7.8279	0
27.558	7.8383	0
27.562	7.8488	0
27.565	7.8593	0
27.569	7.8699	0
27.572	7.8806	0
27.576	7.8914	0
27.579	7.9023	0
27.582	7.9132	0
27.586	7.9243	0
27.589	7.9354	0
27.593	7.9465	0
27.596	7.9578	0
27.6	7.9691	0
27.604	7.9805	0
27.607	7.9919	0
27.611	8.0034	0
27.614	8.015	0
27.618	8.0267	0
27.621	8.0384	0
27.625	8.0501	0
27.629	8.0619	0
27.632	8.0738	0
27.636	8.0857	0
27.639	8.0977	0
27.643	8.1098	0
27.646	8.1218	0
27.65	8.134	0
27.654	8.1461	0
27.657	8.1584	0
27.661	8.1706	0
27.665	8.183	0
27.668	8.1953	0
27.672	8.2077	0
27.675	8.2202	0
27.679	8.2326	0
27.683	8.2451	0
27.686	8.2577	0
27.69	8.2703	0
27.693	8.2829	0
27.697	8.2956	0
27.701	8.3083	0
27.704	8.321	0
27.708	8.3338	0
27.711	8.3466	0
27.715	8.3594	0
27.719	8.3723	0
27.722	8.3852	0
27.726	8.3981	0
27.729	8.411	0
27.733	8.424	0
27.736	8.437	0
27.74	8.45	0
27.743	8.4631	0
27.747	8.4761	0
27.751	8.4892	0
27.754	8.5024	0
27.758	8.5155	0
27.761	8.5287	0
27.765	8.5419	0
27.768	8.5551	0
27.772	8.5683	0
27.775	8.5816	0
27.779	8.5949	0
27.782	8.6082	0
27.786	8.6215	0
27.789	8.6349	0
27.793	8.6482	0
27.796	8.6616	0
27.799	8.6751	0
27.803	8.6885	0
27.806	8.702	0
27.81	8.7155	0
27.813	8.729	0
27.817	8.7426	0
27.82	8.7561	0
27.823	8.7697	0
27.827	8.7833	0
27.83	8.797	0
27.834	8.8107	0
27.837	8.8244	0
27.84	8.8381	0
27.844	8.8519	0
27.847	8.8656	0
27.851	8.8794	0
27.854	8.8933	0
27.857	8.9071	0
27.861	8.921	0
27.864	8.9349	0
27.867	8.9489	0
27.871	8.9628	0
27.874	8.9768	0
27.877	8.9909	0
27.881	9.0049	0
27.884	9.019	0
27.887	9.0331	0
27.89	9.0472	0
27.894	9.0614	0
27.897	9.0755	0
27.9	9.0897	0
27.904	9.104	0
27.907	9.1182	0
27.91	9.1325	0
27.913	9.1468	0
27.917	9.1612	0
27.92	9.1756	0
27.923	9.19	0
27.926	9.2044	0
27.929	9.2188	0
27.933	9.2333	0
27.936	9.2478	0
27.939	9.2624	0
27.942	9.2769	0
27.945	9.2915	0
27.949	9.3061	0
27.952	9.3208	0
27.955	9.3354	0
27.958	9.3501	0
27.961	9.3649	0
27.964	9.3796	0
27.968	9.3944	0
27.971	9.4092	0
27.974	9.424	0
27.977	9.4389	0
27.98	9.4538	0
27.983	9.4687	0
27.986	9.4836	0
27.989	9.4986	0
27.993	9.5136	0
27.996	9.5286	0
27.999	9.5436	0
28.002	9.5587	0
28.005	9.5738	0
28.008	9.5889	0
28.011	9.6041	0
28.014	9.6193	0
28.017	9.6345	0
28.02	9.6497	0
28.023	9.665	0
28.026	9.6802	0
28.029	9.6955	0
28.032	9.7109	0
28.035	9.7262	0
28.038	9.7416	0
28.041	9.757	0
28.044	9.7725	0
28.047	9.7879	0
28.05	9.8034	0
28.053	9.8189	0
28.056	9.8345	0
28.059	9.85	0
28.062	9.8656	0
28.065	9.8812	0
28.068	9.8969	0
28.071	9.9125	0
28.074	9.9282	0
28.077	9.9439	0
28.079	9.9596	0
28.082	9.9754	0
28.085	9.9912	0
28.088	10.007	0
28.091	10.023	0
28.094	10.039	0
28.097	10.055	0
28.1	10.07	0
28.102	10.086	0
28.105	10.102	0
28.108	10.118	0
28.111	10.134	0
28.114	10.15	0
28.117	10.166	0
28.119	10.182	0
28.122	10.199	0
28.125	10.215	0
28.128	10.231	0
28.131	10.247	0
28.133	10.263	0
28.136	10.279	0
28.139	10.296	0
28.142	10.312	0
28.144	10.328	0
28.147	10.344	0
28.15	10.361	0
28.153	10.377	0
28.155	10.393	0
28.158	10.41	0
28.161	10.426	0
28.164	10.443	0
28.166	10.459	0
28.169	10.475	0
28.172	10.492	0
28.174	10.508	0
28.177	10.525	0
28.18	10.541	0
28.182	10.558	0
28.185	10.575	0
28.188	10.591	0
28.19	10.608	0
28.193	10.624	0
28.196	10.641	0
28.198	10.658	0
28.201	10.675	0
28.203	10.691	0
28.206	10.708	0
28.209	10.725	0
28.211	10.741	0
28.214	10.758	0
28.216	10.775	0
28.219	10.792	0
28.221	10.808	0
28.224	10.825	0
28.226	10.842	0
28.229	10.859	0
28.231	10.875	0
28.234	10.892	0
28.236	10.909	0
28.239	10.926	0
28.241	10.942	0
28.244	10.959	0
28.246	10.976	0
28.249	10.992	0
28.251	11.009	0
28.254	11.026	0
28.256	11.042	0
28.258	11.059	0
28.261	11.075	0
28.263	11.092	0
28.265	11.108	0
28.268	11.125	0
28.27	11.141	0
28.272	11.158	0
28.275	11.174	0
28.277	11.191	0
28.279	11.207	0
28.281	11.224	0
28.284	11.24	0
28.286	11.256	0
28.288	11.273	0
28.29	11.289	0
28.292	11.305	0
28.294	11.321	0
28.297	11.337	0
28.299	11.353	0
28.301	11.37	0
28.303	11.386	0
28.305	11.402	0
28.307	11.418	0
28.309	11.434	0
28.311	11.45	0
28.313	11.466	0
28.315	11.481	0
28.317	11.497	0
28.319	11.513	0
28.321	11.529	0
28.323	11.545	0
28.324	11.56	0
28.326	11.576	0
28.328	11.592	0
28.33	11.607	0
28.332	11.623	0
28.334	11.638	0
28.335	11.654	0
28.337	11.67	0
28.339	11.685	0
28.34	11.701	0
28.342	11.716	0
28.344	11.731	0
28.345	11.747	0
28.347	11.762	0
28.349	11.778	0
28.35	11.793	0
28.352	11.809	0
28.353	11.824	0
28.355	11.839	0
28.356	11.855	0
28.358	11.87	0
28.359	11.886	0
28.361	11.901	0
28.362	11.917	0
28.364	11.932	0
28.365	11.948	0
28.367	11.963	0
28.368	11.979	0
28.369	11.994	0
28.371	12.01	0
28.372	12.025	0
28.373	12.041	0
28.375	12.057	0
28.376	12.072	0
28.377	12.088	0
28.378	12.104	0
28.379	12.12	0
28.381	12.135	0
28.382	12.151	0
28.383	12.167	0
28.384	12.183	0
28.385	12.199	0
28.386	12.215	0
28.387	12.231	0
28.388	12.247	0
28.39	12.263	0
28.391	12.279	0
28.392	12.295	0
28.393	12.312	0
28.394	12.328	0
28.394	12.344	0
28.395	12.36	0
28.396	12.377	0
28.397	12.393	0
28.398	12.41	0
28.399	12.426	0
28.4	12.443	0
28.401	12.459	0
28.401	12.476	0
28.402	12.493	0
28.403	12.51	0
28.404	12.526	0
28.404	12.543	0
28.405	12.56	0
28.406	12.577	0
28.406	12.594	0
28.407	12.611	0
28.408	12.628	0
28.408	12.645	0
28.409	12.663	0
28.41	12.68	0
28.41	12.697	0
28.411	12.714	0
28.411	12.732	0
28.412	12.749	0
28.412	12.766	0
28.413	12.784	0
28.413	12.801	0
28.413	12.819	0
28.414	12.837	0
28.414	12.854	0
28.415	12.872	0
28.415	12.89	0
28.415	12.907	0
28.416	12.925	0
28.416	12.943	0
28.416	12.961	0
28.416	12.979	0
28.417	12.997	0
28.417	13.015	0
28.417	13.033	0
28.417	13.051	0
28.417	13.069	0
28.417	13.087	0
28.417	13.105	0
28.418	13.123	0
28.418	13.141	0
28.418	13.159	0
28.418	13.178	0
28.418	13.196	0
28.418	13.214	0
28.418	13.233	0
28.418	13.251	0
28.417	13.269	0
28.417	13.288	0
28.417	13.306	0
28.417	13.325	0
28.417	13.343	0
28.417	13.362	0
28.417	13.38	0
28.416	13.399	0
28.416	13.418	0
28.416	13.436	0
28.416	13.455	0
28.415	13.474	0
28.415	13.492	0
28.415	13.511	0
28.414	13.53	0
28.414	13.549	0
28.414	13.568	0
28.413	13.586	0
28.413	13.605	0
28.412	13.624	0
28.412	13.643	0
28.411	13.662	0
28.411	13.681	0
28.41	13.7	0
28.41	13.719	0
28.409	13.738	0
28.409	13.757	0
28.408	13.776	0
28.407	13.795	0
28.407	13.815	0
28.406	13.834	0
28.405	13.853	0
28.405	13.872	0
28.404	13.891	0
28.403	13.91	0
28.402	13.93	0
28.402	13.949	0
28.401	13.968	0
28.4	13.988	0
28.399	14.007	0
28.398	14.026	0
28.398	14.046	0
28.397	14.065	0
28.396	14.084	0
28.395	14.104	0
28.394	14.123	0
28.393	14.143	0
28.392	14.162	0
28.391	14.182	0
28.39	14.201	0
28.389	14.221	0
28.388	14.24	0
28.387	14.26	0
28.385	14.28	0
28.384	14.299	0
28.383	14.319	0
28.382	14.339	0
28.381	14.358	0
28.38	14.378	0
28.378	14.398	0
28.377	14.417	0
28.376	14.437	0
28.375	14.457	0
28.373	14.477	0
28.372	14.496	0
28.371	14.516	0
28.369	14.536	0
28.368	14.556	0
28.366	14.576	0
28.365	14.595	0
28.364	14.615	0
28.362	14.635	0
28.361	14.655	0
28.359	14.675	0
28.358	14.695	0
28.356	14.715	0
28.355	14.735	0
28.353	14.755	0
28.351	14.775	0
28.35	14.795	0
28.348	14.815	0
28.347	14.835	0
28.345	14.855	0
28.343	14.875	0
28.341	14.895	0
28.34	14.915	0
28.338	14.935	0
28.336	14.955	0
28.334	14.976	0
28.333	14.996	0
28.331	15.016	0
28.329	15.036	0
28.327	15.056	0
28.325	15.077	0
28.323	15.097	0
28.321	15.117	0
28.319	15.137	0
28.317	15.157	0
28.315	15.178	0
28.313	15.198	0
28.311	15.218	0
28.309	15.239	0
28.307	15.259	0
28.305	15.279	0
28.303	15.3	0
28.301	15.32	0
28.299	15.34	0
28.297	15.361	0
28.294	15.381	0
28.292	15.402	0
28.29	15.422	0
28.288	15.443	0
28.286	15.463	0
28.283	15.483	0
28.281	15.504	0
28.279	15.524	0
28.276	15.545	0
28.274	15.566	0
28.272	15.586	0
28.269	15.607	0
28.267	15.627	0
28.264	15.648	0
28.262	15.668	0
28.259	15.689	0
28.257	15.71	0
28.254	15.73	0
28.252	15.751	0
28.249	15.771	0
28.247	15.792	0
28.244	15.813	0
28.241	15.834	0
28.239	15.854	0
28.236	15.875	0
28.233	15.896	0
28.231	15.916	0
28.228	15.937	0
28.225	15.958	0
28.222	15.979	0
28.22	15.999	0
28.217	16.02	0
28.214	16.041	0
28.211	16.062	0
28.208	16.083	0
28.205	16.104	0
28.202	16.124	0
28.199	16.145	0
28.197	16.166	0
28.194	16.187	0
28.191	16.208	0
28.188	16.229	0
28.185	16.25	0
28.181	16.271	0
28.178	16.292	0
28.175	16.313	0
28.172	16.334	0
28.169	16.355	0
28.166	16.376	0
28.163	16.397	0
28.159	16.418	0
28.156	16.439	0
28.153	16.46	0
28.15	16.481	0
28.146	16.502	0
28.143	16.523	0
28.14	16.544	0
28.136	16.566	0
28.133	16.587	0
28.13	16.608	0
28.126	16.629	0
28.123	16.65	0
28.119	16.671	0
28.116	16.693	0
28.112	16.714	0
28.109	16.735	0
28.105	16.756	0
28.102	16.778	0
28.098	16.799	0
28.094	16.82	0
28.091	16.841	0
28.087	16.863	0
28.083	16.884	0
28.08	16.905	0
28.076	16.927	0
28.072	16.948	0
28.068	16.97	0
28.065	16.991	0
28.061	17.012	0
28.057	17.034	0
28.053	17.055	0
28.049	17.077	0
28.045	17.098	0
28.041	17.12	0
28.037	17.141	0
28.033	17.163	0
28.029	17.184	0
28.025	17.206	0
28.021	17.227	0
28.017	17.249	0
28.013	17.27	0
28.009	17.292	0
