23.068	-20.807	0
23.08	-20.784	0
23.092	-20.761	0
23.104	-20.738	0
23.116	-20.715	0
23.128	-20.691	0
23.14	-20.668	0
23.152	-20.645	0
23.164	-20.622	0
23.176	-20.598	0
23.187	-20.575	0
23.199	-20.552	0
23.211	-20.529	0
23.223	-20.505	0
23.235	-20.482	0
23.246	-20.459	0
23.258	-20.436	0
23.27	-20.412	0
23.281	-20.389	0
23.293	-20.366	0
23.305	-20.342	0
23.316	-20.319	0
23.328	-20.296	0
23.339	-20.272	0
23.351	-20.249	0
23.363	-20.226	0
23.374	-20.202	0
23.386	-20.179	0
23.397	-20.156	0
23.408	-20.132	0
23.42	-20.109	0
23.431	-20.086	0
23.443	-20.062	0
23.454	-20.039	0
23.465	-20.016	0
23.477	-19.992	0
23.488	-19.969	0
23.499	-19.945	0
23.51	-19.922	0
23.522	-19.899	0
23.533	-19.875	0
23.544	-19.852	0
23.555	-19.828	0
23.566	-19.805	0
23.577	-19.781	0
23.589	-19.758	0
23.6	-19.735	0
23.611	-19.711	0
23.622	-19.688	0
23.633	-19.664	0
23.644	-19.641	0
23.655	-19.617	0
23.666	-19.594	0
23.677	-19.57	0
23.687	-19.547	0
23.698	-19.523	0
23.709	-19.5	0
23.72	-19.476	0
23.731	-19.453	0
23.742	-19.429	0
23.752	-19.406	0
23.763	-19.382	0
23.774	-19.359	0
23.785	-19.335	0
23.795	-19.312	0
23.806	-19.288	0
23.817	-19.264	0
23.827	-19.241	0
23.838	-19.217	0
23.849	-19.194	0
23.859	-19.17	0
23.87	-19.147	0
23.88	-19.123	0
23.891	-19.099	0
23.901	-19.076	0
23.912	-19.052	0
23.922	-19.029	0
23.932	-19.005	0
23.943	-18.981	0
23.953	-18.958	0
23.964	-18.934	0
23.974	-18.911	0
23.984	-18.887	0
23.995	-18.863	0
24.005	-18.84	0
24.015	-18.816	0
24.025	-18.792	0
24.035	-18.769	0
24.046	-18.745	0
24.056	-18.721	0
24.066	-18.698	0
24.076	-18.674	0
24.086	-18.65	0
24.096	-18.627	0
24.106	-18.603	0
24.116	-18.579	0
24.126	-18.556	0
24.136	-18.532	0
24.146	-18.508	0
24.156	-18.484	0
24.166	-18.461	0
24.176	-18.437	0
24.186	-18.413	0
24.196	-18.39	0
24.206	-18.366	0
24.215	-18.342	0
24.225	-18.318	0
24.235	-18.295	0
24.245	-18.271	0
24.255	-18.247	0
24.264	-18.223	0
24.274	-18.2	0
24.284	-18.176	0
24.293	-18.152	0
24.303	-18.128	0
24.312	-18.105	0
24.322	-18.081	0
24.332	-18.057	0
24.341	-18.033	0
24.351	-18.009	0
24.36	-17.986	0
24.37	-17.962	0
24.379	-17.938	0
24.389	-17.914	0
24.398	-17.89	0
24.407	-17.866	0
24.417	-17.843	0
24.426	-17.819	0
24.435	-17.795	0
24.445	-17.771	0
24.454	-17.747	0
24.463	-17.723	0
24.473	-17.7	0
24.482	-17.676	0
24.491	-17.652	0
24.5	-17.628	0
24.509	-17.604	0
24.518	-17.58	0
24.528	-17.556	0
24.537	-17.533	0
24.546	-17.509	0
24.555	-17.485	0
24.564	-17.461	0
24.573	-17.437	0
24.582	-17.413	0
24.591	-17.389	0
24.6	-17.365	0
24.609	-17.341	0
24.618	-17.317	0
24.626	-17.294	0
24.635	-17.27	0
24.644	-17.246	0
24.653	-17.222	0
24.662	-17.198	0
24.671	-17.174	0
24.679	-17.15	0
24.688	-17.126	0
24.697	-17.102	0
24.705	-17.078	0
24.714	-17.054	0
24.723	-17.03	0
24.731	-17.006	0
24.74	-16.982	0
24.749	-16.958	0
24.757	-16.934	0
24.766	-16.91	0
24.774	-16.886	0
24.783	-16.862	0
24.791	-16.838	0
24.8	-16.814	0
24.808	-16.79	0
24.816	-16.766	0
24.825	-16.742	0
24.833	-16.718	0
24.842	-16.694	0
24.85	-16.67	0
24.858	-16.646	0
24.867	-16.622	0
24.875	-16.598	0
24.883	-16.574	0
24.891	-16.55	0
24.899	-16.526	0
24.908	-16.502	0
24.916	-16.478	0
24.924	-16.454	0
24.932	-16.43	0
24.94	-16.406	0
24.948	-16.382	0
24.956	-16.358	0
24.964	-16.334	0
24.972	-16.31	0
24.98	-16.286	0
24.988	-16.262	0
24.996	-16.238	0
25.004	-16.214	0
25.012	-16.19	0
25.02	-16.166	0
25.028	-16.142	0
25.036	-16.117	0
25.044	-16.093	0
25.051	-16.069	0
25.059	-16.045	0
25.067	-16.021	0
25.075	-15.997	0
25.082	-15.973	0
25.09	-15.949	0
25.098	-15.925	0
25.105	-15.901	0
25.113	-15.876	0
25.121	-15.852	0
25.128	-15.828	0
25.136	-15.804	0
25.143	-15.78	0
25.151	-15.756	0
25.158	-15.732	0
25.166	-15.708	0
25.173	-15.684	0
25.181	-15.659	0
25.188	-15.635	0
25.196	-15.611	0
25.203	-15.587	0
25.21	-15.563	0
25.218	-15.539	0
25.225	-15.515	0
25.232	-15.49	0
25.24	-15.466	0
25.247	-15.442	0
25.254	-15.418	0
25.261	-15.394	0
25.268	-15.37	0
25.276	-15.345	0
25.283	-15.321	0
25.29	-15.297	0
25.297	-15.273	0
25.304	-15.249	0
25.311	-15.225	0
25.318	-15.2	0
25.325	-15.176	0
25.332	-15.152	0
25.339	-15.128	0
25.346	-15.104	0
25.353	-15.079	0
25.36	-15.055	0
25.367	-15.031	0
25.374	-15.007	0
25.381	-14.983	0
25.388	-14.959	0
25.394	-14.934	0
25.401	-14.91	0
25.408	-14.886	0
25.415	-14.862	0
25.421	-14.837	0
25.428	-14.813	0
25.435	-14.789	0
25.441	-14.765	0
25.448	-14.741	0
25.455	-14.716	0
25.461	-14.692	0
25.468	-14.668	0
25.474	-14.644	0
25.481	-14.619	0
25.488	-14.595	0
25.494	-14.571	0
25.501	-14.547	0
25.507	-14.523	0
25.513	-14.498	0
25.52	-14.474	0
25.526	-14.45	0
25.533	-14.426	0
25.539	-14.401	0
25.545	-14.377	0
25.552	-14.353	0
25.558	-14.329	0
25.564	-14.304	0
25.57	-14.28	0
25.577	-14.256	0
25.583	-14.231	0
25.589	-14.207	0
25.595	-14.183	0
25.601	-14.159	0
25.607	-14.134	0
25.614	-14.11	0
25.62	-14.086	0
25.626	-14.062	0
25.632	-14.037	0
25.638	-14.013	0
25.644	-13.989	0
25.65	-13.964	0
25.656	-13.94	0
25.662	-13.916	0
25.668	-13.892	0
25.673	-13.867	0
25.679	-13.843	0
25.685	-13.819	0
25.691	-13.794	0
25.697	-13.77	0
25.703	-13.746	0
25.708	-13.722	0
25.714	-13.697	0
25.72	-13.673	0
25.726	-13.649	0
25.731	-13.624	0
25.737	-13.6	0
25.743	-13.576	0
25.748	-13.551	0
25.754	-13.527	0
25.759	-13.503	0
25.765	-13.479	0
25.77	-13.454	0
25.776	-13.43	0
25.781	-13.406	0
25.787	-13.381	0
25.792	-13.357	0
25.798	-13.333	0
25.803	-13.308	0
25.809	-13.284	0
25.814	-13.26	0
25.819	-13.235	0
25.825	-13.211	0
25.83	-13.187	0
25.835	-13.162	0
25.841	-13.138	0
25.846	-13.114	0
25.851	-13.089	0
25.856	-13.065	0
25.861	-13.041	0
25.867	-13.016	0
25.872	-12.992	0
25.877	-12.968	0
25.882	-12.943	0
25.887	-12.919	0
25.892	-12.895	0
25.897	-12.87	0
25.902	-12.846	0
25.907	-12.822	0
25.912	-12.797	0
25.917	-12.773	0
25.922	-12.749	0
25.927	-12.724	0
25.932	-12.7	0
25.937	-12.676	0
25.942	-12.651	0
25.947	-12.627	0
25.951	-12.603	0
25.956	-12.578	0
25.961	-12.554	0
25.966	-12.53	0
25.97	-12.505	0
25.975	-12.481	0
25.98	-12.456	0
25.984	-12.432	0
25.989	-12.408	0
25.994	-12.383	0
25.998	-12.359	0
26.003	-12.335	0
26.008	-12.31	0
26.012	-12.286	0
26.017	-12.262	0
26.021	-12.237	0
26.026	-12.213	0
26.03	-12.189	0
26.035	-12.164	0
26.039	-12.14	0
26.043	-12.115	0
26.048	-12.091	0
26.052	-12.067	0
26.056	-12.042	0
26.061	-12.018	0
26.065	-11.994	0
26.069	-11.969	0
26.074	-11.945	0
26.078	-11.92	0
26.082	-11.896	0
26.086	-11.872	0
26.09	-11.847	0
26.095	-11.823	0
26.099	-11.799	0
26.103	-11.774	0
26.107	-11.75	0
26.111	-11.725	0
26.115	-11.701	0
26.119	-11.677	0
26.123	-11.652	0
26.127	-11.628	0
26.131	-11.604	0
26.135	-11.579	0
26.139	-11.555	0
26.143	-11.53	0
26.147	-11.506	0
26.151	-11.482	0
26.155	-11.457	0
26.158	-11.433	0
26.162	-11.409	0
26.166	-11.384	0
26.17	-11.36	0
26.174	-11.335	0
26.177	-11.311	0
26.181	-11.287	0
26.185	-11.262	0
26.188	-11.238	0
26.192	-11.213	0
26.196	-11.189	0
26.199	-11.165	0
26.203	-11.14	0
26.206	-11.116	0
26.21	-11.092	0
26.213	-11.067	0
26.217	-11.043	0
26.22	-11.018	0
26.224	-10.994	0
26.227	-10.97	0
26.231	-10.945	0
26.234	-10.921	0
26.238	-10.896	0
26.241	-10.872	0
26.244	-10.848	0
26.248	-10.823	0
26.251	-10.799	0
26.254	-10.774	0
26.258	-10.75	0
26.261	-10.726	0
26.264	-10.701	0
26.267	-10.677	0
26.27	-10.652	0
26.274	-10.628	0
26.277	-10.604	0
26.28	-10.579	0
26.283	-10.555	0
26.286	-10.531	0
26.289	-10.506	0
26.292	-10.482	0
26.295	-10.457	0
26.298	-10.433	0
26.301	-10.409	0
26.304	-10.384	0
26.307	-10.36	0
26.31	-10.335	0
26.313	-10.311	0
26.316	-10.287	0
26.319	-10.262	0
26.321	-10.238	0
26.324	-10.213	0
26.327	-10.189	0
26.33	-10.165	0
26.333	-10.14	0
26.335	-10.116	0
26.338	-10.091	0
26.341	-10.067	0
26.344	-10.043	0
26.346	-10.018	0
26.349	-9.9937	0
26.351	-9.9693	0
26.354	-9.9449	0
26.357	-9.9205	0
26.359	-9.8961	0
26.362	-9.8717	0
26.364	-9.8473	0
26.367	-9.8229	0
26.369	-9.7985	0
26.372	-9.7741	0
26.374	-9.7497	0
26.377	-9.7252	0
26.379	-9.7008	0
26.381	-9.6764	0
26.384	-9.652	0
26.386	-9.6276	0
26.388	-9.6032	0
26.391	-9.5788	0
26.393	-9.5543	0
26.395	-9.5299	0
26.398	-9.5055	0
26.4	-9.4811	0
26.402	-9.4567	0
26.404	-9.4322	0
26.406	-9.4078	0
26.409	-9.3834	0
26.411	-9.359	0
26.413	-9.3345	0
26.415	-9.3101	0
26.417	-9.2857	0
26.419	-9.2612	0
26.421	-9.2368	0
26.423	-9.2124	0
26.425	-9.1879	0
26.427	-9.1635	0
26.429	-9.1391	0
26.431	-9.1146	0
26.433	-9.0902	0
26.435	-9.0657	0
26.437	-9.0413	0
26.439	-9.0168	0
26.44	-8.9924	0
26.442	-8.9679	0
26.444	-8.9435	0
26.446	-8.919	0
26.448	-8.8946	0
26.449	-8.8701	0
26.451	-8.8456	0
26.453	-8.8212	0
26.454	-8.7967	0
26.456	-8.7722	0
26.458	-8.7478	0
26.459	-8.7233	0
26.461	-8.6988	0
26.463	-8.6743	0
26.464	-8.6499	0
26.466	-8.6254	0
26.467	-8.6009	0
26.469	-8.5764	0
26.47	-8.5519	0
26.472	-8.5274	0
26.473	-8.5029	0
26.475	-8.4784	0
26.476	-8.4539	0
26.478	-8.4294	0
26.479	-8.4049	0
26.48	-8.3804	0
26.482	-8.3559	0
26.483	-8.3313	0
26.484	-8.3068	0
26.486	-8.2823	0
26.487	-8.2577	0
26.488	-8.2332	0
26.489	-8.2087	0
26.491	-8.1841	0
26.492	-8.1596	0
26.493	-8.135	0
26.494	-8.1105	0
26.495	-8.0859	0
26.497	-8.0613	0
26.498	-8.0368	0
26.499	-8.0122	0
26.5	-7.9876	0
26.501	-7.963	0
26.502	-7.9384	0
26.503	-7.9138	0
26.504	-7.8892	0
26.505	-7.8646	0
26.506	-7.84	0
26.507	-7.8154	0
26.508	-7.7907	0
26.509	-7.7661	0
26.51	-7.7415	0
26.51	-7.7168	0
26.511	-7.6922	0
26.512	-7.6675	0
26.513	-7.6429	0
26.514	-7.6182	0
26.515	-7.5935	0
26.515	-7.5688	0
26.516	-7.5441	0
26.517	-7.5194	0
26.518	-7.4947	0
26.518	-7.47	0
26.519	-7.4453	0
26.52	-7.4206	0
26.52	-7.3958	0
26.521	-7.3711	0
26.522	-7.3463	0
26.522	-7.3215	0
26.523	-7.2968	0
26.523	-7.272	0
26.524	-7.2472	0
26.524	-7.2224	0
26.525	-7.1976	0
26.525	-7.1728	0
26.526	-7.1479	0
26.526	-7.1231	0
26.527	-7.0982	0
26.527	-7.0734	0
26.528	-7.0485	0
26.528	-7.0236	0
26.528	-6.9987	0
26.529	-6.9738	0
26.529	-6.9489	0
26.529	-6.9239	0
26.53	-6.899	0
26.53	-6.874	0
26.53	-6.849	0
26.531	-6.8241	0
26.531	-6.7991	0
26.531	-6.7741	0
26.531	-6.749	0
26.531	-6.724	0
26.532	-6.6989	0
26.532	-6.6739	0
26.532	-6.6488	0
26.532	-6.6237	0
26.532	-6.5986	0
26.532	-6.5734	0
26.532	-6.5483	0
26.532	-6.5231	0
26.532	-6.4979	0
26.532	-6.4727	0
26.532	-6.4475	0
26.532	-6.4223	0
26.532	-6.397	0
26.532	-6.3717	0
26.532	-6.3465	0
26.532	-6.3211	0
26.532	-6.2958	0
26.532	-6.2705	0
26.532	-6.2451	0
26.532	-6.2197	0
26.532	-6.1943	0
26.532	-6.1689	0
26.532	-6.1434	0
26.531	-6.1179	0
26.531	-6.0924	0
26.531	-6.0669	0
26.531	-6.0414	0
26.53	-6.0158	0
26.53	-5.9902	0
26.53	-5.9646	0
26.53	-5.939	0
26.529	-5.9134	0
26.529	-5.8877	0
26.529	-5.862	0
26.528	-5.8363	0
26.528	-5.8105	0
26.528	-5.7848	0
26.527	-5.759	0
26.527	-5.7332	0
26.526	-5.7073	0
26.526	-5.6815	0
26.526	-5.6556	0
26.525	-5.6297	0
26.525	-5.6037	0
26.524	-5.5778	0
26.524	-5.5518	0
26.523	-5.5258	0
26.523	-5.4997	0
26.522	-5.4737	0
26.522	-5.4476	0
26.521	-5.4215	0
26.52	-5.3953	0
26.52	-5.3692	0
26.519	-5.343	0
26.519	-5.3168	0
26.518	-5.2905	0
26.517	-5.2643	0
26.517	-5.238	0
26.516	-5.2116	0
26.515	-5.1853	0
26.515	-5.1589	0
26.514	-5.1325	0
26.513	-5.106	0
26.513	-5.0796	0
26.512	-5.0531	0
26.511	-5.0266	0
26.51	-5	0
26.509	-4.9734	0
26.509	-4.9468	0
26.508	-4.9202	0
26.507	-4.8935	0
26.506	-4.8668	0
26.505	-4.8401	0
26.505	-4.8133	0
26.504	-4.7865	0
26.503	-4.7597	0
26.502	-4.7329	0
26.501	-4.706	0
26.5	-4.6791	0
26.499	-4.6522	0
26.498	-4.6252	0
26.497	-4.5982	0
26.496	-4.5712	0
26.495	-4.5441	0
26.495	-4.517	0
26.494	-4.4899	0
26.493	-4.4627	0
26.492	-4.4355	0
26.491	-4.4083	0
26.489	-4.3811	0
26.488	-4.3538	0
26.487	-4.3265	0
26.486	-4.2991	0
26.485	-4.2717	0
26.484	-4.2443	0
26.483	-4.2169	0
26.482	-4.1894	0
26.481	-4.1619	0
26.48	-4.1344	0
26.479	-4.1068	0
26.478	-4.0792	0
26.476	-4.0516	0
26.475	-4.0239	0
26.474	-3.9962	0
26.473	-3.9685	0
26.472	-3.9407	0
26.471	-3.9129	0
26.469	-3.8851	0
26.468	-3.8572	0
26.467	-3.8293	0
26.466	-3.8014	0
26.464	-3.7734	0
26.463	-3.7454	0
26.462	-3.7174	0
26.461	-3.6893	0
26.459	-3.6612	0
26.458	-3.6328	0
26.457	-3.603	0
26.455	-3.5722	0
26.454	-3.5403	0
26.452	-3.5075	0
26.451	-3.4739	0
26.449	-3.4395	0
26.448	-3.4044	0
26.446	-3.3686	0
26.445	-3.332	0
26.444	-3.2949	0
26.442	-3.2572	0
26.441	-3.2187	0
26.439	-3.1798	0
26.438	-3.1403	0
26.436	-3.1001	0
26.435	-3.0595	0
26.434	-3.0183	0
26.433	-2.9766	0
26.432	-2.9344	0
26.431	-2.8916	0
26.43	-2.8484	0
26.429	-2.8047	0
26.428	-2.7605	0
26.427	-2.7158	0
26.427	-2.6707	0
26.426	-2.6251	0
26.426	-2.579	0
26.425	-2.5326	0
26.425	-2.4856	0
26.425	-2.4383	0
26.425	-2.3915	0
26.425	-2.3446	0
26.425	-2.2985	0
26.426	-2.2527	0
26.426	-2.2075	0
26.426	-2.1627	0
26.427	-2.1186	0
26.428	-2.0748	0
26.429	-2.0316	0
26.429	-1.989	0
26.43	-1.9467	0
26.431	-1.9052	0
26.432	-1.8638	0
26.433	-1.8234	0
26.434	-1.783	0
26.436	-1.7438	0
26.437	-1.7046	0
26.438	-1.6663	0
26.439	-1.6282	0
26.441	-1.5908	0
26.442	-1.5539	0
26.443	-1.5174	0
26.444	-1.4817	0
26.446	-1.4461	0
26.447	-1.4116	0
26.449	-1.3771	0
26.45	-1.3434	0
26.451	-1.3102	0
26.453	-1.2773	0
26.454	-1.2453	0
26.455	-1.2132	0
26.457	-1.1823	0
26.458	-1.1514	0
26.459	-1.1212	0
26.46	-1.0915	0
26.462	-1.0619	0
26.463	-1.0334	0
26.464	-1.0049	0
26.465	-0.97714	0
26.467	-0.94977	0
26.468	-0.9226	0
26.469	-0.89636	0
26.47	-0.87012	0
26.471	-0.84454	0
26.472	-0.81928	0
26.473	-0.79401	0
26.474	-0.76864	0
26.475	-0.74327	0
26.476	-0.71777	0
26.477	-0.69209	0
26.478	-0.66641	0
26.479	-0.64058	0
26.48	-0.61463	0
26.481	-0.58868	0
26.481	-0.56263	0
26.482	-0.53644	0
26.483	-0.51025	0
26.484	-0.48405	0
26.485	-0.45766	0
26.486	-0.43127	0
26.487	-0.40489	0
26.488	-0.3784	0
26.488	-0.35184	0
26.489	-0.32528	0
26.49	-0.29874	0
26.491	-0.27204	0
26.492	-0.24534	0
26.493	-0.21864	0
26.493	-0.19195	0
26.494	-0.16512	0
26.495	-0.13829	0
26.496	-0.11148	0
26.496	-0.084679	0
26.497	-0.057751	0
26.498	-0.030826	0
26.499	-0.0039126	0
26.499	0.022988	0
26.5	0.049961	0
26.501	0.07697	0
26.502	0.10396	0
26.502	0.13095	0
26.503	0.15793	0
26.504	0.18501	0
26.504	0.21207	0
26.505	0.23911	0
26.506	0.26614	0
26.506	0.29321	0
26.507	0.32032	0
26.508	0.34741	0
26.508	0.37449	0
26.509	0.40155	0
26.51	0.42865	0
26.51	0.45578	0
26.511	0.4829	0
26.511	0.50999	0
26.512	0.53707	0
26.513	0.56417	0
26.513	0.5913	0
26.514	0.61842	0
26.514	0.64551	0
26.515	0.67259	0
26.516	0.69966	0
26.516	0.72678	0
26.517	0.75388	0
26.517	0.78097	0
26.518	0.80803	0
26.518	0.83507	0
26.519	0.86214	0
26.519	0.88922	0
26.52	0.91627	0
26.52	0.94331	0
26.521	0.97032	0
26.521	0.99731	0
26.522	1.0243	0
26.522	1.0514	0
26.523	1.0784	0
26.523	1.1053	0
26.524	1.1323	0
26.524	1.1592	0
26.525	1.1862	0
26.525	1.2131	0
26.525	1.24	0
26.526	1.2669	0
26.526	1.2938	0
26.527	1.3206	0
26.527	1.3475	0
26.527	1.3744	0
26.528	1.4012	0
26.528	1.428	0
26.529	1.4548	0
26.529	1.4815	0
26.529	1.5085	0
26.53	1.5355	0
26.53	1.5625	0
26.53	1.5894	0
26.531	1.6164	0
26.531	1.6432	0
26.531	1.6705	0
26.532	1.6987	0
26.532	1.7269	0
26.532	1.755	0
26.533	1.7831	0
26.533	1.8112	0
26.533	1.8393	0
26.534	1.8688	0
26.534	1.8983	0
26.535	1.9277	0
26.535	1.9571	0
26.535	1.9864	0
26.536	2.0157	0
26.536	2.0465	0
26.537	2.0773	0
26.537	2.108	0
26.537	2.1387	0
26.538	2.1694	0
26.538	2.2	0
26.539	2.2322	0
26.539	2.2643	0
26.54	2.2964	0
26.54	2.3285	0
26.541	2.3604	0
26.542	2.3927	0
26.542	2.4263	0
26.543	2.4599	0
26.544	2.4933	0
26.544	2.5267	0
26.545	2.56	0
26.546	2.5944	0
26.547	2.6294	0
26.547	2.6644	0
26.548	2.6992	0
26.549	2.734	0
26.55	2.7689	0
26.551	2.8055	0
26.552	2.842	0
26.554	2.8784	0
26.555	2.9146	0
26.556	2.9507	0
26.557	2.9887	0
26.559	3.0267	0
26.56	3.0646	0
26.562	3.1024	0
26.563	3.1401	0
26.565	3.1795	0
26.567	3.2192	0
26.569	3.2587	0
26.571	3.2981	0
26.572	3.3373	0
26.575	3.3786	0
26.577	3.42	0
26.579	3.4612	0
26.582	3.5023	0
26.584	3.5434	0
26.587	3.5869	0
26.589	3.6301	0
26.592	3.6731	0
26.595	3.7159	0
26.598	3.76	0
26.602	3.8053	0
26.605	3.8504	0
26.609	3.8953	0
26.613	3.9402	0
26.617	3.9879	0
26.621	4.0352	0
26.625	4.0824	0
26.629	4.1292	0
26.634	4.1787	0
26.639	4.2286	0
26.644	4.2781	0
26.65	4.3274	0
26.655	4.3792	0
26.661	4.4318	0
26.668	4.484	0
26.674	4.536	0
26.681	4.591	0
26.688	4.6466	0
26.696	4.7018	0
26.703	4.757	0
26.712	4.8162	0
26.721	4.8752	0
26.73	4.9338	0
26.739	4.9944	0
26.749	5.0575	0
26.76	5.1203	0
26.771	5.183	0
26.783	5.2509	0
26.796	5.3185	0
26.809	5.3856	0
26.823	5.4558	0
26.838	5.5264	0
26.853	5.5967	0
26.868	5.6661	0
26.884	5.7348	0
26.9	5.8031	0
26.916	5.8703	0
26.932	5.9368	0
26.949	6.0028	0
26.966	6.0675	0
26.983	6.1315	0
27	6.195	0
27.017	6.257	0
27.035	6.3184	0
27.052	6.3788	0
27.07	6.438	0
27.088	6.4966	0
27.105	6.5537	0
27.123	6.61	0
27.141	6.6653	0
27.158	6.7191	0
27.176	6.7723	0
27.193	6.8236	0
27.21	6.8742	0
27.227	6.9231	0
27.244	6.9711	0
27.26	7.0174	0
27.276	7.0625	0
27.292	7.106	0
27.307	7.1481	0
27.322	7.1882	0
27.337	7.2271	0
27.35	7.2635	0
27.364	7.2986	0
27.376	7.331	0
27.388	7.3612	0
27.399	7.3895	0
27.408	7.414	0
27.416	7.4354	0
27.423	7.4532	0
27.429	7.4666	0
27.432	7.475	0
27.434	7.4811	0
27.437	7.4873	0
27.439	7.4936	0
27.441	7.5	0
27.444	7.5066	0
27.446	7.5133	0
27.449	7.5201	0
27.452	7.527	0
27.454	7.5341	0
27.457	7.5413	0
27.46	7.5485	0
27.462	7.5559	0
27.465	7.5635	0
27.468	7.5711	0
27.471	7.5788	0
27.473	7.5867	0
27.476	7.5946	0
27.479	7.6027	0
27.482	7.6109	0
27.485	7.6191	0
27.488	7.6275	0
27.491	7.636	0
27.494	7.6446	0
27.497	7.6532	0
27.5	7.662	0
27.503	7.6709	0
27.506	7.6799	0
27.51	7.6889	0
27.513	7.6981	0
27.516	7.7073	0
27.519	7.7167	0
27.522	7.7261	0
27.525	7.7357	0
27.529	7.7453	0
27.532	7.755	0
27.535	7.7648	0
27.539	7.7747	0
27.542	7.7847	0
27.545	7.7948	0
27.549	7.8049	0
27.552	7.8151	0
27.555	7.8255	0
27.559	7.8359	0
27.562	7.8464	0
27.565	7.8569	0
27.569	7.8676	0
27.572	7.8783	0
27.576	7.8891	0
27.579	7.9	0
27.583	7.911	0
27.586	7.922	0
27.59	7.9331	0
27.593	7.9443	0
27.597	7.9556	0
27.6	7.9669	0
27.604	7.9783	0
27.607	7.9898	0
27.611	8.0014	0
27.615	8.013	0
27.618	8.0246	0
27.622	8.0363	0
27.625	8.0481	0
27.629	8.0599	0
27.632	8.0718	0
27.636	8.0838	0
27.64	8.0958	0
27.643	8.1078	0
27.647	8.1199	0
27.65	8.1321	0
27.654	8.1443	0
27.658	8.1565	0
27.661	8.1688	0
27.665	8.1811	0
27.669	8.1935	0
27.672	8.2059	0
27.676	8.2184	0
27.679	8.2309	0
27.683	8.2434	0
27.687	8.256	0
27.69	8.2686	0
27.694	8.2812	0
27.697	8.2939	0
27.701	8.3066	0
27.705	8.3194	0
27.708	8.3322	0
27.712	8.345	0
27.715	8.3578	0
27.719	8.3707	0
27.723	8.3836	0
27.726	8.3965	0
27.73	8.4095	0
27.733	8.4225	0
27.737	8.4355	0
27.74	8.4485	0
27.744	8.4616	0
27.747	8.4747	0
27.751	8.4878	0
27.754	8.5009	0
27.758	8.5141	0
27.762	8.5272	0
27.765	8.5404	0
27.769	8.5537	0
27.772	8.5669	0
27.776	8.5802	0
27.779	8.5935	0
27.783	8.6068	0
27.786	8.6201	0
27.789	8.6335	0
27.793	8.6469	0
27.796	8.6603	0
27.8	8.6737	0
27.803	8.6872	0
27.807	8.7007	0
27.81	8.7142	0
27.814	8.7277	0
27.817	8.7413	0
27.82	8.7549	0
27.824	8.7685	0
27.827	8.7821	0
27.831	8.7958	0
27.834	8.8094	0
27.837	8.8232	0
27.841	8.8369	0
27.844	8.8507	0
27.848	8.8644	0
27.851	8.8783	0
27.854	8.8921	0
27.858	8.906	0
27.861	8.9199	0
27.864	8.9338	0
27.868	8.9477	0
27.871	8.9617	0
27.874	8.9757	0
27.878	8.9897	0
27.881	9.0038	0
27.884	9.0179	0
27.888	9.032	0
27.891	9.0461	0
27.894	9.0603	0
27.897	9.0745	0
27.901	9.0887	0
27.904	9.1029	0
27.907	9.1172	0
27.91	9.1315	0
27.914	9.1458	0
27.917	9.1602	0
27.92	9.1745	0
27.923	9.1889	0
27.927	9.2034	0
27.93	9.2178	0
27.933	9.2323	0
27.936	9.2468	0
27.94	9.2614	0
27.943	9.2759	0
27.946	9.2905	0
27.949	9.3052	0
27.952	9.3198	0
27.955	9.3345	0
27.959	9.3492	0
27.962	9.3639	0
27.965	9.3787	0
27.968	9.3935	0
27.971	9.4083	0
27.974	9.4231	0
27.977	9.438	0
27.981	9.4529	0
27.984	9.4678	0
27.987	9.4827	0
27.99	9.4977	0
27.993	9.5127	0
27.996	9.5277	0
27.999	9.5428	0
28.002	9.5578	0
28.005	9.573	0
28.008	9.5881	0
28.011	9.6032	0
28.014	9.6184	0
28.018	9.6336	0
28.021	9.6489	0
28.024	9.6641	0
28.027	9.6794	0
28.03	9.6947	0
28.033	9.7101	0
28.036	9.7254	0
28.039	9.7408	0
28.042	9.7562	0
28.045	9.7717	0
28.048	9.7871	0
28.051	9.8026	0
28.054	9.8181	0
28.056	9.8337	0
28.059	9.8492	0
28.062	9.8648	0
28.065	9.8805	0
28.068	9.8961	0
28.071	9.9118	0
28.074	9.9274	0
28.077	9.9432	0
28.08	9.9589	0
28.083	9.9747	0
28.086	9.9905	0
28.089	10.006	0
28.091	10.022	0
28.094	10.038	0
28.097	10.054	0
28.1	10.07	0
28.103	10.086	0
28.106	10.102	0
28.109	10.118	0
28.111	10.134	0
28.114	10.15	0
28.117	10.166	0
28.12	10.182	0
28.123	10.198	0
28.126	10.214	0
28.128	10.23	0
28.131	10.246	0
28.134	10.262	0
28.137	10.279	0
28.139	10.295	0
28.142	10.311	0
28.145	10.327	0
28.148	10.344	0
28.15	10.36	0
28.153	10.376	0
28.156	10.393	0
28.159	10.409	0
28.161	10.425	0
28.164	10.442	0
28.167	10.458	0
28.169	10.475	0
28.172	10.491	0
28.175	10.508	0
28.177	10.524	0
28.18	10.541	0
28.183	10.557	0
28.185	10.574	0
28.188	10.591	0
28.191	10.607	0
28.193	10.624	0
28.196	10.641	0
28.199	10.657	0
28.201	10.674	0
28.204	10.691	0
28.206	10.707	0
28.209	10.724	0
28.212	10.741	0
28.214	10.758	0
28.217	10.774	0
28.219	10.791	0
28.222	10.808	0
28.224	10.825	0
28.227	10.841	0
28.229	10.858	0
28.232	10.875	0
28.234	10.892	0
28.237	10.908	0
28.239	10.925	0
28.242	10.942	0
28.244	10.958	0
28.247	10.975	0
28.249	10.992	0
28.252	11.008	0
28.254	11.025	0
28.256	11.042	0
28.259	11.058	0
28.261	11.075	0
28.263	11.091	0
28.266	11.108	0
28.268	11.124	0
28.27	11.141	0
28.273	11.157	0
28.275	11.174	0
28.277	11.19	0
28.28	11.207	0
28.282	11.223	0
28.284	11.239	0
28.286	11.256	0
28.288	11.272	0
28.291	11.288	0
28.293	11.305	0
28.295	11.321	0
28.297	11.337	0
28.299	11.353	0
28.301	11.369	0
28.303	11.385	0
28.305	11.401	0
28.307	11.417	0
28.309	11.433	0
28.311	11.449	0
28.313	11.465	0
28.315	11.481	0
28.317	11.497	0
28.319	11.513	0
28.321	11.528	0
28.323	11.544	0
28.325	11.56	0
28.327	11.576	0
28.329	11.591	0
28.33	11.607	0
28.332	11.622	0
28.334	11.638	0
28.336	11.654	0
28.337	11.669	0
28.339	11.685	0
28.341	11.7	0
28.343	11.716	0
28.344	11.731	0
28.346	11.746	0
28.347	11.762	0
28.349	11.777	0
28.351	11.793	0
28.352	11.808	0
28.354	11.824	0
28.355	11.839	0
28.357	11.854	0
28.358	11.87	0
28.36	11.885	0
28.361	11.901	0
28.363	11.916	0
28.364	11.932	0
28.366	11.947	0
28.367	11.963	0
28.368	11.978	0
28.37	11.994	0
28.371	12.009	0
28.372	12.025	0
28.374	12.041	0
28.375	12.056	0
28.376	12.072	0
28.377	12.088	0
28.379	12.103	0
28.38	12.119	0
28.381	12.135	0
28.382	12.151	0
28.383	12.167	0
28.385	12.183	0
28.386	12.199	0
28.387	12.215	0
28.388	12.231	0
28.389	12.247	0
28.39	12.263	0
28.391	12.279	0
28.392	12.295	0
28.393	12.311	0
28.394	12.328	0
28.395	12.344	0
28.396	12.36	0
28.397	12.377	0
28.398	12.393	0
28.398	12.409	0
28.399	12.426	0
28.4	12.443	0
28.401	12.459	0
28.402	12.476	0
28.403	12.493	0
28.403	12.509	0
28.404	12.526	0
28.405	12.543	0
28.406	12.56	0
28.406	12.577	0
28.407	12.594	0
28.408	12.611	0
28.408	12.628	0
28.409	12.645	0
28.409	12.662	0
28.41	12.679	0
28.41	12.697	0
28.411	12.714	0
28.412	12.731	0
28.412	12.749	0
28.412	12.766	0
28.413	12.784	0
28.413	12.801	0
28.414	12.819	0
28.414	12.836	0
28.415	12.854	0
28.415	12.872	0
28.415	12.889	0
28.416	12.907	0
28.416	12.925	0
28.416	12.943	0
28.416	12.961	0
28.417	12.978	0
28.417	12.996	0
28.417	13.014	0
28.417	13.032	0
28.417	13.05	0
28.418	13.068	0
28.418	13.086	0
28.418	13.105	0
28.418	13.123	0
28.418	13.141	0
28.418	13.159	0
28.418	13.177	0
28.418	13.196	0
28.418	13.214	0
28.418	13.232	0
28.418	13.251	0
28.418	13.269	0
28.418	13.288	0
28.418	13.306	0
28.417	13.325	0
28.417	13.343	0
28.417	13.362	0
28.417	13.38	0
28.417	13.399	0
28.417	13.417	0
28.416	13.436	0
28.416	13.455	0
28.416	13.473	0
28.415	13.492	0
28.415	13.511	0
28.415	13.53	0
28.414	13.549	0
28.414	13.567	0
28.414	13.586	0
28.413	13.605	0
28.413	13.624	0
28.412	13.643	0
28.412	13.662	0
28.411	13.681	0
28.411	13.7	0
28.41	13.719	0
28.41	13.738	0
28.409	13.757	0
28.408	13.776	0
28.408	13.795	0
28.407	13.814	0
28.406	13.833	0
28.406	13.853	0
28.405	13.872	0
28.404	13.891	0
28.404	13.91	0
28.403	13.93	0
28.402	13.949	0
28.401	13.968	0
28.4	13.987	0
28.4	14.007	0
28.399	14.026	0
28.398	14.046	0
28.397	14.065	0
28.396	14.084	0
28.395	14.104	0
28.394	14.123	0
28.393	14.143	0
28.392	14.162	0
28.391	14.182	0
28.39	14.201	0
28.389	14.221	0
28.388	14.24	0
28.387	14.26	0
28.386	14.279	0
28.385	14.299	0
28.384	14.319	0
28.382	14.338	0
28.381	14.358	0
28.38	14.378	0
28.379	14.397	0
28.378	14.417	0
28.376	14.437	0
28.375	14.457	0
28.374	14.476	0
28.372	14.496	0
28.371	14.516	0
28.37	14.536	0
28.368	14.556	0
28.367	14.575	0
28.365	14.595	0
28.364	14.615	0
28.363	14.635	0
28.361	14.655	0
28.36	14.675	0
28.358	14.695	0
28.356	14.715	0
28.355	14.735	0
28.353	14.755	0
28.352	14.775	0
28.35	14.795	0
28.348	14.815	0
28.347	14.835	0
28.345	14.855	0
28.343	14.875	0
28.342	14.895	0
28.34	14.915	0
28.338	14.935	0
28.336	14.955	0
28.335	14.975	0
28.333	14.996	0
28.331	15.016	0
28.329	15.036	0
28.327	15.056	0
28.325	15.076	0
28.324	15.097	0
28.322	15.117	0
28.32	15.137	0
28.318	15.157	0
28.316	15.178	0
28.314	15.198	0
28.312	15.218	0
28.31	15.239	0
28.308	15.259	0
28.305	15.279	0
28.303	15.3	0
28.301	15.32	0
28.299	15.34	0
28.297	15.361	0
28.295	15.381	0
28.293	15.402	0
28.29	15.422	0
28.288	15.442	0
28.286	15.463	0
28.284	15.483	0
28.281	15.504	0
28.279	15.524	0
28.277	15.545	0
28.274	15.565	0
28.272	15.586	0
28.269	15.606	0
28.267	15.627	0
28.265	15.648	0
28.262	15.668	0
28.26	15.689	0
28.257	15.709	0
28.255	15.73	0
28.252	15.751	0
28.249	15.771	0
28.247	15.792	0
28.244	15.813	0
28.242	15.833	0
28.239	15.854	0
28.236	15.875	0
28.234	15.896	0
28.231	15.916	0
28.228	15.937	0
28.225	15.958	0
28.223	15.979	0
28.22	15.999	0
28.217	16.02	0
28.214	16.041	0
28.211	16.062	0
28.209	16.083	0
28.206	16.104	0
28.203	16.124	0
28.2	16.145	0
28.197	16.166	0
28.194	16.187	0
28.191	16.208	0
28.188	16.229	0
28.185	16.25	0
28.182	16.271	0
28.179	16.292	0
28.176	16.313	0
28.172	16.334	0
28.169	16.355	0
28.166	16.376	0
28.163	16.397	0
28.16	16.418	0
28.157	16.439	0
28.153	16.46	0
28.15	16.481	0
28.147	16.502	0
28.143	16.523	0
28.14	16.544	0
28.137	16.565	0
28.133	16.587	0
28.13	16.608	0
28.126	16.629	0
28.123	16.65	0
28.12	16.671	0
28.116	16.693	0
28.113	16.714	0
28.109	16.735	0
28.105	16.756	0
28.102	16.778	0
28.098	16.799	0
28.095	16.82	0
28.091	16.841	0
28.087	16.863	0
28.084	16.884	0
28.08	16.905	0
28.076	16.927	0
28.072	16.948	0
28.069	16.969	0
28.065	16.991	0
28.061	17.012	0
28.057	17.034	0
28.053	17.055	0
28.049	17.077	0
28.045	17.098	0
28.042	17.12	0
28.038	17.141	0
28.034	17.163	0
28.03	17.184	0
28.026	17.206	0
28.021	17.227	0
28.017	17.249	0
28.013	17.27	0
28.009	17.292	0
