""
"Test Method","Prosthetic Ankle Compression.msm"
"Sample I. D.","Prosthetic Ankle 1-9-18.mss"
"Specimen Number","9"

"Time (s)","Load (N)","Crosshead (mm)"

0.300,9,0.06
0.400,12,0.11
0.500,14,0.16
0.600,18,0.21
0.700,44,0.26
0.800,90,0.31
0.900,141,0.36
1.000,196,0.41
1.100,253,0.46
1.200,310,0.51
1.300,368,0.56
1.400,427,0.61
1.500,484,0.66
1.600,540,0.71
1.700,599,0.76
1.800,656,0.81
1.900,713,0.86
2.000,771,0.91
2.100,829,0.96
2.200,887,1.01
2.300,945,1.06
2.400,1004,1.11
2.500,1063,1.16
2.600,1121,1.21
2.700,1180,1.26
2.800,1238,1.31
2.900,1297,1.36
3.000,1356,1.41
3.100,1415,1.46
3.200,1474,1.51
3.300,1533,1.56
3.400,1592,1.61
3.500,1650,1.66
3.600,1708,1.71
3.700,1767,1.76
3.800,1826,1.81
3.900,1884,1.86
4.000,1942,1.91
4.100,2001,1.96
4.200,2059,2.01
4.300,2117,2.06
4.400,2175,2.11
4.500,2233,2.16
4.600,2292,2.21
4.700,2350,2.26
4.800,2409,2.31
4.900,2467,2.36
5.000,2525,2.41
5.100,2583,2.46
5.200,2641,2.51
5.300,2699,2.56
5.400,2757,2.61
5.500,2816,2.66
5.600,2874,2.71
5.700,2932,2.76
5.800,2989,2.81
5.900,3047,2.86
6.000,3105,2.91
6.100,3164,2.96
6.190,3215,3.00
6.300,3259,3.00
6.400,3197,2.95
6.500,3135,2.90
6.600,3073,2.85
6.700,3012,2.80
6.800,2952,2.75
6.900,2892,2.70
7.000,2831,2.65
7.100,2770,2.60
7.200,2709,2.55
7.300,2650,2.50
7.400,2590,2.45
7.500,2529,2.40
7.600,2469,2.35
7.700,2410,2.30
7.800,2349,2.25
7.900,2289,2.20
8.000,2230,2.15
8.100,2172,2.10
8.200,2113,2.05
8.300,2054,2.00
8.400,1995,1.95
8.500,1936,1.90
8.600,1878,1.85
8.700,1819,1.80
8.800,1761,1.75
8.900,1703,1.71
9.000,1645,1.66
9.100,1587,1.60
9.200,1529,1.56
9.300,1470,1.51
9.400,1412,1.46
9.500,1353,1.40
9.600,1296,1.36
9.700,1238,1.31
9.800,1181,1.26
9.900,1122,1.21
10.000,1064,1.16
10.100,1006,1.11
10.200,949,1.06
10.300,890,1.01
10.400,832,0.96
10.500,775,0.91
10.600,717,0.86
10.700,660,0.81
10.800,602,0.76
10.900,544,0.71
11.000,488,0.66
11.100,431,0.61
11.200,375,0.56
11.300,320,0.51
11.400,265,0.46
11.500,211,0.41
11.600,158,0.36
11.700,107,0.31
11.800,60,0.26
11.900,25,0.21
12.000,16,0.16
12.100,14,0.11
12.200,12,0.06
12.300,10,0.01
12.320,10,0.00


