Time(s)	Extension(mm)	Load(N)
0.001	0.000	0.000
0.020	0.000	0.000
0.037	0.000	0.000
0.075	0.000	0.000
0.125	0.000	0.000
0.174	0.000	0.000
0.226	0.000	-0.000
0.280	0.000	0.000
0.323	0.000	0.000
0.374	0.000	0.000
0.423	0.000	0.000
0.473	0.000	0.000
0.526	0.000	0.000
0.575	0.000	0.000
0.623	0.000	0.000
0.673	0.000	0.000
0.722	0.000	0.000
0.773	0.000	-0.000
0.825	0.000	0.000
0.875	0.000	0.000
0.923	0.000	0.000
0.975	0.000	0.000
1.025	0.000	0.000
1.074	0.000	0.000
1.125	0.000	-0.000
1.177	0.000	0.000
1.223	0.000	-0.000
1.277	0.000	0.000
1.325	0.000	0.000
1.375	0.000	0.000
1.425	0.000	0.000
1.475	0.000	0.000
1.533	-0.000	0.000
1.583	-0.000	0.000
1.642	-0.010	0.000
1.693	-0.010	0.000
1.737	-0.010	0.000
1.784	-0.010	0.000
1.835	-0.020	-0.000
1.897	-0.020	0.000
1.943	-0.020	0.000
1.987	-0.020	-0.000
2.046	-0.030	0.000
2.095	-0.030	0.000
2.133	-0.030	0.000
2.193	-0.030	0.000
2.237	-0.040	0.000
2.283	-0.040	-0.000
2.345	-0.040	0.000
2.394	-0.040	0.000
2.436	-0.050	0.000
2.483	-0.050	0.000
2.537	-0.050	0.000
2.587	-0.050	-0.000
2.653	-0.060	-0.000
2.695	-0.060	0.000
2.743	-0.060	0.000
2.785	-0.060	0.000
2.842	-0.070	0.000
2.884	-0.070	0.000
2.934	-0.070	-0.000
2.996	-0.070	0.000
3.037	-0.080	0.000
3.096	-0.080	0.000
3.133	-0.080	0.000
3.187	-0.080	0.000
3.243	-0.090	0.000
3.293	-0.090	-0.000
3.345	-0.090	0.000
3.395	-0.090	0.000
3.443	-0.100	0.000
3.493	-0.100	0.000
3.536	-0.100	-0.000
3.598	-0.100	-0.000
3.647	-0.110	0.000
3.687	-0.110	0.000
3.735	-0.110	0.000
3.787	-0.110	0.000
3.837	-0.120	0.000
3.892	-0.120	0.000
3.936	-0.120	-0.000
4.004	-0.120	0.000
4.044	-0.130	-0.000
4.098	-0.130	-0.000
4.153	-0.130	-0.001
4.195	-0.130	-0.002
4.246	-0.140	-0.002
4.302	-0.140	-0.002
4.346	-0.140	-0.002
4.396	-0.140	-0.003
4.455	-0.150	-0.003
4.498	-0.150	-0.003
4.548	-0.150	-0.003
4.595	-0.150	-0.004
4.648	-0.160	-0.004
4.703	-0.160	-0.004
4.753	-0.160	-0.005
4.796	-0.160	-0.005
4.845	-0.170	-0.005
4.906	-0.170	-0.006
4.948	-0.170	-0.006
4.996	-0.170	-0.006
5.048	-0.180	-0.006
5.097	-0.180	-0.006
5.153	-0.180	-0.007
5.203	-0.180	-0.007
5.245	-0.190	-0.007
5.296	-0.190	-0.008
5.353	-0.190	-0.008
5.396	-0.190	-0.008
5.445	-0.200	-0.009
5.498	-0.200	-0.009
5.548	-0.200	-0.009
5.595	-0.200	-0.009
5.645	-0.210	-0.010
5.697	-0.210	-0.010
5.744	-0.210	-0.010
5.803	-0.210	-0.010
5.845	-0.220	-0.011
5.896	-0.220	-0.011
5.947	-0.220	-0.011
5.998	-0.220	-0.012
6.053	-0.230	-0.012
6.096	-0.230	-0.012
6.147	-0.230	-0.013
6.198	-0.230	-0.013
6.247	-0.240	-0.013
6.294	-0.240	-0.013
6.345	-0.240	-0.013
6.396	-0.240	-0.014
6.452	-0.250	-0.014
6.495	-0.250	-0.015
6.545	-0.250	-0.015
6.597	-0.250	-0.015
6.647	-0.260	-0.016
6.706	-0.260	-0.016
6.743	-0.260	-0.016
6.796	-0.260	-0.016
6.847	-0.270	-0.017
6.898	-0.270	-0.017
6.944	-0.270	-0.017
6.994	-0.270	-0.018
7.046	-0.280	-0.018
7.095	-0.280	-0.018
7.152	-0.280	-0.019
7.195	-0.280	-0.019
7.245	-0.290	-0.019
7.296	-0.290	-0.020
7.346	-0.290	-0.020
7.398	-0.290	-0.020
7.448	-0.300	-0.021
7.495	-0.300	-0.021
7.547	-0.300	-0.021
7.606	-0.300	-0.022
7.652	-0.310	-0.022
7.702	-0.310	-0.023
7.745	-0.310	-0.023
7.795	-0.310	-0.023
7.847	-0.320	-0.024
7.903	-0.320	-0.024
7.945	-0.320	-0.024
7.995	-0.320	-0.025
8.054	-0.330	-0.025
8.097	-0.330	-0.026
8.148	-0.330	-0.026
8.203	-0.330	-0.027
8.245	-0.340	-0.027
8.297	-0.340	-0.027
8.348	-0.340	-0.027
8.403	-0.340	-0.028
8.444	-0.350	-0.028
8.503	-0.350	-0.029
8.546	-0.350	-0.030
8.597	-0.350	-0.030
8.644	-0.360	-0.031
8.694	-0.360	-0.031
8.745	-0.360	-0.031
8.796	-0.360	-0.032
8.847	-0.370	-0.033
8.898	-0.370	-0.033
8.945	-0.370	-0.034
8.996	-0.370	-0.034
9.046	-0.380	-0.035
9.097	-0.380	-0.035
9.148	-0.380	-0.036
9.194	-0.380	-0.037
9.245	-0.390	-0.037
9.296	-0.390	-0.038
9.352	-0.390	-0.038
9.397	-0.390	-0.039
9.444	-0.400	-0.039
9.495	-0.400	-0.040
9.545	-0.400	-0.040
9.596	-0.400	-0.041
9.647	-0.410	-0.041
9.695	-0.410	-0.042
9.747	-0.410	-0.043
9.796	-0.410	-0.043
9.855	-0.420	-0.044
9.897	-0.420	-0.044
9.947	-0.420	-0.045
9.998	-0.420	-0.045
10.045	-0.430	-0.046
10.096	-0.430	-0.046
10.146	-0.430	-0.047
10.197	-0.430	-0.048
10.246	-0.440	-0.048
10.305	-0.440	-0.048
10.348	-0.440	-0.049
10.395	-0.440	-0.050
10.446	-0.450	-0.050
10.495	-0.450	-0.051
10.546	-0.450	-0.052
10.596	-0.450	-0.052
10.647	-0.460	-0.052
10.698	-0.460	-0.053
10.743	-0.460	-0.053
10.795	-0.460	-0.054
10.845	-0.470	-0.054
10.896	-0.470	-0.055
10.946	-0.470	-0.056
10.997	-0.470	-0.056
11.047	-0.480	-0.056
11.102	-0.480	-0.057
11.145	-0.480	-0.057
11.203	-0.480	-0.058
11.245	-0.490	-0.058
11.295	-0.490	-0.059
11.347	-0.490	-0.059
11.397	-0.490	-0.060
11.448	-0.500	-0.060
11.495	-0.500	-0.060
11.546	-0.500	-0.061
11.595	-0.500	-0.061
11.654	-0.510	-0.062
11.696	-0.510	-0.063
11.746	-0.510	-0.063
11.798	-0.510	-0.063
11.844	-0.520	-0.064
11.896	-0.520	-0.064
11.945	-0.520	-0.065
11.996	-0.520	-0.065
12.045	-0.530	-0.066
12.105	-0.530	-0.066
12.148	-0.530	-0.067
12.195	-0.530	-0.067
12.245	-0.540	-0.067
12.295	-0.540	-0.068
12.348	-0.540	-0.068
12.397	-0.540	-0.069
12.448	-0.550	-0.069
12.498	-0.550	-0.070
12.545	-0.550	-0.070
12.596	-0.550	-0.071
12.646	-0.560	-0.071
12.698	-0.560	-0.071
12.747	-0.560	-0.072
12.803	-0.560	-0.072
12.853	-0.570	-0.073
12.896	-0.570	-0.074
12.949	-0.570	-0.074
13.007	-0.570	-0.074
13.048	-0.580	-0.075
13.098	-0.580	-0.075
13.145	-0.580	-0.075
13.195	-0.580	-0.076
13.246	-0.590	-0.076
13.298	-0.590	-0.077
13.345	-0.590	-0.077
13.394	-0.590	-0.077
13.453	-0.600	-0.077
13.496	-0.600	-0.077
13.546	-0.600	-0.077
13.597	-0.600	-0.078
13.649	-0.610	-0.078
13.695	-0.610	-0.078
13.745	-0.610	-0.079
13.796	-0.610	-0.079
13.846	-0.620	-0.079
13.905	-0.620	-0.079
13.947	-0.620	-0.080
14.004	-0.620	-0.080
14.046	-0.630	-0.081
14.096	-0.630	-0.081
14.147	-0.630	-0.081
14.197	-0.630	-0.081
14.248	-0.640	-0.081
14.299	-0.640	-0.082
14.355	-0.640	-0.082
14.397	-0.640	-0.082
14.446	-0.650	-0.083
14.497	-0.650	-0.083
14.546	-0.650	-0.083
14.598	-0.650	-0.084
14.649	-0.660	-0.084
14.703	-0.660	-0.085
14.747	-0.660	-0.085
14.806	-0.660	-0.086
14.848	-0.670	-0.086
14.899	-0.670	-0.087
14.953	-0.670	-0.088
15.003	-0.670	-0.088
15.046	-0.680	-0.088
15.098	-0.680	-0.089
15.153	-0.680	-0.089
15.203	-0.680	-0.090
15.253	-0.690	-0.091
15.296	-0.690	-0.092
15.346	-0.690	-0.092
15.397	-0.690	-0.092
15.449	-0.700	-0.093
15.496	-0.700	-0.093
15.546	-0.700	-0.094
15.597	-0.700	-0.095
15.647	-0.710	-0.096
15.706	-0.710	-0.096
15.748	-0.710	-0.097
15.796	-0.710	-0.097
15.847	-0.720	-0.098
15.897	-0.720	-0.098
15.948	-0.720	-0.099
15.998	-0.720	-0.100
16.045	-0.730	-0.100
16.096	-0.730	-0.101
16.148	-0.730	-0.102
16.205	-0.730	-0.102
16.247	-0.740	-0.102
16.304	-0.740	-0.103
16.347	-0.740	-0.104
16.403	-0.740	-0.104
16.447	-0.750	-0.105
16.504	-0.750	-0.106
16.548	-0.750	-0.106
16.604	-0.750	-0.107
16.648	-0.760	-0.107
16.704	-0.760	-0.108
16.748	-0.760	-0.108
16.804	-0.760	-0.109
16.848	-0.770	-0.110
16.897	-0.770	-0.110
16.954	-0.770	-0.111
16.997	-0.770	-0.111
17.057	-0.780	-0.112
17.105	-0.780	-0.112
17.148	-0.780	-0.113
17.205	-0.780	-0.113
17.253	-0.790	-0.114
17.297	-0.790	-0.115
17.349	-0.790	-0.115
17.397	-0.790	-0.115
17.449	-0.800	-0.116
17.504	-0.800	-0.117
17.549	-0.800	-0.117
17.598	-0.800	-0.118
17.655	-0.810	-0.118
17.697	-0.810	-0.119
17.754	-0.810	-0.119
17.796	-0.810	-0.120
17.854	-0.820	-0.120
17.896	-0.820	-0.120
17.955	-0.820	-0.121
17.999	-0.820	-0.122
18.053	-0.830	-0.122
18.097	-0.830	-0.123
18.149	-0.830	-0.123
18.205	-0.830	-0.123
18.247	-0.840	-0.124
18.304	-0.840	-0.124
18.348	-0.840	-0.125
18.404	-0.840	-0.125
18.447	-0.850	-0.125
18.503	-0.850	-0.126
18.547	-0.850	-0.127
18.599	-0.850	-0.127
18.654	-0.860	-0.127
18.703	-0.860	-0.127
18.748	-0.860	-0.128
18.799	-0.860	-0.128
18.854	-0.870	-0.129
18.898	-0.870	-0.129
18.953	-0.870	-0.129
18.996	-0.870	-0.129
19.054	-0.880	-0.130
19.098	-0.880	-0.130
19.149	-0.880	-0.131
19.197	-0.880	-0.131
19.249	-0.890	-0.131
19.304	-0.890	-0.132
19.347	-0.890	-0.132
19.396	-0.890	-0.132
19.448	-0.900	-0.133
19.504	-0.900	-0.133
19.548	-0.900	-0.133
19.602	-0.900	-0.134
19.647	-0.910	-0.134
19.699	-0.910	-0.135
19.747	-0.910	-0.135
19.804	-0.910	-0.135
19.855	-0.920	-0.136
19.898	-0.920	-0.136
19.954	-0.920	-0.136
19.998	-0.920	-0.137
20.053	-0.930	-0.138
20.097	-0.930	-0.138
20.154	-0.930	-0.139
20.206	-0.930	-0.139
20.253	-0.940	-0.139
20.304	-0.940	-0.140
20.349	-0.940	-0.140
20.404	-0.940	-0.141
20.447	-0.950	-0.141
20.504	-0.950	-0.142
20.549	-0.950	-0.143
20.603	-0.950	-0.143
20.655	-0.960	-0.144
20.699	-0.960	-0.144
20.754	-0.960	-0.145
20.798	-0.960	-0.145
20.855	-0.970	-0.146
20.898	-0.970	-0.147
20.953	-0.970	-0.147
20.998	-0.970	-0.148
21.049	-0.980	-0.148
21.105	-0.980	-0.149
21.148	-0.980	-0.149
21.197	-0.980	-0.150
21.249	-0.990	-0.151
21.304	-0.990	-0.152
21.348	-0.990	-0.152
21.403	-0.990	-0.153
21.447	-1.000	-0.153
21.499	-1.000	-0.154
21.548	-1.000	-0.154
21.605	-1.000	-0.155
21.647	-1.010	-0.156
21.704	-1.010	-0.157
21.746	-1.010	-0.157
21.799	-1.010	-0.158
21.855	-1.020	-0.158
21.899	-1.020	-0.159
21.947	-1.020	-0.159
22.008	-1.020	-0.160
22.047	-1.030	-0.161
22.099	-1.030	-0.162
22.155	-1.030	-0.162
22.198	-1.030	-0.163
22.254	-1.040	-0.163
22.299	-1.040	-0.164
22.347	-1.040	-0.164
22.399	-1.040	-0.165
22.446	-1.050	-0.166
22.498	-1.050	-0.167
22.553	-1.050	-0.167
22.597	-1.050	-0.168
22.655	-1.060	-0.168
22.699	-1.060	-0.169
22.754	-1.060	-0.169
22.798	-1.060	-0.170
22.853	-1.070	-0.171
22.905	-1.070	-0.172
22.949	-1.070	-0.172
22.997	-1.070	-0.173
23.054	-1.080	-0.173
23.105	-1.080	-0.174
23.149	-1.080	-0.174
23.205	-1.080	-0.175
23.249	-1.090	-0.176
23.304	-1.090	-0.177
23.349	-1.090	-0.177
23.405	-1.090	-0.178
23.448	-1.100	-0.178
23.504	-1.100	-0.179
23.547	-1.100	-0.180
23.603	-1.100	-0.180
23.654	-1.110	-0.181
23.699	-1.110	-0.182
23.748	-1.110	-0.182
23.808	-1.110	-0.183
23.847	-1.120	-0.183
23.899	-1.120	-0.184
23.955	-1.120	-0.184
23.998	-1.120	-0.185
24.054	-1.130	-0.186
24.100	-1.130	-0.187
24.147	-1.130	-0.187
24.198	-1.130	-0.188
24.259	-1.140	-0.188
24.298	-1.140	-0.189
24.349	-1.140	-0.190
24.397	-1.140	-0.190
24.455	-1.150	-0.191
24.498	-1.150	-0.192
24.553	-1.150	-0.192
24.597	-1.150	-0.193
24.649	-1.160	-0.193
24.705	-1.160	-0.194
24.748	-1.160	-0.195
24.797	-1.160	-0.195
24.853	-1.170	-0.196
24.905	-1.170	-0.197
24.949	-1.170	-0.197
25.004	-1.170	-0.198
25.048	-1.180	-0.198
25.103	-1.180	-0.199
25.148	-1.180	-0.200
25.205	-1.180	-0.201
25.247	-1.190	-0.201
25.304	-1.190	-0.202
25.347	-1.190	-0.202
25.403	-1.190	-0.203
25.455	-1.200	-0.203
25.499	-1.200	-0.204
25.548	-1.200	-0.205
25.608	-1.200	-0.206
25.647	-1.210	-0.206
25.699	-1.210	-0.207
25.755	-1.210	-0.207
25.798	-1.210	-0.208
25.854	-1.220	-0.209
25.899	-1.220	-0.209
25.947	-1.220	-0.210
25.999	-1.220	-0.211
26.059	-1.230	-0.212
26.098	-1.230	-0.212
26.153	-1.230	-0.213
26.197	-1.230	-0.213
26.255	-1.240	-0.214
26.299	-1.240	-0.214
26.353	-1.240	-0.215
26.398	-1.240	-0.216
26.449	-1.250	-0.217
26.505	-1.250	-0.217
26.549	-1.250	-0.218
26.597	-1.250	-0.218
26.653	-1.260	-0.219
26.704	-1.260	-0.220
26.749	-1.260	-0.220
26.804	-1.260	-0.221
26.848	-1.270	-0.222
26.903	-1.270	-0.223
26.948	-1.270	-0.223
27.005	-1.270	-0.223
27.047	-1.280	-0.224
27.104	-1.280	-0.225
27.147	-1.280	-0.226
27.200	-1.280	-0.226
27.255	-1.290	-0.227
27.298	-1.290	-0.228
27.347	-1.290	-0.228
27.408	-1.290	-0.229
27.446	-1.300	-0.229
27.498	-1.300	-0.230
27.555	-1.300	-0.231
27.597	-1.300	-0.231
27.654	-1.310	-0.232
27.699	-1.310	-0.233
27.747	-1.310	-0.233
27.798	-1.310	-0.234
27.859	-1.320	-0.234
27.897	-1.320	-0.235
27.949	-1.320	-0.236
27.996	-1.320	-0.236
28.054	-1.330	-0.237
28.098	-1.330	-0.238
28.149	-1.330	-0.238
28.197	-1.330	-0.239
28.249	-1.340	-0.239
28.297	-1.340	-0.240
28.348	-1.340	-0.241
28.397	-1.340	-0.242
28.453	-1.350	-0.242
28.505	-1.350	-0.243
28.549	-1.350	-0.243
28.604	-1.350	-0.244
28.649	-1.360	-0.245
28.703	-1.360	-0.245
28.748	-1.360	-0.246
28.805	-1.360	-0.247
28.847	-1.370	-0.247
28.904	-1.370	-0.248
28.947	-1.370	-0.249
29.003	-1.370	-0.249
29.055	-1.380	-0.250
29.099	-1.380	-0.251
29.147	-1.380	-0.251
29.208	-1.380	-0.252
29.247	-1.390	-0.253
29.299	-1.390	-0.253
29.355	-1.390	-0.254
29.397	-1.390	-0.254
29.454	-1.400	-0.255
29.499	-1.400	-0.256
29.547	-1.400	-0.256
29.599	-1.400	-0.257
29.659	-1.410	-0.258
29.698	-1.410	-0.259
29.753	-1.410	-0.259
29.797	-1.410	-0.260
29.855	-1.420	-0.260
29.899	-1.420	-0.261
29.953	-1.420	-0.262
29.998	-1.420	-0.263
30.049	-1.430	-0.263
30.105	-1.430	-0.264
30.148	-1.430	-0.264
30.197	-1.430	-0.265
30.253	-1.440	-0.266
30.306	-1.440	-0.266
30.350	-1.440	-0.267
30.406	-1.440	-0.268
30.450	-1.450	-0.269
30.505	-1.450	-0.269
30.550	-1.450	-0.270
30.606	-1.450	-0.270
30.649	-1.460	-0.271
30.705	-1.460	-0.271
30.747	-1.460	-0.272
30.804	-1.460	-0.273
30.856	-1.470	-0.274
30.900	-1.470	-0.274
30.949	-1.470	-0.275
31.009	-1.470	-0.275
31.048	-1.480	-0.276
31.100	-1.480	-0.277
31.156	-1.480	-0.277
31.198	-1.480	-0.278
31.255	-1.490	-0.279
31.300	-1.490	-0.280
31.348	-1.490	-0.280
31.399	-1.490	-0.281
31.459	-1.500	-0.281
31.498	-1.500	-0.282
31.550	-1.500	-0.283
31.598	-1.500	-0.283
31.655	-1.510	-0.284
31.699	-1.510	-0.285
31.750	-1.510	-0.285
31.798	-1.510	-0.286
31.850	-1.520	-0.286
31.898	-1.520	-0.287
31.949	-1.520	-0.288
31.998	-1.520	-0.289
32.050	-1.530	-0.289
32.106	-1.530	-0.290
32.149	-1.530	-0.290
32.205	-1.530	-0.291
32.249	-1.540	-0.292
32.304	-1.540	-0.292
32.350	-1.540	-0.293
32.406	-1.540	-0.294
32.448	-1.550	-0.294
32.505	-1.550	-0.295
32.547	-1.550	-0.296
32.600	-1.550	-0.296
32.655	-1.560	-0.297
32.700	-1.560	-0.297
32.748	-1.560	-0.298
32.808	-1.560	-0.299
32.856	-1.570	-0.300
32.899	-1.570	-0.300
32.955	-1.570	-0.301
32.998	-1.570	-0.301
33.050	-1.580	-0.302
33.099	-1.580	-0.303
33.156	-1.580	-0.304
33.198	-1.580	-0.304
33.259	-1.590	-0.305
33.297	-1.590	-0.306
33.349	-1.590	-0.306
33.405	-1.590	-0.307
33.450	-1.600	-0.307
33.498	-1.600	-0.308
33.550	-1.600	-0.309
33.606	-1.600	-0.310
33.649	-1.610	-0.311
33.710	-1.610	-0.311
33.748	-1.610	-0.312
33.806	-1.610	-0.312
33.850	-1.620	-0.313
33.905	-1.620	-0.314
33.949	-1.620	-0.314
34.005	-1.620	-0.315
34.049	-1.630	-0.316
34.104	-1.630	-0.316
34.151	-1.630	-0.317
34.206	-1.630	-0.317
34.248	-1.640	-0.318
34.305	-1.640	-0.319
34.348	-1.640	-0.320
34.400	-1.640	-0.320
34.456	-1.650	-0.321
34.500	-1.650	-0.322
34.548	-1.650	-0.322
34.608	-1.650	-0.323
34.655	-1.660	-0.323
34.698	-1.660	-0.324
34.750	-1.660	-0.325
34.804	-1.660	-0.326
34.848	-1.670	-0.326
34.900	-1.670	-0.327
34.948	-1.670	-0.328
34.998	-1.670	-0.328
35.058	-1.680	-0.329
35.105	-1.680	-0.329
35.156	-1.680	-0.330
35.199	-1.680	-0.331
35.255	-1.690	-0.332
35.298	-1.690	-0.332
35.349	-1.690	-0.333
35.405	-1.690	-0.333
35.449	-1.700	-0.334
35.506	-1.700	-0.335
35.551	-1.700	-0.336
35.598	-1.700	-0.336
35.650	-1.710	-0.337
35.700	-1.710	-0.338
35.756	-1.710	-0.338
35.798	-1.710	-0.339
35.850	-1.720	-0.339
35.904	-1.720	-0.340
35.948	-1.720	-0.341
36.004	-1.720	-0.342
36.055	-1.730	-0.342
36.098	-1.730	-0.343
36.149	-1.730	-0.343
36.204	-1.730	-0.344
36.261	-1.740	-0.345
36.298	-1.740	-0.345
36.355	-1.740	-0.346
36.406	-1.740	-0.347
36.449	-1.750	-0.348
36.500	-1.750	-0.348
36.555	-1.750	-0.349
36.597	-1.750	-0.349
36.649	-1.760	-0.350
36.706	-1.760	-0.351
36.749	-1.760	-0.352
36.800	-1.760	-0.352
36.860	-1.770	-0.353
36.898	-1.770	-0.354
36.948	-1.770	-0.354
37.000	-1.770	-0.355
37.048	-1.780	-0.355
37.100	-1.780	-0.356
37.154	-1.780	-0.357
37.198	-1.780	-0.358
37.249	-1.790	-0.358
37.308	-1.790	-0.359
37.355	-1.790	-0.359
37.399	-1.790	-0.360
37.455	-1.800	-0.360
37.505	-1.800	-0.361
37.549	-1.800	-0.362
37.600	-1.800	-0.363
37.656	-1.810	-0.363
37.698	-1.810	-0.364
37.750	-1.810	-0.365
37.797	-1.810	-0.365
37.848	-1.820	-0.366
37.900	-1.820	-0.367
37.954	-1.820	-0.367
37.998	-1.820	-0.368
38.048	-1.830	-0.369
38.100	-1.830	-0.369
38.148	-1.830	-0.370
38.207	-1.830	-0.370
38.250	-1.840	-0.371
38.305	-1.840	-0.372
38.348	-1.840	-0.373
38.399	-1.840	-0.374
38.454	-1.850	-0.374
38.498	-1.850	-0.375
38.554	-1.850	-0.375
38.605	-1.850	-0.376
38.656	-1.860	-0.376
38.700	-1.860	-0.377
38.750	-1.860	-0.378
38.806	-1.860	-0.379
38.850	-1.870	-0.380
38.905	-1.870	-0.380
38.956	-1.870	-0.381
38.999	-1.870	-0.381
39.050	-1.880	-0.382
39.109	-1.880	-0.383
39.148	-1.880	-0.383
39.200	-1.880	-0.384
39.247	-1.890	-0.385
39.298	-1.890	-0.385
39.350	-1.890	-0.386
39.400	-1.890	-0.387
39.448	-1.900	-0.387
39.499	-1.900	-0.388
39.555	-1.900	-0.389
39.598	-1.900	-0.390
39.649	-1.910	-0.390
39.704	-1.910	-0.391
39.755	-1.910	-0.391
39.798	-1.910	-0.392
39.849	-1.920	-0.393
39.905	-1.920	-0.393
39.949	-1.920	-0.394
40.008	-1.920	-0.395
40.055	-1.930	-0.395
40.098	-1.930	-0.396
40.150	-1.930	-0.397
40.200	-1.930	-0.397
40.256	-1.940	-0.398
40.300	-1.940	-0.399
40.356	-1.940	-0.400
40.397	-1.940	-0.400
40.457	-1.950	-0.401
40.500	-1.950	-0.401
40.554	-1.950	-0.402
40.598	-1.950	-0.402
40.650	-1.960	-0.403
40.698	-1.960	-0.404
40.748	-1.960	-0.405
40.800	-1.960	-0.405
40.855	-1.970	-0.406
40.905	-1.970	-0.406
40.948	-1.970	-0.407
41.005	-1.970	-0.408
41.048	-1.980	-0.408
41.099	-1.980	-0.409
41.154	-1.980	-0.410
41.205	-1.980	-0.411
41.248	-1.990	-0.411
41.300	-1.990	-0.412
41.356	-1.990	-0.412
41.399	-1.990	-0.413
41.450	-2.000	-0.414
41.505	-2.000	-0.414
41.547	-2.000	-0.415
41.590	-2.000	-0.416
41.638	-1.890	-0.416
41.688	-1.780	-0.409
41.738	-1.640	-0.376
41.796	-1.500	-0.336
41.836	-1.330	-0.293
41.894	-1.150	-0.255
41.944	-0.960	-0.210
41.990	-0.750	-0.166
42.040	-0.540	-0.115
42.090	-0.330	-0.066
42.140	-0.130	-0.026
42.186	0.000	-0.003
42.236	0.000	-0.001
42.278	0.000	-0.001
42.329	0.000	-0.001
42.382	0.000	-0.001
42.429	0.000	-0.001
42.481	0.000	-0.001
42.529	0.000	-0.001
42.583	0.000	-0.001
42.627	0.000	-0.001
42.677	0.000	-0.001
42.729	0.000	-0.001
42.777	0.000	-0.001
42.829	0.000	-0.001
42.877	0.000	-0.001
42.929	0.000	-0.001
42.979	0.000	-0.001
43.031	0.000	-0.001
43.083	0.000	-0.001
43.129	0.000	-0.001
43.181	0.000	-0.001
43.229	0.000	-0.001
43.282	0.000	-0.001
43.329	0.000	-0.001
43.381	0.000	-0.000
43.432	0.000	-0.001
43.478	0.000	-0.000
43.532	0.000	-0.001
43.580	0.000	-0.000
43.633	0.000	-0.001
43.679	0.000	-0.001
43.732	0.000	-0.000
43.782	0.000	-0.000
43.828	0.000	-0.000
43.881	0.000	-0.000
43.928	0.000	-0.000
43.977	0.000	-0.001
44.029	0.000	-0.000
44.082	0.000	-0.000
44.127	0.000	-0.000
44.179	0.000	-0.000
44.232	0.000	-0.000
44.277	0.000	-0.000
44.331	0.000	-0.000
44.377	0.000	-0.000
44.430	0.000	-0.000
44.481	0.000	-0.000
44.527	0.000	-0.000
44.579	0.000	-0.000
44.631	0.000	-0.000
44.679	0.000	-0.000
44.731	0.000	-0.000
44.778	0.000	-0.000
44.830	0.000	-0.000
44.880	0.000	-0.000
44.927	0.000	-0.000
44.979	0.000	-0.000
45.027	0.000	-0.000
45.079	0.000	-0.000
45.132	0.000	-0.000
45.177	0.000	-0.000
45.228	0.000	-0.000
45.279	0.000	0.000
45.325	0.000	-0.000
45.378	0.000	-0.000
45.429	0.000	-0.000
45.477	0.000	-0.000
45.529	0.000	-0.000
45.579	0.000	-0.000
45.631	0.000	-0.000
45.678	0.000	-0.000
45.729	0.000	-0.000
45.777	0.000	-0.000
45.831	0.000	-0.000
45.877	0.000	-0.000
45.927	0.000	-0.000
45.979	0.000	-0.000
46.031	0.000	-0.000
46.077	0.000	-0.000
46.131	0.000	-0.000
46.178	0.000	0.000
46.227	0.000	-0.000
46.277	0.000	-0.000
46.329	0.000	0.000
46.378	0.000	-0.000
