Time(s)	Extension(mm)	Load(N)
0.001	0.000	0.000
0.022	0.000	0.000
0.072	0.000	0.000
0.123	0.000	0.000
0.172	0.000	0.000
0.221	0.000	0.000
0.271	0.000	0.000
0.323	0.000	0.000
0.371	0.000	0.000
0.421	0.000	0.000
0.471	0.000	0.000
0.522	0.000	0.000
0.573	0.000	0.000
0.621	0.000	0.000
0.673	0.000	0.000
0.722	0.000	0.000
0.772	0.000	0.000
0.829	-0.000	0.000
0.884	-0.000	0.000
0.942	-0.010	0.000
0.986	-0.010	0.000
1.032	-0.010	0.000
1.085	-0.010	0.000
1.132	-0.020	0.000
1.186	-0.020	0.000
1.236	-0.020	0.000
1.292	-0.020	0.000
1.336	-0.030	0.000
1.383	-0.030	0.000
1.435	-0.030	0.000
1.492	-0.030	0.000
1.535	-0.040	0.000
1.585	-0.040	0.000
1.641	-0.040	0.000
1.685	-0.040	0.000
1.741	-0.050	0.000
1.792	-0.050	0.000
1.835	-0.050	0.000
1.892	-0.050	0.000
1.942	-0.060	0.000
1.984	-0.060	0.000
2.042	-0.060	0.000
2.092	-0.060	0.000
2.134	-0.070	0.000
2.187	-0.070	0.000
2.233	-0.070	0.000
2.287	-0.070	0.000
2.337	-0.080	0.000
2.393	-0.080	0.000
2.436	-0.080	0.000
2.487	-0.080	0.000
2.543	-0.090	0.000
2.586	-0.090	0.000
2.642	-0.090	0.000
2.692	-0.090	0.000
2.741	-0.100	0.000
2.792	-0.100	0.000
2.843	-0.100	0.000
2.885	-0.100	0.000
2.942	-0.110	0.000
2.983	-0.110	0.000
3.034	-0.110	0.000
3.087	-0.110	0.000
3.133	-0.120	0.000
3.187	-0.120	0.000
3.237	-0.120	0.000
3.293	-0.120	0.000
3.336	-0.130	0.000
3.386	-0.130	0.000
3.442	-0.130	0.000
3.485	-0.130	0.000
3.537	-0.140	0.000
3.587	-0.140	0.000
3.633	-0.140	0.000
3.687	-0.140	0.000
3.746	-0.150	0.000
3.793	-0.150	0.000
3.836	-0.150	0.000
3.892	-0.150	0.000
3.942	-0.160	0.000
3.984	-0.160	0.000
4.041	-0.160	0.000
4.083	-0.160	0.000
4.133	-0.170	-0.000
4.196	-0.170	0.000
4.245	-0.170	0.000
4.287	-0.170	0.000
4.342	-0.180	0.000
4.385	-0.180	0.000
4.437	-0.180	0.000
4.487	-0.180	0.000
4.543	-0.190	0.000
4.587	-0.190	0.000
4.645	-0.190	0.000
4.692	-0.190	0.000
4.736	-0.200	0.000
4.787	-0.200	0.000
4.841	-0.200	0.000
4.893	-0.200	0.000
4.937	-0.210	0.000
4.992	-0.210	0.000
5.042	-0.210	0.000
5.084	-0.210	0.000
5.137	-0.220	0.000
5.186	-0.220	0.000
5.237	-0.220	0.000
5.283	-0.220	0.000
5.336	-0.230	-0.000
5.395	-0.230	0.000
5.444	-0.230	0.000
5.487	-0.230	0.000
5.545	-0.240	0.000
5.592	-0.240	0.000
5.634	-0.240	0.000
5.687	-0.240	0.000
5.737	-0.250	0.000
5.792	-0.250	0.000
5.834	-0.250	0.000
5.887	-0.250	0.000
5.937	-0.260	0.000
5.993	-0.260	0.000
6.034	-0.260	0.000
6.084	-0.260	0.000
6.136	-0.270	0.000
6.193	-0.270	0.000
6.234	-0.270	0.000
6.283	-0.270	0.000
6.336	-0.280	-0.001
6.397	-0.280	-0.002
6.447	-0.280	-0.002
6.494	-0.280	-0.003
6.547	-0.290	-0.003
6.601	-0.290	-0.004
6.652	-0.290	-0.005
6.695	-0.290	-0.005
6.744	-0.300	-0.006
6.795	-0.300	-0.006
6.846	-0.300	-0.007
6.902	-0.300	-0.007
6.944	-0.310	-0.008
6.995	-0.310	-0.009
7.045	-0.310	-0.009
7.095	-0.310	-0.010
7.147	-0.320	-0.010
7.197	-0.320	-0.011
7.244	-0.320	-0.012
7.297	-0.320	-0.012
7.355	-0.330	-0.013
7.402	-0.330	-0.014
7.452	-0.330	-0.015
7.495	-0.330	-0.015
7.545	-0.340	-0.016
7.596	-0.340	-0.016
7.643	-0.340	-0.016
7.695	-0.340	-0.017
7.745	-0.350	-0.018
7.805	-0.350	-0.019
7.847	-0.350	-0.020
7.897	-0.350	-0.020
7.943	-0.360	-0.021
7.996	-0.360	-0.021
8.047	-0.360	-0.022
8.097	-0.360	-0.023
8.144	-0.370	-0.024
8.195	-0.370	-0.024
8.253	-0.370	-0.025
8.296	-0.370	-0.026
8.351	-0.380	-0.027
8.395	-0.380	-0.027
8.444	-0.380	-0.028
8.495	-0.380	-0.029
8.545	-0.390	-0.030
8.598	-0.390	-0.031
8.652	-0.390	-0.031
8.695	-0.390	-0.032
8.746	-0.400	-0.033
8.797	-0.400	-0.033
8.852	-0.400	-0.034
8.902	-0.400	-0.035
8.945	-0.410	-0.035
8.995	-0.410	-0.036
9.046	-0.410	-0.037
9.093	-0.410	-0.038
9.151	-0.420	-0.038
9.194	-0.420	-0.039
9.244	-0.420	-0.040
9.295	-0.420	-0.041
9.345	-0.430	-0.042
9.396	-0.430	-0.044
9.447	-0.430	-0.045
9.494	-0.430	-0.046
9.543	-0.440	-0.046
9.602	-0.440	-0.048
9.645	-0.440	-0.048
9.694	-0.440	-0.050
9.745	-0.450	-0.051
9.798	-0.450	-0.053
9.843	-0.450	-0.054
9.898	-0.450	-0.056
9.945	-0.460	-0.057
9.994	-0.460	-0.058
10.052	-0.460	-0.060
10.095	-0.460	-0.062
10.147	-0.470	-0.064
10.193	-0.470	-0.066
10.252	-0.470	-0.067
10.295	-0.470	-0.068
10.344	-0.480	-0.070
10.395	-0.480	-0.071
10.445	-0.480	-0.071
10.498	-0.480	-0.072
10.544	-0.490	-0.074
10.593	-0.490	-0.075
10.645	-0.490	-0.076
10.695	-0.490	-0.077
10.745	-0.500	-0.077
10.795	-0.500	-0.078
10.847	-0.500	-0.079
10.894	-0.500	-0.080
10.952	-0.510	-0.081
10.995	-0.510	-0.082
11.045	-0.510	-0.083
11.096	-0.510	-0.085
11.145	-0.520	-0.085
11.197	-0.520	-0.086
11.245	-0.520	-0.087
11.296	-0.520	-0.088
11.345	-0.530	-0.089
11.404	-0.530	-0.091
11.445	-0.530	-0.092
11.495	-0.530	-0.093
11.547	-0.540	-0.094
11.595	-0.540	-0.095
11.645	-0.540	-0.095
11.695	-0.540	-0.097
11.747	-0.550	-0.098
11.797	-0.550	-0.099
11.855	-0.550	-0.101
11.897	-0.550	-0.102
11.946	-0.560	-0.102
12.003	-0.560	-0.103
12.045	-0.560	-0.104
12.102	-0.560	-0.106
12.153	-0.570	-0.108
12.197	-0.570	-0.110
12.253	-0.570	-0.111
12.301	-0.570	-0.113
12.345	-0.580	-0.114
12.397	-0.580	-0.115
12.453	-0.580	-0.117
12.496	-0.580	-0.119
12.553	-0.590	-0.121
12.596	-0.590	-0.123
12.653	-0.590	-0.124
12.697	-0.590	-0.126
12.752	-0.600	-0.127
12.797	-0.600	-0.128
12.853	-0.600	-0.130
12.896	-0.600	-0.132
12.947	-0.610	-0.134
12.995	-0.610	-0.136
13.053	-0.610	-0.137
13.097	-0.610	-0.139
13.153	-0.620	-0.140
13.205	-0.620	-0.141
13.252	-0.620	-0.143
13.303	-0.620	-0.145
13.347	-0.630	-0.147
13.396	-0.630	-0.149
13.452	-0.630	-0.151
13.503	-0.630	-0.152
13.547	-0.640	-0.153
13.603	-0.640	-0.154
13.655	-0.640	-0.155
13.702	-0.640	-0.157
13.747	-0.650	-0.158
13.795	-0.650	-0.159
13.847	-0.650	-0.160
13.903	-0.650	-0.161
13.945	-0.660	-0.161
14.003	-0.660	-0.162
14.045	-0.660	-0.163
14.103	-0.660	-0.164
14.147	-0.670	-0.165
14.202	-0.670	-0.166
14.247	-0.670	-0.167
14.303	-0.670	-0.168
14.346	-0.680	-0.169
14.397	-0.680	-0.170
14.446	-0.680	-0.171
14.503	-0.680	-0.172
14.555	-0.690	-0.173
14.602	-0.690	-0.174
14.645	-0.690	-0.176
14.702	-0.690	-0.176
14.753	-0.700	-0.177
14.797	-0.700	-0.178
14.846	-0.700	-0.179
14.903	-0.700	-0.181
14.945	-0.710	-0.183
15.007	-0.710	-0.184
15.045	-0.710	-0.185
15.097	-0.710	-0.186
15.153	-0.720	-0.187
15.202	-0.720	-0.188
15.247	-0.720	-0.189
15.297	-0.720	-0.191
15.346	-0.730	-0.193
15.398	-0.730	-0.194
15.453	-0.730	-0.195
15.497	-0.730	-0.196
15.545	-0.740	-0.197
15.602	-0.740	-0.198
15.645	-0.740	-0.200
15.697	-0.740	-0.201
15.753	-0.750	-0.203
15.799	-0.750	-0.205
15.853	-0.750	-0.206
15.902	-0.750	-0.207
15.945	-0.760	-0.209
15.997	-0.760	-0.210
16.045	-0.760	-0.212
16.097	-0.760	-0.214
16.153	-0.770	-0.216
16.197	-0.770	-0.218
16.253	-0.770	-0.220
16.302	-0.770	-0.222
16.353	-0.780	-0.223
16.397	-0.780	-0.225
16.453	-0.780	-0.227
16.497	-0.780	-0.229
16.552	-0.790	-0.231
16.596	-0.790	-0.234
16.653	-0.790	-0.236
16.697	-0.790	-0.237
16.753	-0.800	-0.239
16.805	-0.800	-0.240
16.853	-0.800	-0.242
16.895	-0.800	-0.245
16.951	-0.810	-0.247
16.997	-0.810	-0.249
17.053	-0.810	-0.252
17.095	-0.810	-0.253
17.153	-0.820	-0.255
17.195	-0.820	-0.256
17.256	-0.820	-0.259
17.295	-0.820	-0.261
17.351	-0.830	-0.263
17.396	-0.830	-0.266
17.447	-0.830	-0.268
17.503	-0.830	-0.270
17.545	-0.840	-0.271
17.602	-0.840	-0.273
17.645	-0.840	-0.275
17.697	-0.840	-0.277
17.745	-0.850	-0.280
17.797	-0.850	-0.282
17.853	-0.850	-0.285
17.895	-0.850	-0.286
17.947	-0.860	-0.288
18.002	-0.860	-0.290
18.046	-0.860	-0.292
18.095	-0.860	-0.294
18.155	-0.870	-0.296
18.202	-0.870	-0.299
18.245	-0.870	-0.301
18.297	-0.870	-0.303
18.352	-0.880	-0.305
18.396	-0.880	-0.306
18.453	-0.880	-0.308
18.497	-0.880	-0.311
18.552	-0.890	-0.314
18.603	-0.890	-0.316
18.647	-0.890	-0.318
18.703	-0.890	-0.320
18.746	-0.900	-0.322
18.803	-0.900	-0.324
18.847	-0.900	-0.326
18.902	-0.900	-0.328
18.946	-0.910	-0.331
18.997	-0.910	-0.333
19.053	-0.910	-0.336
19.096	-0.910	-0.338
19.145	-0.920	-0.339
19.197	-0.920	-0.341
19.252	-0.920	-0.343
19.295	-0.920	-0.346
19.347	-0.930	-0.348
19.395	-0.930	-0.351
19.448	-0.930	-0.353
19.504	-0.930	-0.355
19.548	-0.940	-0.357
19.602	-0.940	-0.359
19.647	-0.940	-0.361
19.698	-0.940	-0.364
19.754	-0.950	-0.366
19.796	-0.950	-0.369
19.853	-0.950	-0.371
19.898	-0.950	-0.373
19.946	-0.960	-0.375
19.996	-0.960	-0.377
20.048	-0.960	-0.379
20.104	-0.960	-0.382
20.146	-0.970	-0.385
20.204	-0.970	-0.387
20.248	-0.970	-0.390
20.304	-0.970	-0.392
20.346	-0.980	-0.393
20.407	-0.980	-0.395
20.454	-0.980	-0.398
20.496	-0.980	-0.400
20.552	-0.990	-0.403
20.598	-0.990	-0.406
20.654	-0.990	-0.408
20.696	-0.990	-0.410
20.748	-1.000	-0.412
20.804	-1.000	-0.414
20.856	-1.000	-0.416
20.903	-1.000	-0.419
20.948	-1.010	-0.422
21.004	-1.010	-0.425
21.046	-1.010	-0.427
21.104	-1.010	-0.429
21.146	-1.020	-0.431
21.203	-1.020	-0.432
21.254	-1.020	-0.435
21.303	-1.020	-0.438
21.346	-1.030	-0.441
21.398	-1.030	-0.443
21.454	-1.030	-0.446
21.498	-1.030	-0.448
21.554	-1.040	-0.449
21.596	-1.040	-0.452
21.653	-1.040	-0.454
21.698	-1.040	-0.457
21.758	-1.050	-0.460
21.797	-1.050	-0.463
21.848	-1.050	-0.465
21.896	-1.050	-0.467
21.948	-1.060	-0.469
22.004	-1.060	-0.471
22.053	-1.060	-0.473
22.097	-1.060	-0.476
22.148	-1.070	-0.479
22.204	-1.070	-0.482
22.248	-1.070	-0.485
22.304	-1.070	-0.486
22.346	-1.080	-0.488
22.404	-1.080	-0.490
22.448	-1.080	-0.493
22.504	-1.080	-0.496
22.548	-1.090	-0.499
22.603	-1.090	-0.501
22.654	-1.090	-0.504
22.698	-1.090	-0.506
22.746	-1.100	-0.508
22.804	-1.100	-0.510
22.846	-1.100	-0.513
22.902	-1.100	-0.515
22.954	-1.110	-0.519
22.998	-1.110	-0.521
23.054	-1.110	-0.524
23.098	-1.110	-0.526
23.146	-1.120	-0.527
23.198	-1.120	-0.530
23.254	-1.120	-0.532
23.298	-1.120	-0.536
23.354	-1.130	-0.538
23.396	-1.130	-0.541
23.454	-1.130	-0.544
23.499	-1.130	-0.546
23.554	-1.140	-0.548
23.598	-1.140	-0.550
23.654	-1.140	-0.552
23.697	-1.140	-0.556
23.749	-1.150	-0.558
23.796	-1.150	-0.561
23.854	-1.150	-0.564
23.898	-1.150	-0.566
23.954	-1.160	-0.568
24.006	-1.160	-0.570
24.053	-1.160	-0.572
24.104	-1.160	-0.575
24.150	-1.170	-0.578
24.197	-1.170	-0.581
24.254	-1.170	-0.584
24.296	-1.170	-0.586
24.352	-1.180	-0.587
24.394	-1.180	-0.590
24.456	-1.180	-0.592
24.504	-1.180	-0.595
24.549	-1.190	-0.598
24.596	-1.190	-0.601
24.648	-1.190	-0.604
24.704	-1.190	-0.606
24.748	-1.200	-0.608
24.804	-1.200	-0.610
24.847	-1.200	-0.612
24.904	-1.200	-0.616
24.948	-1.210	-0.619
25.004	-1.210	-0.622
25.048	-1.210	-0.624
25.103	-1.210	-0.626
25.147	-1.220	-0.628
25.198	-1.220	-0.630
25.246	-1.220	-0.633
25.304	-1.220	-0.636
25.356	-1.230	-0.639
25.404	-1.230	-0.642
25.446	-1.230	-0.644
25.502	-1.230	-0.646
25.554	-1.240	-0.648
25.598	-1.240	-0.650
25.647	-1.240	-0.653
25.704	-1.240	-0.656
25.746	-1.250	-0.660
25.808	-1.250	-0.662
25.844	-1.250	-0.665
25.898	-1.250	-0.667
25.954	-1.260	-0.669
25.998	-1.260	-0.671
26.046	-1.260	-0.674
26.098	-1.260	-0.677
26.146	-1.270	-0.680
26.198	-1.270	-0.683
26.244	-1.270	-0.685
26.298	-1.270	-0.687
26.346	-1.280	-0.689
26.403	-1.280	-0.692
26.455	-1.280	-0.695
26.499	-1.280	-0.698
26.554	-1.290	-0.701
26.598	-1.290	-0.704
26.654	-1.290	-0.706
26.698	-1.290	-0.708
26.744	-1.300	-0.710
26.798	-1.300	-0.712
26.854	-1.300	-0.715
26.897	-1.300	-0.718
26.954	-1.310	-0.721
26.996	-1.310	-0.724
27.054	-1.310	-0.727
27.098	-1.310	-0.728
27.144	-1.320	-0.730
27.197	-1.320	-0.733
27.254	-1.320	-0.736
27.298	-1.320	-0.739
27.348	-1.330	-0.742
27.396	-1.330	-0.745
27.454	-1.330	-0.747
27.499	-1.330	-0.749
27.554	-1.340	-0.751
27.606	-1.340	-0.753
27.653	-1.340	-0.756
27.704	-1.340	-0.759
27.749	-1.350	-0.762
27.798	-1.350	-0.765
27.854	-1.350	-0.767
27.896	-1.350	-0.770
27.954	-1.360	-0.772
27.996	-1.360	-0.774
28.058	-1.360	-0.777
28.105	-1.360	-0.780
28.153	-1.370	-0.783
28.197	-1.370	-0.786
28.248	-1.370	-0.788
28.296	-1.370	-0.791
28.348	-1.380	-0.792
28.396	-1.380	-0.795
28.448	-1.380	-0.798
28.507	-1.380	-0.801
28.554	-1.390	-0.804
28.604	-1.390	-0.807
28.649	-1.390	-0.809
28.704	-1.390	-0.812
28.748	-1.400	-0.814
28.804	-1.400	-0.816
28.848	-1.400	-0.819
28.897	-1.400	-0.822
28.957	-1.410	-0.825
28.994	-1.410	-0.828
29.049	-1.410	-0.831
29.105	-1.410	-0.833
29.147	-1.420	-0.835
29.204	-1.420	-0.837
29.248	-1.420	-0.840
29.296	-1.420	-0.843
29.347	-1.430	-0.846
29.399	-1.430	-0.849
29.446	-1.430	-0.852
29.498	-1.430	-0.854
29.546	-1.440	-0.856
29.596	-1.440	-0.858
29.648	-1.440	-0.861
29.696	-1.440	-0.864
29.749	-1.450	-0.867
29.795	-1.450	-0.870
29.856	-1.450	-0.873
29.905	-1.450	-0.875
29.949	-1.460	-0.877
29.997	-1.460	-0.879
30.048	-1.460	-0.882
30.096	-1.460	-0.885
30.148	-1.470	-0.889
30.196	-1.470	-0.892
30.248	-1.470	-0.894
30.296	-1.470	-0.896
30.344	-1.480	-0.898
30.396	-1.480	-0.900
30.455	-1.480	-0.903
30.497	-1.480	-0.907
30.554	-1.490	-0.910
30.596	-1.490	-0.912
30.655	-1.490	-0.915
30.698	-1.490	-0.917
30.754	-1.500	-0.919
30.798	-1.500	-0.921
30.848	-1.500	-0.925
30.889	-1.500	-0.927
30.938	-1.390	-0.928
30.988	-1.280	-0.898
31.034	-1.140	-0.743
31.086	-0.990	-0.576
31.134	-0.830	-0.423
31.196	-0.650	-0.286
31.238	-0.470	-0.188
31.286	-0.290	-0.079
31.336	-0.120	-0.008
31.386	0.000	-0.002
31.432	0.000	-0.002
31.476	0.000	-0.002
31.529	0.000	-0.002
31.579	0.000	-0.002
31.630	0.000	-0.002
31.676	0.000	-0.002
31.728	0.000	-0.002
31.776	0.000	-0.002
31.831	0.000	-0.002
31.876	0.000	-0.002
31.926	0.000	-0.002
31.980	0.000	-0.001
32.030	0.000	-0.001
32.077	0.000	-0.001
32.130	0.000	-0.001
32.178	0.000	-0.001
32.230	0.000	-0.001
32.280	0.000	-0.001
32.326	0.000	-0.001
32.377	0.000	-0.001
32.430	0.000	-0.001
32.477	0.000	-0.001
32.526	0.000	-0.001
32.578	0.000	-0.001
32.631	0.000	-0.001
32.677	0.000	-0.001
32.727	0.000	-0.001
32.778	0.000	-0.001
32.826	0.000	-0.001
32.878	0.000	-0.001
32.927	0.000	-0.000
32.976	0.000	-0.000
33.028	0.000	-0.001
33.078	0.000	-0.000
33.125	0.000	-0.000
33.178	0.000	-0.000
33.230	0.000	-0.000
33.278	0.000	-0.000
33.331	0.000	-0.000
33.378	0.000	-0.000
33.428	0.000	-0.000
33.480	0.000	-0.000
33.527	0.000	-0.000
33.578	0.000	-0.000
33.627	0.000	-0.000
33.678	0.000	-0.000
33.726	0.000	-0.000
33.778	0.000	-0.000
33.828	0.000	-0.000
33.876	0.000	-0.000
33.926	0.000	-0.000
33.976	0.000	-0.000
34.026	0.000	-0.000
34.078	0.000	-0.000
34.126	0.000	-0.000
34.176	0.000	-0.000
34.228	0.000	-0.000
34.284	0.000	-0.000
34.328	0.000	-0.000
34.380	0.000	-0.000
34.427	0.000	-0.000
34.478	0.000	-0.000
34.528	0.000	-0.000
34.581	0.000	-0.000
34.628	0.000	-0.000
34.680	0.000	-0.000
34.728	0.000	-0.000
34.776	0.000	-0.000
34.827	0.000	-0.000
34.877	0.000	-0.000
34.928	0.000	-0.000
34.976	0.000	-0.000
35.027	0.000	-0.000
35.076	0.000	-0.000
35.128	0.000	0.000
35.173	0.000	-0.000
35.228	0.000	-0.000
35.280	0.000	-0.000
35.326	0.000	-0.000
35.378	0.000	-0.000
35.427	0.000	-0.000
35.478	0.000	-0.000
35.526	0.000	-0.000
35.577	0.000	-0.000
35.628	0.000	0.000
35.677	0.000	-0.000
35.729	0.000	-0.000
35.777	0.000	0.000
35.826	0.000	-0.000
35.876	0.000	0.000
35.924	0.000	0.000
35.977	0.000	-0.000
36.030	0.000	0.000
36.074	0.000	-0.000
36.128	0.000	-0.000
36.178	0.000	0.000
36.223	0.000	0.000
36.277	0.000	-0.000
36.327	0.000	-0.000
36.380	0.000	-0.000
36.426	0.000	-0.000
36.478	0.000	-0.000
36.527	0.000	0.000
36.576	0.000	-0.000
36.628	0.000	0.000
36.676	0.000	-0.000
36.728	0.000	0.000
36.777	0.000	-0.000
36.828	0.000	-0.000
36.877	0.000	-0.000
36.929	0.000	-0.000
