Time(s)	Extension(mm)	Load(N)
0.001	0.000	0.000
0.017	0.000	0.000
0.060	0.000	0.000
0.110	0.000	0.000
0.163	0.000	0.000
0.211	0.000	0.000
0.260	0.000	0.000
0.310	0.000	0.000
0.364	0.000	0.000
0.410	0.000	0.000
0.461	0.000	0.000
0.513	0.000	0.000
0.561	0.000	0.000
0.615	-0.000	0.000
0.674	-0.000	0.000
0.730	-0.010	0.000
0.781	-0.010	0.000
0.824	-0.010	0.000
0.872	-0.010	0.000
0.933	-0.020	0.000
0.980	-0.020	0.000
1.025	-0.020	0.000
1.081	-0.020	0.000
1.131	-0.030	0.000
1.174	-0.030	0.000
1.221	-0.030	0.000
1.275	-0.030	0.000
1.325	-0.040	0.000
1.371	-0.040	0.000
1.425	-0.040	0.000
1.476	-0.040	0.000
1.521	-0.050	0.000
1.580	-0.050	0.000
1.621	-0.050	0.000
1.672	-0.050	0.000
1.725	-0.060	0.000
1.772	-0.060	0.000
1.832	-0.060	0.000
1.874	-0.060	0.000
1.921	-0.070	0.000
1.974	-0.070	0.000
2.025	-0.070	0.000
2.081	-0.070	0.000
2.124	-0.080	0.000
2.180	-0.080	0.000
2.230	-0.080	0.000
2.283	-0.080	0.000
2.330	-0.090	0.000
2.381	-0.090	0.000
2.422	-0.090	0.000
2.480	-0.090	0.000
2.522	-0.100	0.000
2.572	-0.100	0.000
2.626	-0.100	0.000
2.672	-0.100	0.000
2.733	-0.110	0.000
2.780	-0.110	0.000
2.822	-0.110	0.000
2.875	-0.110	0.000
2.925	-0.120	0.000
2.981	-0.120	0.000
3.024	-0.120	0.000
3.080	-0.120	0.000
3.131	-0.130	0.000
3.174	-0.130	0.000
3.230	-0.130	0.000
3.280	-0.130	0.000
3.321	-0.140	0.000
3.375	-0.140	0.000
3.431	-0.140	0.000
3.471	-0.140	0.000
3.533	-0.150	0.000
3.574	-0.150	0.000
3.643	-0.150	0.000
3.683	-0.150	0.000
3.729	-0.160	0.000
3.771	-0.160	0.000
3.821	-0.160	0.000
3.875	-0.160	0.000
3.931	-0.170	0.000
3.972	-0.170	0.000
4.022	-0.170	0.000
4.080	-0.170	0.000
4.121	-0.180	0.000
4.171	-0.180	0.000
4.225	-0.180	0.000
4.281	-0.180	0.000
4.322	-0.190	0.000
4.372	-0.190	0.000
4.425	-0.190	0.000
4.472	-0.190	0.000
4.532	-0.200	0.000
4.575	-0.200	0.000
4.621	-0.200	0.000
4.673	-0.200	0.000
4.723	-0.210	0.000
4.775	-0.210	0.000
4.821	-0.210	0.000
4.875	-0.210	0.000
4.924	-0.220	0.000
4.980	-0.220	0.000
5.021	-0.220	0.000
5.081	-0.220	0.000
5.122	-0.230	0.000
5.175	-0.230	0.000
5.231	-0.230	0.000
5.281	-0.230	0.000
5.323	-0.240	0.000
5.375	-0.240	0.000
5.433	-0.240	0.000
5.480	-0.240	0.000
5.523	-0.250	0.000
5.575	-0.250	0.000
5.625	-0.250	0.000
5.680	-0.250	0.000
5.722	-0.260	0.000
5.775	-0.260	0.000
5.825	-0.260	0.000
5.881	-0.260	0.000
5.922	-0.270	0.000
5.971	-0.270	0.000
6.025	-0.270	0.000
6.080	-0.270	0.000
6.121	-0.280	0.000
6.171	-0.280	0.000
6.224	-0.280	0.000
6.285	-0.280	-0.000
6.331	-0.290	-0.001
6.382	-0.290	-0.002
6.435	-0.290	-0.003
6.486	-0.290	-0.003
6.535	-0.300	-0.004
6.583	-0.300	-0.005
6.631	-0.300	-0.005
6.683	-0.300	-0.006
6.734	-0.310	-0.007
6.785	-0.310	-0.008
6.833	-0.310	-0.008
6.883	-0.310	-0.009
6.934	-0.320	-0.009
6.984	-0.320	-0.010
7.036	-0.320	-0.011
7.086	-0.320	-0.012
7.133	-0.330	-0.012
7.186	-0.330	-0.013
7.244	-0.330	-0.014
7.287	-0.330	-0.015
7.340	-0.340	-0.015
7.384	-0.340	-0.016
7.434	-0.340	-0.016
7.486	-0.340	-0.017
7.532	-0.350	-0.018
7.585	-0.350	-0.019
7.634	-0.350	-0.020
7.694	-0.350	-0.020
7.735	-0.360	-0.021
7.786	-0.360	-0.021
7.832	-0.360	-0.022
7.884	-0.360	-0.023
7.936	-0.370	-0.024
7.986	-0.370	-0.025
8.033	-0.370	-0.026
8.082	-0.370	-0.027
8.142	-0.380	-0.027
8.184	-0.380	-0.028
8.236	-0.380	-0.029
8.283	-0.380	-0.030
8.333	-0.390	-0.031
8.384	-0.390	-0.032
8.434	-0.390	-0.032
8.486	-0.390	-0.033
8.536	-0.400	-0.034
8.584	-0.400	-0.035
8.636	-0.400	-0.035
8.686	-0.400	-0.036
8.737	-0.410	-0.037
8.791	-0.410	-0.038
8.834	-0.410	-0.039
8.884	-0.410	-0.039
8.934	-0.420	-0.040
8.987	-0.420	-0.041
9.036	-0.420	-0.042
9.082	-0.420	-0.043
9.141	-0.430	-0.045
9.184	-0.430	-0.046
9.233	-0.430	-0.047
9.284	-0.430	-0.048
9.337	-0.440	-0.049
9.391	-0.440	-0.050
9.437	-0.440	-0.051
9.486	-0.440	-0.052
9.532	-0.450	-0.053
9.583	-0.450	-0.054
9.634	-0.450	-0.055
9.686	-0.450	-0.056
9.736	-0.460	-0.057
9.786	-0.460	-0.057
9.841	-0.460	-0.059
9.883	-0.460	-0.059
9.937	-0.470	-0.061
9.982	-0.470	-0.062
10.035	-0.470	-0.063
10.086	-0.470	-0.064
10.136	-0.480	-0.065
10.186	-0.480	-0.066
10.236	-0.480	-0.067
10.283	-0.480	-0.068
10.333	-0.490	-0.069
10.384	-0.490	-0.071
10.437	-0.490	-0.072
10.486	-0.490	-0.073
10.537	-0.500	-0.074
10.586	-0.500	-0.075
10.633	-0.500	-0.076
10.684	-0.500	-0.077
10.735	-0.510	-0.079
10.786	-0.510	-0.080
10.836	-0.510	-0.081
10.883	-0.510	-0.082
10.932	-0.520	-0.083
10.984	-0.520	-0.084
11.034	-0.520	-0.086
11.084	-0.520	-0.087
11.137	-0.530	-0.089
11.184	-0.530	-0.090
11.233	-0.530	-0.092
11.291	-0.530	-0.093
11.334	-0.540	-0.094
11.384	-0.540	-0.095
11.435	-0.540	-0.097
11.487	-0.540	-0.099
11.532	-0.550	-0.101
11.583	-0.550	-0.103
11.636	-0.550	-0.106
11.692	-0.550	-0.108
11.745	-0.560	-0.109
11.787	-0.560	-0.111
11.836	-0.560	-0.113
11.893	-0.560	-0.115
11.934	-0.570	-0.118
11.991	-0.570	-0.120
12.043	-0.570	-0.123
12.086	-0.570	-0.125
12.142	-0.580	-0.126
12.187	-0.580	-0.128
12.234	-0.580	-0.130
12.286	-0.580	-0.132
12.343	-0.590	-0.135
12.386	-0.590	-0.137
12.442	-0.590	-0.139
12.485	-0.590	-0.141
12.542	-0.600	-0.142
12.587	-0.600	-0.144
12.642	-0.600	-0.146
12.686	-0.600	-0.148
12.741	-0.610	-0.151
12.784	-0.610	-0.153
12.836	-0.610	-0.155
12.884	-0.610	-0.156
12.942	-0.620	-0.158
12.986	-0.620	-0.160
13.041	-0.620	-0.162
13.093	-0.620	-0.164
13.137	-0.630	-0.166
13.191	-0.630	-0.168
13.236	-0.630	-0.169
13.285	-0.630	-0.169
13.336	-0.640	-0.170
13.392	-0.640	-0.171
13.436	-0.640	-0.172
13.491	-0.640	-0.173
13.542	-0.650	-0.174
13.587	-0.650	-0.175
13.635	-0.650	-0.176
13.692	-0.650	-0.177
13.734	-0.660	-0.178
13.787	-0.660	-0.179
13.842	-0.660	-0.180
13.886	-0.660	-0.181
13.942	-0.670	-0.183
13.986	-0.670	-0.185
14.035	-0.670	-0.186
14.086	-0.670	-0.187
14.143	-0.680	-0.188
14.186	-0.680	-0.189
14.242	-0.680	-0.190
14.285	-0.680	-0.192
14.342	-0.690	-0.194
14.387	-0.690	-0.195
14.441	-0.690	-0.197
14.487	-0.690	-0.198
14.542	-0.700	-0.199
14.586	-0.700	-0.200
14.640	-0.700	-0.202
14.684	-0.700	-0.203
14.742	-0.710	-0.205
14.787	-0.710	-0.207
14.842	-0.710	-0.209
14.894	-0.710	-0.210
14.942	-0.720	-0.211
14.984	-0.720	-0.212
15.041	-0.720	-0.214
15.086	-0.720	-0.216
15.143	-0.730	-0.218
15.184	-0.730	-0.220
15.242	-0.730	-0.222
15.284	-0.730	-0.223
15.346	-0.740	-0.224
15.384	-0.740	-0.226
15.442	-0.740	-0.228
15.486	-0.740	-0.231
15.541	-0.750	-0.233
15.584	-0.750	-0.235
15.636	-0.750	-0.237
15.685	-0.750	-0.239
15.736	-0.760	-0.241
15.784	-0.760	-0.243
15.842	-0.760	-0.245
15.884	-0.760	-0.248
15.940	-0.770	-0.251
15.992	-0.770	-0.253
16.037	-0.770	-0.255
16.092	-0.770	-0.257
16.137	-0.780	-0.259
16.185	-0.780	-0.261
16.246	-0.780	-0.264
16.284	-0.780	-0.266
16.336	-0.790	-0.269
16.392	-0.790	-0.272
16.436	-0.790	-0.274
16.492	-0.790	-0.276
16.536	-0.800	-0.278
16.585	-0.800	-0.280
16.636	-0.800	-0.283
16.684	-0.800	-0.286
16.736	-0.810	-0.289
16.792	-0.810	-0.291
16.835	-0.810	-0.294
16.884	-0.810	-0.296
16.936	-0.820	-0.297
16.992	-0.820	-0.300
17.036	-0.820	-0.302
17.092	-0.820	-0.305
17.143	-0.830	-0.308
17.186	-0.830	-0.311
17.235	-0.830	-0.314
17.292	-0.830	-0.315
17.342	-0.840	-0.318
17.386	-0.840	-0.320
17.442	-0.840	-0.322
17.486	-0.840	-0.325
17.537	-0.850	-0.329
17.586	-0.850	-0.332
17.643	-0.850	-0.334
17.684	-0.850	-0.336
17.737	-0.860	-0.338
17.792	-0.860	-0.340
17.836	-0.860	-0.343
17.887	-0.860	-0.346
17.934	-0.870	-0.349
17.993	-0.870	-0.353
18.044	-0.870	-0.355
18.086	-0.870	-0.357
18.142	-0.880	-0.359
18.186	-0.880	-0.362
18.237	-0.880	-0.364
18.284	-0.880	-0.367
18.342	-0.890	-0.371
18.385	-0.890	-0.374
18.436	-0.890	-0.377
18.492	-0.890	-0.379
18.536	-0.900	-0.381
18.587	-0.900	-0.383
18.634	-0.900	-0.386
18.692	-0.900	-0.390
18.735	-0.910	-0.393
18.787	-0.910	-0.396
18.834	-0.910	-0.399
18.886	-0.910	-0.401
18.946	-0.920	-0.404
18.984	-0.920	-0.406
19.042	-0.920	-0.409
19.086	-0.920	-0.412
19.137	-0.930	-0.416
19.192	-0.930	-0.419
19.235	-0.930	-0.422
19.292	-0.930	-0.424
19.334	-0.940	-0.427
19.392	-0.940	-0.429
19.434	-0.940	-0.432
19.486	-0.940	-0.435
19.543	-0.950	-0.439
19.586	-0.950	-0.442
19.642	-0.950	-0.445
19.693	-0.950	-0.448
19.736	-0.960	-0.450
19.785	-0.960	-0.452
19.846	-0.960	-0.455
19.884	-0.960	-0.459
19.935	-0.970	-0.462
19.992	-0.970	-0.466
20.034	-0.970	-0.469
20.086	-0.970	-0.471
20.134	-0.980	-0.473
20.192	-0.980	-0.476
20.234	-0.980	-0.479
20.294	-0.980	-0.482
20.342	-0.990	-0.486
20.384	-0.990	-0.489
20.437	-0.990	-0.492
20.485	-0.990	-0.494
20.540	-1.000	-0.497
20.592	-1.000	-0.499
20.637	-1.000	-0.502
20.692	-1.000	-0.506
20.744	-1.010	-0.510
20.787	-1.010	-0.513
20.836	-1.010	-0.516
20.893	-1.010	-0.518
20.935	-1.020	-0.520
20.991	-1.020	-0.523
21.042	-1.020	-0.526
21.087	-1.020	-0.530
21.143	-1.030	-0.533
21.191	-1.030	-0.537
21.234	-1.030	-0.540
21.287	-1.030	-0.542
21.333	-1.040	-0.545
21.386	-1.040	-0.548
21.442	-1.040	-0.551
21.486	-1.040	-0.554
21.543	-1.050	-0.558
21.587	-1.050	-0.561
21.643	-1.050	-0.565
21.687	-1.050	-0.567
21.742	-1.060	-0.570
21.786	-1.060	-0.572
21.841	-1.060	-0.576
21.885	-1.060	-0.579
21.943	-1.070	-0.583
21.987	-1.070	-0.587
22.042	-1.070	-0.590
22.094	-1.070	-0.592
22.142	-1.080	-0.594
22.192	-1.080	-0.597
22.237	-1.080	-0.601
22.286	-1.080	-0.604
22.342	-1.090	-0.608
22.384	-1.090	-0.612
22.442	-1.090	-0.615
22.484	-1.090	-0.617
22.545	-1.100	-0.620
22.592	-1.100	-0.622
22.642	-1.100	-0.626
22.685	-1.100	-0.629
22.737	-1.110	-0.633
22.783	-1.110	-0.637
22.836	-1.110	-0.640
22.893	-1.110	-0.642
22.936	-1.120	-0.645
22.993	-1.120	-0.647
23.037	-1.120	-0.651
23.092	-1.120	-0.655
23.136	-1.130	-0.659
23.192	-1.130	-0.662
23.236	-1.130	-0.665
23.287	-1.130	-0.668
23.335	-1.140	-0.670
23.392	-1.140	-0.673
23.445	-1.140	-0.677
23.493	-1.140	-0.680
23.534	-1.150	-0.684
23.592	-1.150	-0.688
23.634	-1.150	-0.691
23.687	-1.150	-0.693
23.736	-1.160	-0.696
23.793	-1.160	-0.699
23.835	-1.160	-0.702
23.897	-1.160	-0.706
23.934	-1.170	-0.710
23.987	-1.170	-0.713
24.043	-1.170	-0.716
24.092	-1.170	-0.719
24.137	-1.180	-0.721
24.187	-1.180	-0.724
24.235	-1.180	-0.728
24.287	-1.180	-0.732
24.342	-1.190	-0.736
24.386	-1.190	-0.739
24.435	-1.190	-0.742
24.492	-1.190	-0.744
24.534	-1.200	-0.747
24.592	-1.200	-0.750
24.644	-1.200	-0.753
24.688	-1.200	-0.757
24.743	-1.210	-0.761
24.792	-1.210	-0.765
24.836	-1.210	-0.768
24.888	-1.210	-0.770
24.934	-1.220	-0.773
24.987	-1.220	-0.776
25.043	-1.220	-0.779
25.087	-1.220	-0.783
25.144	-1.230	-0.787
25.188	-1.230	-0.791
25.244	-1.230	-0.794
25.287	-1.230	-0.796
25.343	-1.240	-0.799
25.387	-1.240	-0.802
25.442	-1.240	-0.805
25.487	-1.240	-0.809
25.543	-1.250	-0.813
25.588	-1.250	-0.817
25.643	-1.250	-0.820
25.696	-1.250	-0.822
25.743	-1.260	-0.825
25.785	-1.260	-0.828
25.842	-1.260	-0.831
25.887	-1.260	-0.835
25.944	-1.270	-0.839
25.985	-1.270	-0.843
26.038	-1.270	-0.846
26.085	-1.270	-0.848
26.147	-1.280	-0.851
26.184	-1.280	-0.854
26.243	-1.280	-0.858
26.286	-1.280	-0.862
26.338	-1.290	-0.866
26.386	-1.290	-0.869
26.438	-1.290	-0.872
26.486	-1.290	-0.875
26.538	-1.300	-0.877
26.587	-1.300	-0.880
26.635	-1.300	-0.884
26.687	-1.300	-0.888
26.735	-1.310	-0.892
26.786	-1.310	-0.895
26.835	-1.310	-0.898
26.886	-1.310	-0.900
26.935	-1.320	-0.903
26.993	-1.320	-0.906
27.046	-1.320	-0.910
27.088	-1.320	-0.914
27.136	-1.330	-0.918
27.187	-1.330	-0.921
27.235	-1.330	-0.924
27.288	-1.330	-0.927
27.337	-1.340	-0.929
27.385	-1.340	-0.933
27.437	-1.340	-0.936
27.488	-1.340	-0.940
27.536	-1.350	-0.944
27.588	-1.350	-0.947
27.636	-1.350	-0.951
27.685	-1.350	-0.953
27.742	-1.360	-0.956
27.794	-1.360	-0.960
27.842	-1.360	-0.963
27.894	-1.360	-0.967
27.946	-1.370	-0.971
27.993	-1.370	-0.975
28.037	-1.370	-0.978
28.094	-1.370	-0.980
28.137	-1.380	-0.983
28.193	-1.380	-0.986
28.236	-1.380	-0.990
28.293	-1.380	-0.994
28.335	-1.390	-0.998
28.392	-1.390	-1.001
28.435	-1.390	-1.005
28.487	-1.390	-1.007
28.536	-1.400	-1.010
28.587	-1.400	-1.013
28.644	-1.400	-1.017
28.687	-1.400	-1.021
28.744	-1.410	-1.024
28.791	-1.410	-1.029
28.843	-1.410	-1.031
28.887	-1.410	-1.034
28.943	-1.420	-1.037
28.987	-1.420	-1.040
29.043	-1.420	-1.043
29.087	-1.420	-1.048
29.143	-1.430	-1.051
29.192	-1.430	-1.055
29.243	-1.430	-1.058
29.295	-1.430	-1.061
29.343	-1.440	-1.063
29.385	-1.440	-1.066
29.443	-1.440	-1.070
29.488	-1.440	-1.074
29.535	-1.450	-1.078
29.587	-1.450	-1.082
29.643	-1.450	-1.085
29.688	-1.450	-1.087
29.748	-1.460	-1.090
29.787	-1.460	-1.093
29.835	-1.460	-1.097
29.892	-1.460	-1.101
29.943	-1.470	-1.105
29.987	-1.470	-1.108
30.044	-1.470	-1.111
30.087	-1.470	-1.114
30.143	-1.480	-1.116
30.188	-1.480	-1.119
30.235	-1.480	-1.123
30.287	-1.480	-1.128
30.344	-1.490	-1.131
30.387	-1.490	-1.135
30.444	-1.490	-1.138
30.487	-1.490	-1.140
30.543	-1.500	-1.143
30.592	-1.500	-1.146
30.642	-1.500	-1.150
30.677	-1.500	-1.152
30.727	-1.390	-1.153
30.778	-1.270	-1.114
30.827	-1.140	-0.915
30.877	-0.990	-0.701
30.932	-0.830	-0.499
30.983	-0.650	-0.322
31.027	-0.470	-0.202
31.084	-0.290	-0.086
31.126	-0.120	-0.007
31.173	0.000	-0.003
31.215	0.000	-0.003
31.270	0.000	-0.003
31.316	0.000	-0.003
31.365	0.000	-0.003
31.417	0.000	-0.003
31.468	0.000	-0.002
31.519	0.000	-0.002
31.565	0.000	-0.002
31.618	0.000	-0.002
31.665	0.000	-0.002
31.720	0.000	-0.002
31.765	0.000	-0.001
31.816	0.000	-0.001
31.869	0.000	-0.001
31.919	0.000	-0.002
31.967	0.000	-0.001
32.020	0.000	-0.001
32.068	0.000	-0.001
32.115	0.000	-0.001
32.171	0.000	-0.001
32.216	0.000	-0.001
32.267	0.000	-0.001
32.320	0.000	-0.001
32.367	0.000	-0.001
32.415	0.000	-0.001
32.468	0.000	-0.001
32.516	0.000	-0.001
32.567	0.000	-0.001
32.617	0.000	-0.001
32.669	0.000	-0.001
32.717	0.000	-0.001
32.769	0.000	-0.001
32.817	0.000	-0.001
32.867	0.000	-0.000
32.920	0.000	-0.001
32.970	0.000	-0.000
33.016	0.000	-0.000
33.069	0.000	-0.001
33.115	0.000	-0.000
33.169	0.000	-0.001
33.215	0.000	-0.000
33.268	0.000	-0.000
33.319	0.000	-0.000
33.365	0.000	-0.000
33.417	0.000	-0.000
33.469	0.000	-0.000
33.516	0.000	-0.000
33.569	0.000	-0.000
33.618	0.000	-0.000
33.665	0.000	-0.000
33.715	0.000	-0.000
33.767	0.000	-0.000
33.819	0.000	-0.000
33.867	0.000	-0.000
33.919	0.000	-0.000
33.967	0.000	-0.000
34.018	0.000	-0.000
34.067	0.000	-0.000
34.115	0.000	-0.000
34.167	0.000	-0.000
34.215	0.000	-0.000
34.267	0.000	-0.000
34.315	0.000	-0.000
34.366	0.000	0.000
34.413	0.000	-0.000
34.465	0.000	0.000
34.515	0.000	-0.000
34.567	0.000	0.000
34.613	0.000	-0.000
34.665	0.000	0.000
34.714	0.000	-0.000
34.770	0.000	-0.000
34.815	0.000	-0.000
34.868	0.000	0.000
34.916	0.000	-0.000
34.965	0.000	-0.000
35.017	0.000	0.000
35.062	0.000	0.000
35.115	0.000	-0.000
35.165	0.000	0.000
35.215	0.000	0.000
35.264	0.000	0.000
35.315	0.000	0.000
35.364	0.000	0.000
35.414	0.000	-0.000
35.466	0.000	-0.000
35.517	0.000	0.000
35.565	0.000	0.000
35.615	0.000	0.000
35.665	0.000	-0.000
35.717	0.000	0.000
35.762	0.000	0.000
35.815	0.000	0.000
35.863	0.000	-0.000
35.915	0.000	0.000
35.965	0.000	0.000
36.015	0.000	0.000
36.065	0.000	-0.000
36.117	0.000	0.000
36.166	0.000	0.000
36.213	0.000	0.000
36.262	0.000	0.000
36.312	0.000	0.000
36.366	0.000	0.000
36.412	0.000	0.000
36.463	0.000	0.000
36.515	0.000	0.000
36.564	0.000	0.000
36.612	0.000	0.000
36.662	0.000	0.000
36.715	0.000	0.000
36.767	0.000	0.000
36.816	0.000	0.000
36.866	0.000	0.000
