Time(s)	Extension(mm)	Load(N)
0.001	0.000	0.000
0.019	0.000	0.000
0.060	0.000	0.000
0.110	0.000	0.000
0.160	0.000	0.000
0.212	0.000	0.000
0.261	0.000	0.000
0.310	0.000	0.000
0.360	0.000	0.000
0.410	0.000	0.000
0.464	0.000	0.000
0.514	0.000	0.000
0.563	0.000	0.000
0.618	-0.000	0.000
0.674	-0.000	0.000
0.731	-0.010	0.000
0.781	-0.010	0.000
0.825	-0.010	0.000
0.872	-0.010	0.000
0.925	-0.020	0.000
0.980	-0.020	0.000
1.024	-0.020	0.000
1.071	-0.020	0.000
1.132	-0.030	0.000
1.175	-0.030	0.000
1.221	-0.030	0.000
1.275	-0.030	0.000
1.330	-0.040	0.000
1.371	-0.040	0.000
1.429	-0.040	0.000
1.472	-0.040	0.000
1.522	-0.050	0.000
1.580	-0.050	0.000
1.622	-0.050	0.000
1.674	-0.050	0.000
1.730	-0.060	0.000
1.772	-0.060	0.000
1.825	-0.060	0.000
1.875	-0.060	0.000
1.930	-0.070	0.000
1.974	-0.070	0.000
2.034	-0.070	0.000
2.071	-0.070	0.000
2.125	-0.080	0.000
2.181	-0.080	0.000
2.220	-0.080	0.000
2.274	-0.080	0.000
2.331	-0.090	0.000
2.374	-0.090	0.000
2.425	-0.090	0.000
2.481	-0.090	0.000
2.524	-0.100	0.000
2.574	-0.100	0.000
2.630	-0.100	0.000
2.674	-0.100	0.000
2.730	-0.110	0.000
2.781	-0.110	0.000
2.823	-0.110	0.000
2.880	-0.110	0.000
2.930	-0.120	0.000
2.970	-0.120	0.000
3.025	-0.120	0.000
3.081	-0.120	0.000
3.121	-0.130	0.000
3.175	-0.130	0.000
3.231	-0.130	0.000
3.274	-0.130	0.000
3.324	-0.140	0.000
3.381	-0.140	0.000
3.422	-0.140	0.000
3.472	-0.140	0.000
3.525	-0.150	0.000
3.572	-0.150	0.000
3.625	-0.150	0.000
3.675	-0.150	0.000
3.731	-0.160	0.000
3.775	-0.160	0.000
3.833	-0.160	0.000
3.880	-0.160	0.000
3.924	-0.170	0.000
3.979	-0.170	0.000
4.030	-0.170	0.000
4.071	-0.170	0.000
4.125	-0.180	0.000
4.181	-0.180	0.000
4.221	-0.180	0.000
4.275	-0.180	0.000
4.331	-0.190	0.000
4.381	-0.190	0.000
4.423	-0.190	0.000
4.480	-0.190	0.000
4.522	-0.200	0.000
4.573	-0.200	0.000
4.625	-0.200	0.000
4.672	-0.200	0.000
4.732	-0.210	0.000
4.775	-0.210	0.000
4.820	-0.210	0.000
4.873	-0.210	0.000
4.923	-0.220	0.000
4.975	-0.220	0.000
5.021	-0.220	0.000
5.074	-0.220	0.000
5.124	-0.230	0.000
5.180	-0.230	0.000
5.221	-0.230	0.000
5.271	-0.230	0.000
5.324	-0.240	0.000
5.381	-0.240	0.000
5.421	-0.240	0.000
5.471	-0.240	0.000
5.525	-0.250	0.000
5.581	-0.250	0.000
5.631	-0.250	0.000
5.672	-0.250	0.000
5.725	-0.260	0.000
5.784	-0.260	0.000
5.830	-0.260	0.000
5.872	-0.260	0.000
5.925	-0.270	0.000
5.982	-0.270	0.000
6.022	-0.270	0.000
6.076	-0.270	0.000
6.130	-0.280	0.000
6.176	-0.280	0.000
6.232	-0.280	0.000
6.275	-0.280	0.000
6.330	-0.290	0.000
6.380	-0.290	0.000
6.422	-0.290	0.000
6.476	-0.290	0.000
6.534	-0.300	0.000
6.581	-0.300	0.000
6.623	-0.300	0.000
6.676	-0.300	0.000
6.726	-0.310	0.000
6.781	-0.310	0.000
6.824	-0.310	0.000
6.876	-0.310	0.000
6.926	-0.320	0.000
6.982	-0.320	0.000
7.024	-0.320	0.000
7.074	-0.320	0.000
7.126	-0.330	0.000
7.172	-0.330	0.000
7.225	-0.330	-0.001
7.284	-0.330	-0.002
7.336	-0.340	-0.003
7.385	-0.340	-0.004
7.444	-0.340	-0.005
7.486	-0.340	-0.006
7.534	-0.350	-0.007
7.586	-0.350	-0.008
7.635	-0.350	-0.010
7.690	-0.350	-0.011
7.740	-0.360	-0.012
7.784	-0.360	-0.013
7.834	-0.360	-0.013
7.886	-0.360	-0.015
7.933	-0.370	-0.016
7.983	-0.370	-0.017
8.034	-0.370	-0.019
8.084	-0.370	-0.020
8.136	-0.380	-0.021
8.186	-0.380	-0.022
8.233	-0.380	-0.023
8.285	-0.380	-0.024
8.344	-0.390	-0.025
8.386	-0.390	-0.027
8.436	-0.390	-0.028
8.483	-0.390	-0.029
8.533	-0.400	-0.030
8.584	-0.400	-0.031
8.640	-0.400	-0.032
8.684	-0.400	-0.033
8.733	-0.410	-0.034
8.792	-0.410	-0.036
8.834	-0.410	-0.037
8.884	-0.410	-0.038
8.936	-0.420	-0.039
8.983	-0.420	-0.039
9.033	-0.420	-0.041
9.083	-0.420	-0.042
9.134	-0.430	-0.043
9.184	-0.430	-0.044
9.243	-0.430	-0.046
9.285	-0.430	-0.046
9.332	-0.440	-0.047
9.383	-0.440	-0.048
9.433	-0.440	-0.049
9.484	-0.440	-0.050
9.533	-0.450	-0.051
9.585	-0.450	-0.052
9.635	-0.450	-0.053
9.690	-0.450	-0.053
9.732	-0.460	-0.054
9.782	-0.460	-0.055
9.834	-0.460	-0.056
9.883	-0.460	-0.057
9.934	-0.470	-0.058
9.984	-0.470	-0.059
10.036	-0.470	-0.060
10.082	-0.470	-0.061
10.140	-0.480	-0.062
10.183	-0.480	-0.063
10.232	-0.480	-0.064
10.284	-0.480	-0.065
10.333	-0.490	-0.067
10.384	-0.490	-0.069
10.432	-0.490	-0.070
10.484	-0.490	-0.071
10.533	-0.500	-0.072
10.592	-0.500	-0.074
10.634	-0.500	-0.075
10.684	-0.500	-0.077
10.736	-0.510	-0.078
10.784	-0.510	-0.080
10.834	-0.510	-0.082
10.884	-0.510	-0.083
10.935	-0.520	-0.085
10.984	-0.520	-0.086
11.044	-0.520	-0.088
11.086	-0.520	-0.090
11.133	-0.530	-0.092
11.184	-0.530	-0.095
11.233	-0.530	-0.097
11.284	-0.530	-0.099
11.338	-0.540	-0.101
11.386	-0.540	-0.103
11.441	-0.540	-0.105
11.486	-0.540	-0.107
11.534	-0.550	-0.111
11.586	-0.550	-0.115
11.642	-0.550	-0.118
11.685	-0.550	-0.121
11.741	-0.560	-0.123
11.784	-0.560	-0.125
11.841	-0.560	-0.128
11.886	-0.560	-0.131
11.934	-0.570	-0.135
11.985	-0.570	-0.139
12.036	-0.570	-0.142
12.084	-0.570	-0.145
12.136	-0.580	-0.147
12.192	-0.580	-0.149
12.241	-0.580	-0.152
12.285	-0.580	-0.156
12.336	-0.590	-0.159
12.392	-0.590	-0.162
12.436	-0.590	-0.165
12.491	-0.590	-0.167
12.535	-0.600	-0.169
12.592	-0.600	-0.171
12.636	-0.600	-0.173
12.691	-0.600	-0.176
12.736	-0.610	-0.178
12.791	-0.610	-0.180
12.842	-0.610	-0.181
12.886	-0.610	-0.182
12.934	-0.620	-0.183
12.991	-0.620	-0.183
13.042	-0.620	-0.185
13.086	-0.620	-0.186
13.142	-0.630	-0.188
13.186	-0.630	-0.189
13.241	-0.630	-0.190
13.286	-0.630	-0.191
13.342	-0.640	-0.193
13.384	-0.640	-0.194
13.442	-0.640	-0.195
13.484	-0.640	-0.197
13.536	-0.650	-0.199
13.592	-0.650	-0.201
13.636	-0.650	-0.203
13.684	-0.650	-0.204
13.744	-0.660	-0.205
13.792	-0.660	-0.206
13.835	-0.660	-0.208
13.892	-0.660	-0.210
13.934	-0.670	-0.213
13.991	-0.670	-0.215
14.036	-0.670	-0.217
14.084	-0.670	-0.219
14.136	-0.680	-0.220
14.196	-0.680	-0.222
14.235	-0.680	-0.224
14.290	-0.680	-0.227
14.335	-0.690	-0.230
14.392	-0.690	-0.232
14.436	-0.690	-0.234
14.491	-0.690	-0.236
14.536	-0.700	-0.238
14.591	-0.700	-0.239
14.643	-0.700	-0.242
14.691	-0.700	-0.245
14.736	-0.710	-0.248
14.792	-0.710	-0.252
14.835	-0.710	-0.254
14.891	-0.710	-0.256
14.934	-0.720	-0.258
14.991	-0.720	-0.261
15.034	-0.720	-0.264
15.092	-0.720	-0.268
15.136	-0.730	-0.272
15.191	-0.730	-0.275
15.235	-0.730	-0.279
15.286	-0.730	-0.281
15.334	-0.740	-0.283
15.386	-0.740	-0.286
15.434	-0.740	-0.289
15.491	-0.740	-0.294
15.543	-0.750	-0.298
15.587	-0.750	-0.302
15.642	-0.750	-0.305
15.686	-0.750	-0.308
15.741	-0.760	-0.310
15.785	-0.760	-0.313
15.834	-0.760	-0.317
15.891	-0.760	-0.321
15.934	-0.770	-0.325
15.994	-0.770	-0.329
16.042	-0.770	-0.332
16.085	-0.770	-0.335
16.142	-0.780	-0.338
16.186	-0.780	-0.341
16.234	-0.780	-0.344
16.286	-0.780	-0.348
16.342	-0.790	-0.353
16.386	-0.790	-0.357
16.446	-0.790	-0.361
16.485	-0.790	-0.364
16.534	-0.800	-0.367
16.586	-0.800	-0.370
16.642	-0.800	-0.374
16.686	-0.800	-0.378
16.741	-0.810	-0.383
16.786	-0.810	-0.387
16.841	-0.810	-0.391
16.886	-0.810	-0.395
16.934	-0.820	-0.398
16.985	-0.820	-0.401
17.042	-0.820	-0.405
17.084	-0.820	-0.409
17.136	-0.830	-0.414
17.191	-0.830	-0.418
17.236	-0.830	-0.423
17.284	-0.830	-0.427
17.344	-0.840	-0.430
17.392	-0.840	-0.434
17.434	-0.840	-0.438
17.486	-0.840	-0.442
17.542	-0.850	-0.447
17.585	-0.850	-0.452
17.642	-0.850	-0.457
17.686	-0.850	-0.461
17.741	-0.860	-0.464
17.792	-0.860	-0.468
17.836	-0.860	-0.472
17.891	-0.860	-0.476
17.934	-0.870	-0.482
17.992	-0.870	-0.487
18.036	-0.870	-0.492
18.086	-0.870	-0.496
18.134	-0.880	-0.499
18.186	-0.880	-0.503
18.246	-0.880	-0.507
18.284	-0.880	-0.511
18.342	-0.890	-0.517
18.385	-0.890	-0.522
18.440	-0.890	-0.527
18.483	-0.890	-0.532
18.536	-0.900	-0.535
18.592	-0.900	-0.539
18.635	-0.900	-0.543
18.692	-0.900	-0.548
18.736	-0.910	-0.554
18.791	-0.910	-0.559
18.834	-0.910	-0.564
18.886	-0.910	-0.568
18.942	-0.920	-0.572
18.985	-0.920	-0.576
19.041	-0.920	-0.580
19.086	-0.920	-0.585
19.141	-0.930	-0.591
19.185	-0.930	-0.596
19.236	-0.930	-0.602
19.282	-0.930	-0.607
19.335	-0.940	-0.610
19.391	-0.940	-0.614
19.436	-0.940	-0.619
19.482	-0.940	-0.624
19.535	-0.950	-0.629
19.595	-0.950	-0.635
19.633	-0.950	-0.640
19.685	-0.950	-0.645
19.742	-0.960	-0.649
19.786	-0.960	-0.653
19.842	-0.960	-0.657
19.886	-0.960	-0.663
19.942	-0.970	-0.669
19.984	-0.970	-0.674
20.044	-0.970	-0.680
20.092	-0.970	-0.685
20.140	-0.980	-0.689
20.183	-0.980	-0.693
20.236	-0.980	-0.697
20.292	-0.980	-0.703
20.334	-0.990	-0.709
20.392	-0.990	-0.715
20.433	-0.990	-0.721
20.492	-0.990	-0.725
20.534	-1.000	-0.729
20.587	-1.000	-0.733
20.632	-1.000	-0.738
20.686	-1.000	-0.743
20.745	-1.010	-0.749
20.786	-1.010	-0.755
20.842	-1.010	-0.761
20.886	-1.010	-0.766
20.942	-1.020	-0.770
20.986	-1.020	-0.773
21.042	-1.020	-0.778
21.086	-1.020	-0.783
21.141	-1.030	-0.790
21.185	-1.030	-0.796
21.242	-1.030	-0.802
21.286	-1.030	-0.807
21.342	-1.040	-0.810
21.394	-1.040	-0.815
21.442	-1.040	-0.819
21.483	-1.040	-0.824
21.540	-1.050	-0.831
21.586	-1.050	-0.837
21.642	-1.050	-0.843
21.684	-1.050	-0.849
21.736	-1.060	-0.853
21.784	-1.060	-0.857
21.845	-1.060	-0.862
21.885	-1.060	-0.867
21.942	-1.070	-0.873
21.984	-1.070	-0.879
22.037	-1.070	-0.885
22.084	-1.070	-0.891
22.136	-1.080	-0.895
22.184	-1.080	-0.899
22.236	-1.080	-0.903
22.284	-1.080	-0.909
22.332	-1.090	-0.915
22.384	-1.090	-0.922
22.442	-1.090	-0.927
22.484	-1.090	-0.933
22.542	-1.100	-0.937
22.584	-1.100	-0.942
22.642	-1.100	-0.946
22.686	-1.100	-0.952
22.742	-1.110	-0.958
22.786	-1.110	-0.965
22.842	-1.110	-0.971
22.886	-1.110	-0.976
22.940	-1.120	-0.980
22.984	-1.120	-0.984
23.042	-1.120	-0.989
23.086	-1.120	-0.995
23.141	-1.130	-1.001
23.194	-1.130	-1.008
23.241	-1.130	-1.014
23.292	-1.130	-1.019
23.336	-1.140	-1.023
23.385	-1.140	-1.028
23.442	-1.140	-1.032
23.485	-1.140	-1.038
23.541	-1.150	-1.045
23.584	-1.150	-1.051
23.646	-1.150	-1.057
23.693	-1.150	-1.063
23.742	-1.160	-1.066
23.786	-1.160	-1.071
23.837	-1.160	-1.075
23.884	-1.160	-1.081
23.937	-1.170	-1.087
23.984	-1.170	-1.094
24.037	-1.170	-1.100
24.083	-1.170	-1.106
24.145	-1.180	-1.109
24.184	-1.180	-1.114
24.242	-1.180	-1.118
24.284	-1.180	-1.124
24.342	-1.190	-1.130
24.393	-1.190	-1.137
24.441	-1.190	-1.143
24.486	-1.190	-1.148
24.547	-1.200	-1.153
24.585	-1.200	-1.157
24.641	-1.200	-1.161
24.685	-1.200	-1.167
24.737	-1.210	-1.174
24.784	-1.210	-1.180
24.843	-1.210	-1.187
24.887	-1.210	-1.192
24.942	-1.220	-1.197
24.995	-1.220	-1.201
25.043	-1.220	-1.205
25.084	-1.220	-1.211
25.141	-1.230	-1.218
25.187	-1.230	-1.224
25.243	-1.230	-1.231
25.286	-1.230	-1.236
25.343	-1.240	-1.241
25.386	-1.240	-1.245
25.447	-1.240	-1.249
25.484	-1.240	-1.255
25.533	-1.250	-1.262
25.587	-1.250	-1.268
25.643	-1.250	-1.275
25.687	-1.250	-1.280
25.743	-1.260	-1.284
25.787	-1.260	-1.289
25.843	-1.260	-1.293
25.887	-1.260	-1.299
25.934	-1.270	-1.306
25.987	-1.270	-1.312
26.043	-1.270	-1.319
26.087	-1.270	-1.324
26.143	-1.280	-1.329
26.185	-1.280	-1.333
26.243	-1.280	-1.337
26.287	-1.280	-1.343
26.342	-1.290	-1.350
26.387	-1.290	-1.357
26.443	-1.290	-1.363
26.486	-1.290	-1.368
26.537	-1.300	-1.372
26.585	-1.300	-1.376
26.643	-1.300	-1.381
26.687	-1.300	-1.387
26.742	-1.310	-1.393
26.794	-1.310	-1.400
26.842	-1.310	-1.406
26.883	-1.310	-1.412
26.937	-1.320	-1.415
26.986	-1.320	-1.420
27.043	-1.320	-1.424
27.084	-1.320	-1.430
27.143	-1.330	-1.436
27.185	-1.330	-1.443
27.246	-1.330	-1.449
27.293	-1.330	-1.455
27.342	-1.340	-1.459
27.386	-1.340	-1.464
27.437	-1.340	-1.468
27.484	-1.340	-1.474
27.537	-1.350	-1.480
27.585	-1.350	-1.486
27.637	-1.350	-1.493
27.694	-1.350	-1.498
27.741	-1.360	-1.503
27.793	-1.360	-1.507
27.837	-1.360	-1.511
27.893	-1.360	-1.516
27.937	-1.370	-1.523
27.991	-1.370	-1.529
28.036	-1.370	-1.536
28.093	-1.370	-1.541
28.145	-1.380	-1.546
28.193	-1.380	-1.550
28.236	-1.380	-1.555
28.292	-1.380	-1.560
28.333	-1.390	-1.566
28.392	-1.390	-1.573
28.437	-1.390	-1.579
28.493	-1.390	-1.584
28.535	-1.400	-1.590
28.597	-1.400	-1.594
28.634	-1.400	-1.598
28.687	-1.400	-1.603
28.734	-1.410	-1.610
28.793	-1.410	-1.616
28.837	-1.410	-1.623
28.891	-1.410	-1.628
28.936	-1.420	-1.633
28.991	-1.420	-1.637
29.043	-1.420	-1.641
29.087	-1.420	-1.647
29.136	-1.430	-1.653
29.192	-1.430	-1.659
29.234	-1.430	-1.666
29.291	-1.430	-1.671
29.343	-1.440	-1.676
29.387	-1.440	-1.680
29.443	-1.440	-1.684
29.491	-1.440	-1.690
29.534	-1.450	-1.696
29.586	-1.450	-1.703
29.635	-1.450	-1.709
29.686	-1.450	-1.715
29.734	-1.460	-1.719
29.785	-1.460	-1.723
29.834	-1.460	-1.728
29.887	-1.460	-1.733
29.945	-1.470	-1.739
29.987	-1.470	-1.746
30.034	-1.470	-1.752
30.087	-1.470	-1.758
30.143	-1.480	-1.762
30.186	-1.480	-1.766
30.235	-1.480	-1.771
30.293	-1.480	-1.776
30.335	-1.490	-1.782
30.397	-1.490	-1.789
30.434	-1.490	-1.795
30.486	-1.490	-1.801
30.535	-1.500	-1.805
30.593	-1.500	-1.809
30.635	-1.500	-1.814
30.682	-1.500	-1.818
30.725	-1.400	-1.819
30.775	-1.280	-1.772
30.833	-1.140	-1.452
30.874	-0.990	-1.090
30.925	-0.830	-0.747
30.976	-0.650	-0.417
31.024	-0.470	-0.217
31.073	-0.290	-0.094
31.132	-0.120	-0.004
31.171	0.000	-0.004
31.222	0.000	-0.005
31.265	0.000	-0.004
31.316	0.000	-0.004
31.365	0.000	-0.004
31.417	0.000	-0.004
31.467	0.000	-0.004
31.515	0.000	-0.003
31.565	0.000	-0.003
31.617	0.000	-0.003
31.665	0.000	-0.003
31.715	0.000	-0.003
31.766	0.000	-0.003
31.816	0.000	-0.003
31.869	0.000	-0.003
31.919	0.000	-0.002
31.965	0.000	-0.002
32.019	0.000	-0.002
32.065	0.000	-0.002
32.121	0.000	-0.002
32.170	0.000	-0.002
32.216	0.000	-0.002
32.266	0.000	-0.002
32.319	0.000	-0.002
32.366	0.000	-0.002
32.419	0.000	-0.002
32.466	0.000	-0.002
32.519	0.000	-0.002
32.567	0.000	-0.002
32.617	0.000	-0.002
32.670	0.000	-0.001
32.717	0.000	-0.001
32.769	0.000	-0.001
32.817	0.000	-0.001
32.870	0.000	-0.001
32.914	0.000	-0.001
32.967	0.000	-0.001
33.017	0.000	-0.001
33.065	0.000	-0.001
33.116	0.000	-0.001
33.165	0.000	-0.001
33.217	0.000	-0.001
33.265	0.000	-0.001
33.316	0.000	-0.001
33.367	0.000	-0.001
33.419	0.000	-0.001
33.467	0.000	-0.001
33.515	0.000	-0.001
33.567	0.000	-0.001
33.615	0.000	-0.001
33.666	0.000	-0.001
33.716	0.000	-0.001
33.769	0.000	-0.001
33.815	0.000	-0.001
33.867	0.000	-0.001
33.915	0.000	-0.001
33.965	0.000	-0.001
34.017	0.000	-0.001
34.067	0.000	-0.001
34.119	0.000	-0.001
34.166	0.000	-0.001
34.217	0.000	-0.001
34.266	0.000	-0.001
34.319	0.000	-0.001
34.365	0.000	-0.001
34.415	0.000	-0.001
34.467	0.000	-0.001
34.514	0.000	-0.001
34.565	0.000	-0.001
34.619	0.000	-0.001
34.665	0.000	-0.001
34.719	0.000	-0.001
34.765	0.000	-0.001
34.815	0.000	-0.001
34.867	0.000	-0.001
34.919	0.000	-0.001
34.967	0.000	-0.001
35.019	0.000	-0.001
35.065	0.000	-0.001
35.117	0.000	-0.001
35.167	0.000	-0.001
35.215	0.000	-0.001
35.267	0.000	-0.001
35.315	0.000	-0.001
35.366	0.000	-0.001
35.420	0.000	-0.001
35.465	0.000	-0.000
35.515	0.000	-0.001
35.567	0.000	-0.001
35.615	0.000	-0.000
35.666	0.000	-0.001
35.715	0.000	-0.001
35.767	0.000	-0.001
35.819	0.000	-0.001
35.869	0.000	-0.001
