Time(s)	Extension(mm)	Load(N)
0.001	0.000	-0.000
0.019	0.000	-0.000
0.038	0.000	-0.000
0.084	0.000	-0.000
0.133	0.000	-0.000
0.185	0.000	-0.000
0.235	0.000	-0.000
0.287	0.000	-0.000
0.335	0.000	-0.000
0.384	0.000	-0.000
0.435	0.000	-0.000
0.484	0.000	-0.000
0.537	0.000	-0.000
0.587	0.000	-0.000
0.637	0.000	-0.000
0.687	0.000	-0.000
0.735	0.000	-0.000
0.786	0.000	-0.000
0.835	0.000	-0.000
0.883	0.000	-0.000
0.937	0.000	-0.000
0.983	0.000	-0.000
1.037	0.000	-0.000
1.085	0.000	-0.000
1.135	0.000	-0.000
1.187	0.000	-0.000
1.233	0.000	-0.000
1.283	0.000	-0.000
1.333	0.000	-0.000
1.383	0.000	-0.000
1.437	0.000	-0.000
1.487	0.000	-0.000
1.537	0.000	-0.000
1.595	-0.000	-0.000
1.653	-0.010	-0.000
1.705	-0.010	-0.000
1.752	-0.010	-0.000
1.803	-0.010	-0.001
1.854	-0.020	0.000
1.903	-0.020	0.000
1.951	-0.020	-0.001
2.005	-0.030	-0.001
2.051	-0.030	-0.000
2.104	-0.030	0.000
2.160	-0.040	-0.001
2.203	-0.040	-0.001
2.255	-0.040	-0.000
2.305	-0.050	-0.001
2.355	-0.050	-0.001
2.402	-0.050	0.000
2.453	-0.060	0.000
2.504	-0.060	-0.001
2.555	-0.060	-0.001
2.610	-0.060	-0.000
2.652	-0.070	0.000
2.703	-0.070	-0.001
2.755	-0.070	-0.000
2.802	-0.080	0.000
2.850	-0.080	-0.000
2.905	-0.080	-0.001
2.952	-0.090	0.000
3.001	-0.090	-0.000
3.055	-0.090	-0.001
3.110	-0.100	0.000
3.151	-0.100	0.000
3.203	-0.100	-0.000
3.252	-0.110	0.000
3.300	-0.110	0.000
3.352	-0.110	-0.001
3.403	-0.110	-0.001
3.453	-0.120	-0.000
3.505	-0.120	-0.001
3.556	-0.120	-0.000
3.605	-0.130	0.000
3.653	-0.130	0.000
3.705	-0.130	-0.001
3.756	-0.140	-0.001
3.808	-0.140	0.000
3.845	-0.140	-0.000
3.903	-0.150	0.000
3.955	-0.150	-0.000
4.010	-0.150	0.000
4.053	-0.160	-0.001
4.104	-0.160	-0.001
4.153	-0.160	-0.000
4.205	-0.160	-0.000
4.251	-0.170	-0.001
4.303	-0.170	0.000
4.350	-0.170	0.000
4.401	-0.180	-0.001
4.452	-0.180	-0.000
4.502	-0.180	-0.001
4.553	-0.190	-0.001
4.605	-0.190	-0.001
4.656	-0.190	0.000
4.705	-0.200	0.000
4.745	-0.200	-0.001
4.805	-0.200	-0.000
4.855	-0.210	0.000
4.903	-0.210	-0.001
4.955	-0.210	-0.001
5.005	-0.210	-0.000
5.054	-0.220	-0.001
5.105	-0.220	-0.002
5.152	-0.220	-0.003
5.203	-0.230	-0.003
5.253	-0.230	-0.004
5.310	-0.230	-0.004
5.353	-0.240	-0.005
5.401	-0.240	-0.006
5.453	-0.240	-0.007
5.503	-0.250	-0.007
5.555	-0.250	-0.008
5.603	-0.250	-0.009
5.655	-0.260	-0.009
5.704	-0.260	-0.010
5.763	-0.260	-0.012
5.805	-0.260	-0.012
5.852	-0.270	-0.013
5.903	-0.270	-0.014
5.953	-0.270	-0.015
6.004	-0.280	-0.015
6.053	-0.280	-0.016
6.104	-0.280	-0.017
6.153	-0.290	-0.017
6.206	-0.290	-0.018
6.261	-0.290	-0.019
6.306	-0.300	-0.019
6.351	-0.300	-0.020
6.401	-0.300	-0.021
6.453	-0.310	-0.021
6.502	-0.310	-0.021
6.555	-0.310	-0.023
6.605	-0.310	-0.023
6.663	-0.320	-0.024
6.705	-0.320	-0.024
6.755	-0.320	-0.025
6.805	-0.330	-0.025
6.855	-0.330	-0.026
6.905	-0.330	-0.027
6.953	-0.340	-0.027
7.003	-0.340	-0.028
7.053	-0.340	-0.028
7.111	-0.350	-0.029
7.153	-0.350	-0.029
7.203	-0.350	-0.030
7.253	-0.360	-0.031
7.305	-0.360	-0.031
7.356	-0.360	-0.032
7.405	-0.360	-0.032
7.452	-0.370	-0.033
7.501	-0.370	-0.033
7.555	-0.370	-0.034
7.601	-0.380	-0.035
7.653	-0.380	-0.035
7.704	-0.380	-0.036
7.753	-0.390	-0.037
7.803	-0.390	-0.037
7.853	-0.390	-0.039
7.905	-0.400	-0.041
7.954	-0.400	-0.042
8.006	-0.400	-0.043
8.051	-0.410	-0.044
8.105	-0.410	-0.045
8.151	-0.410	-0.046
8.206	-0.410	-0.048
8.256	-0.420	-0.049
8.305	-0.420	-0.051
8.361	-0.420	-0.052
8.404	-0.430	-0.054
8.460	-0.430	-0.054
8.503	-0.430	-0.056
8.557	-0.440	-0.058
8.603	-0.440	-0.060
8.656	-0.440	-0.061
8.707	-0.450	-0.063
8.754	-0.450	-0.064
8.804	-0.450	-0.066
8.854	-0.460	-0.067
8.912	-0.460	-0.069
8.953	-0.460	-0.071
9.002	-0.460	-0.072
9.053	-0.470	-0.073
9.104	-0.470	-0.074
9.154	-0.470	-0.074
9.204	-0.480	-0.076
9.254	-0.480	-0.078
9.304	-0.480	-0.079
9.362	-0.490	-0.079
9.404	-0.490	-0.081
9.456	-0.490	-0.081
9.506	-0.500	-0.083
9.555	-0.500	-0.084
9.606	-0.500	-0.085
9.654	-0.510	-0.086
9.706	-0.510	-0.087
9.755	-0.510	-0.088
9.806	-0.510	-0.089
9.852	-0.520	-0.090
9.906	-0.520	-0.092
9.956	-0.520	-0.093
10.006	-0.530	-0.094
10.056	-0.530	-0.095
10.106	-0.530	-0.096
10.156	-0.540	-0.097
10.204	-0.540	-0.099
10.257	-0.540	-0.100
10.303	-0.550	-0.101
10.352	-0.550	-0.103
10.407	-0.550	-0.103
10.456	-0.560	-0.105
10.512	-0.560	-0.106
10.556	-0.560	-0.107
10.612	-0.560	-0.108
10.654	-0.570	-0.110
10.714	-0.570	-0.111
10.761	-0.570	-0.112
10.812	-0.580	-0.114
10.856	-0.580	-0.116
10.904	-0.580	-0.118
10.956	-0.590	-0.119
11.006	-0.590	-0.121
11.054	-0.590	-0.123
11.106	-0.600	-0.125
11.166	-0.600	-0.128
11.204	-0.600	-0.131
11.260	-0.610	-0.132
11.304	-0.610	-0.134
11.355	-0.610	-0.136
11.411	-0.610	-0.138
11.454	-0.620	-0.141
11.506	-0.620	-0.144
11.560	-0.620	-0.147
11.606	-0.630	-0.148
11.661	-0.630	-0.150
11.712	-0.630	-0.153
11.755	-0.640	-0.156
11.807	-0.640	-0.159
11.862	-0.640	-0.161
11.904	-0.650	-0.163
11.960	-0.650	-0.165
12.006	-0.650	-0.168
12.064	-0.660	-0.170
12.112	-0.660	-0.173
12.154	-0.660	-0.176
12.206	-0.660	-0.178
12.262	-0.670	-0.180
12.305	-0.670	-0.182
12.361	-0.670	-0.185
12.406	-0.680	-0.188
12.456	-0.680	-0.190
12.511	-0.680	-0.193
12.556	-0.690	-0.195
12.606	-0.690	-0.196
12.662	-0.690	-0.199
12.706	-0.700	-0.202
12.754	-0.700	-0.205
12.805	-0.700	-0.207
12.861	-0.710	-0.210
12.904	-0.710	-0.212
12.964	-0.710	-0.213
13.011	-0.710	-0.216
13.056	-0.720	-0.220
13.112	-0.720	-0.222
13.162	-0.720	-0.224
13.206	-0.730	-0.227
13.256	-0.730	-0.229
13.304	-0.730	-0.231
13.355	-0.740	-0.234
13.412	-0.740	-0.237
13.455	-0.740	-0.240
13.506	-0.750	-0.242
13.554	-0.750	-0.244
13.606	-0.750	-0.246
13.661	-0.760	-0.249
13.712	-0.760	-0.252
13.756	-0.760	-0.256
13.804	-0.760	-0.258
13.864	-0.770	-0.260
13.912	-0.770	-0.262
13.954	-0.770	-0.265
14.007	-0.780	-0.268
14.061	-0.780	-0.271
14.104	-0.780	-0.274
14.161	-0.790	-0.276
14.205	-0.790	-0.278
14.256	-0.790	-0.281
14.316	-0.800	-0.284
14.354	-0.800	-0.287
14.406	-0.800	-0.290
14.462	-0.810	-0.293
14.506	-0.810	-0.295
14.562	-0.810	-0.297
14.604	-0.810	-0.300
14.656	-0.820	-0.303
14.712	-0.820	-0.306
14.762	-0.820	-0.308
14.806	-0.830	-0.311
14.854	-0.830	-0.313
14.906	-0.830	-0.316
14.956	-0.840	-0.319
15.012	-0.840	-0.322
15.054	-0.840	-0.325
15.107	-0.850	-0.327
15.162	-0.850	-0.329
15.205	-0.850	-0.332
15.261	-0.860	-0.335
15.312	-0.860	-0.338
15.355	-0.860	-0.341
15.406	-0.860	-0.344
15.462	-0.870	-0.346
15.512	-0.870	-0.348
15.556	-0.870	-0.351
15.604	-0.880	-0.354
15.663	-0.880	-0.358
15.706	-0.880	-0.360
15.761	-0.890	-0.363
15.804	-0.890	-0.365
15.855	-0.890	-0.368
15.910	-0.900	-0.371
15.954	-0.900	-0.374
16.011	-0.900	-0.377
16.062	-0.910	-0.380
16.112	-0.910	-0.382
16.155	-0.910	-0.385
16.206	-0.910	-0.388
16.262	-0.920	-0.391
16.306	-0.920	-0.395
16.362	-0.920	-0.397
16.404	-0.930	-0.400
16.456	-0.930	-0.401
16.511	-0.930	-0.405
16.561	-0.940	-0.408
16.604	-0.940	-0.411
16.661	-0.940	-0.414
16.704	-0.950	-0.417
16.755	-0.950	-0.420
16.807	-0.950	-0.422
16.862	-0.960	-0.425
16.906	-0.960	-0.429
16.956	-0.960	-0.432
17.012	-0.960	-0.435
17.055	-0.970	-0.438
17.107	-0.970	-0.441
17.162	-0.970	-0.443
17.204	-0.980	-0.446
17.256	-0.980	-0.450
17.310	-0.980	-0.453
17.354	-0.990	-0.456
17.411	-0.990	-0.458
17.462	-0.990	-0.461
17.505	-1.000	-0.464
17.556	-1.000	-0.467
17.612	-1.000	-0.471
17.654	-1.010	-0.474
17.706	-1.010	-0.476
17.754	-1.010	-0.479
17.807	-1.010	-0.483
17.861	-1.020	-0.486
17.912	-1.020	-0.490
17.956	-1.020	-0.493
18.006	-1.030	-0.496
18.063	-1.030	-0.498
18.107	-1.030	-0.500
18.154	-1.040	-0.504
18.205	-1.040	-0.508
18.261	-1.040	-0.511
18.312	-1.050	-0.514
18.363	-1.050	-0.516
18.407	-1.050	-0.519
18.454	-1.060	-0.523
18.506	-1.060	-0.526
18.562	-1.060	-0.530
18.604	-1.060	-0.533
18.657	-1.070	-0.535
18.713	-1.070	-0.538
18.755	-1.070	-0.541
18.812	-1.080	-0.545
18.856	-1.080	-0.548
18.906	-1.080	-0.552
18.963	-1.090	-0.555
19.004	-1.090	-0.557
19.060	-1.090	-0.560
19.112	-1.100	-0.564
19.156	-1.100	-0.568
19.212	-1.100	-0.571
19.264	-1.110	-0.574
19.307	-1.110	-0.578
19.362	-1.110	-0.580
19.406	-1.110	-0.583
19.456	-1.120	-0.588
19.512	-1.120	-0.591
19.556	-1.120	-0.595
19.613	-1.130	-0.597
19.654	-1.130	-0.600
19.714	-1.130	-0.604
19.762	-1.140	-0.607
19.804	-1.140	-0.611
19.856	-1.140	-0.615
19.904	-1.150	-0.617
19.957	-1.150	-0.620
20.012	-1.150	-0.623
20.056	-1.160	-0.627
20.107	-1.160	-0.631
20.162	-1.160	-0.634
20.205	-1.160	-0.637
20.262	-1.170	-0.640
20.305	-1.170	-0.643
20.356	-1.170	-0.646
20.412	-1.180	-0.650
20.454	-1.180	-0.654
20.506	-1.180	-0.657
20.562	-1.190	-0.659
20.606	-1.190	-0.663
20.662	-1.190	-0.666
20.704	-1.200	-0.669
20.757	-1.200	-0.673
20.812	-1.200	-0.677
20.855	-1.210	-0.680
20.906	-1.210	-0.682
20.962	-1.210	-0.685
21.006	-1.210	-0.689
21.062	-1.220	-0.693
21.104	-1.220	-0.696
21.156	-1.220	-0.700
21.212	-1.230	-0.703
21.254	-1.230	-0.705
21.306	-1.230	-0.709
21.354	-1.240	-0.712
21.410	-1.240	-0.717
21.462	-1.240	-0.720
21.514	-1.250	-0.723
21.556	-1.250	-0.725
21.606	-1.250	-0.728
21.653	-1.250	-0.731
21.696	-1.150	-0.731
21.745	-1.030	-0.710
21.794	-0.900	-0.578
21.844	-0.750	-0.425
21.901	-0.590	-0.295
21.954	-0.410	-0.240
21.996	-0.230	-0.104
22.045	-0.050	-0.019
22.096	0.000	0.000
22.133	0.000	-0.002
22.184	0.000	-0.002
22.238	0.000	-0.002
22.289	0.000	-0.002
22.338	0.000	-0.002
22.388	0.000	-0.002
22.438	0.000	-0.002
22.485	0.000	-0.002
22.535	0.000	-0.002
22.584	0.000	-0.002
22.634	0.000	-0.001
22.688	0.000	-0.001
22.739	0.000	-0.002
22.784	0.000	-0.001
22.836	0.000	-0.001
22.886	0.000	-0.001
22.936	0.000	-0.001
22.985	0.000	-0.001
23.034	0.000	-0.001
23.084	0.000	-0.001
23.135	0.000	-0.001
23.185	0.000	-0.001
23.238	0.000	-0.001
23.284	0.000	-0.001
23.334	0.000	-0.001
23.388	0.000	-0.001
23.437	0.000	-0.001
23.488	0.000	-0.001
23.538	0.000	-0.001
23.585	0.000	-0.001
23.635	0.000	-0.001
23.684	0.000	-0.001
23.738	0.000	-0.001
23.788	0.000	-0.001
23.834	0.000	-0.001
23.889	0.000	-0.001
23.935	0.000	-0.001
23.985	0.000	-0.000
24.036	0.000	-0.001
24.088	0.000	-0.001
24.135	0.000	-0.001
24.186	0.000	-0.001
24.235	0.000	-0.001
24.288	0.000	-0.001
24.338	0.000	-0.001
24.388	0.000	-0.001
24.438	0.000	-0.001
24.486	0.000	-0.001
24.536	0.000	-0.001
24.588	0.000	-0.001
24.634	0.000	-0.001
24.684	0.000	-0.001
24.734	0.000	-0.001
24.784	0.000	-0.001
24.836	0.000	-0.001
24.887	0.000	-0.001
24.938	0.000	-0.001
24.988	0.000	-0.001
25.035	0.000	-0.001
25.085	0.000	-0.001
25.135	0.000	-0.001
25.184	0.000	-0.001
25.238	0.000	-0.001
25.284	0.000	-0.001
25.338	0.000	-0.001
25.385	0.000	-0.001
25.435	0.000	-0.001
25.485	0.000	-0.001
25.534	0.000	-0.001
25.584	0.000	-0.001
25.634	0.000	-0.001
25.684	0.000	-0.000
25.736	0.000	-0.001
25.785	0.000	-0.001
25.837	0.000	-0.001
25.887	0.000	-0.001
25.936	0.000	-0.001
25.987	0.000	-0.001
26.036	0.000	-0.001
26.089	0.000	-0.001
26.137	0.000	-0.001
26.189	0.000	-0.001
26.239	0.000	-0.001
26.287	0.000	-0.001
26.337	0.000	-0.001
26.387	0.000	-0.001
26.439	0.000	-0.001
26.489	0.000	-0.001
26.535	0.000	-0.001
26.589	0.000	-0.001
26.637	0.000	-0.001
26.687	0.000	-0.001
26.737	0.000	-0.001
26.787	0.000	-0.001
26.835	0.000	-0.000
26.885	0.000	-0.000
26.935	0.000	-0.001
26.987	0.000	-0.001
27.037	0.000	-0.001
27.088	0.000	-0.001
27.137	0.000	-0.001
27.185	0.000	-0.001
27.235	0.000	-0.001
27.286	0.000	-0.001
27.339	0.000	-0.001
27.389	0.000	-0.001
27.439	0.000	-0.001
27.489	0.000	-0.001
27.535	0.000	-0.001
27.585	0.000	-0.001
27.635	0.000	-0.001
27.685	0.000	-0.000
27.734	0.000	-0.000
27.785	0.000	-0.001
27.839	0.000	-0.001
27.885	0.000	-0.000
27.935	0.000	-0.001
27.989	0.000	-0.001
28.038	0.000	-0.001
28.086	0.000	-0.001
28.136	0.000	-0.001
28.187	0.000	-0.001
28.239	0.000	-0.001
28.289	0.000	-0.001
28.339	0.000	-0.001
28.389	0.000	-0.001
28.437	0.000	-0.001
28.486	0.000	-0.001
28.537	0.000	-0.001
28.587	0.000	-0.001
28.640	0.000	-0.000
28.685	0.000	-0.000
28.739	0.000	-0.001
28.787	0.000	-0.000
28.837	0.000	-0.001
28.888	0.000	-0.001
28.938	0.000	-0.001
28.989	0.000	-0.000
29.039	0.000	-0.000
29.085	0.000	-0.001
29.138	0.000	-0.001
29.187	0.000	-0.000
29.239	0.000	-0.001
29.288	0.000	-0.001
29.335	0.000	-0.000
29.389	0.000	-0.000
29.435	0.000	-0.000
29.485	0.000	-0.000
29.539	0.000	-0.001
29.589	0.000	-0.001
29.639	0.000	-0.000
29.685	0.000	-0.000
29.735	0.000	-0.000
29.785	0.000	-0.001
29.835	0.000	-0.001
29.889	0.000	-0.000
29.939	0.000	-0.001
29.990	0.000	-0.001
30.035	0.000	-0.001
30.085	0.000	-0.000
30.136	0.000	-0.001
30.185	0.000	-0.001
30.239	0.000	-0.001
30.289	0.000	-0.001
30.335	0.000	-0.001
30.385	0.000	-0.001
30.436	0.000	-0.000
30.487	0.000	-0.000
30.536	0.000	-0.000
30.585	0.000	-0.001
30.635	0.000	-0.000
30.685	0.000	-0.001
30.735	0.000	-0.001
30.787	0.000	-0.001
30.836	0.000	-0.001
30.887	0.000	-0.001
30.935	0.000	-0.001
30.985	0.000	-0.000
31.035	0.000	-0.000
31.085	0.000	-0.001
31.137	0.000	-0.001
31.187	0.000	-0.001
31.237	0.000	-0.001
31.287	0.000	-0.001
31.336	0.000	-0.001
31.387	0.000	-0.001
31.436	0.000	-0.001
31.488	0.000	-0.001
31.537	0.000	-0.000
31.589	0.000	-0.001
31.638	0.000	-0.001
31.686	0.000	-0.001
31.736	0.000	-0.000
31.787	0.000	-0.000
31.839	0.000	-0.000
31.888	0.000	-0.000
31.939	0.000	-0.001
31.989	0.000	-0.000
32.036	0.000	-0.000
32.086	0.000	-0.001
32.137	0.000	-0.001
32.187	0.000	-0.001
32.240	0.000	-0.001
32.285	0.000	-0.001
32.335	0.000	-0.001
32.387	0.000	-0.001
32.437	0.000	-0.001
32.487	0.000	-0.000
32.538	0.000	-0.001
32.585	0.000	-0.001
32.635	0.000	-0.001
32.685	0.000	-0.001
32.739	0.000	-0.001
32.789	0.000	-0.001
32.839	0.000	-0.001
32.889	0.000	-0.001
32.935	0.000	-0.001
32.985	0.000	-0.001
33.035	0.000	-0.001
33.085	0.000	-0.000
33.139	0.000	-0.001
33.185	0.000	-0.001
33.239	0.000	-0.001
33.285	0.000	-0.000
33.335	0.000	-0.001
33.386	0.000	-0.000
33.435	0.000	-0.000
33.490	0.000	-0.001
33.540	0.000	-0.001
33.585	0.000	-0.000
33.637	0.000	-0.001
33.686	0.000	-0.001
33.736	0.000	-0.001
33.786	0.000	-0.001
33.835	0.000	-0.001
33.890	0.000	-0.001
33.935	0.000	-0.001
33.985	0.000	-0.001
34.036	0.000	-0.001
34.087	0.000	-0.001
34.137	0.000	-0.000
34.185	0.000	-0.001
34.235	0.000	-0.001
34.285	0.000	-0.001
34.335	0.000	-0.000
34.387	0.000	-0.001
34.437	0.000	-0.001
34.487	0.000	-0.001
34.535	0.000	-0.000
34.585	0.000	-0.000
34.636	0.000	-0.000
34.685	0.000	-0.001
34.737	0.000	-0.000
34.787	0.000	-0.000
34.837	0.000	-0.001
34.888	0.000	-0.000
34.936	0.000	-0.000
34.986	0.000	-0.000
35.036	0.000	-0.001
35.088	0.000	-0.000
35.137	0.000	-0.001
35.189	0.000	-0.000
35.239	0.000	-0.000
35.286	0.000	-0.000
35.336	0.000	-0.000
35.387	0.000	-0.001
35.439	0.000	-0.000
35.489	0.000	-0.000
35.539	0.000	-0.001
35.589	0.000	-0.000
35.637	0.000	-0.001
35.686	0.000	-0.001
35.737	0.000	-0.000
35.787	0.000	-0.001
35.834	0.000	-0.000
35.885	0.000	-0.001
35.935	0.000	-0.000
35.988	0.000	-0.001
36.037	0.000	-0.001
36.087	0.000	-0.000
36.137	0.000	-0.000
36.189	0.000	-0.001
36.240	0.000	-0.001
36.285	0.000	-0.001
36.338	0.000	-0.000
36.387	0.000	-0.001
36.439	0.000	-0.001
36.487	0.000	-0.000
36.535	0.000	-0.001
36.585	0.000	-0.000
36.635	0.000	-0.000
36.685	0.000	-0.000
36.739	0.000	-0.000
36.784	0.000	-0.001
36.839	0.000	-0.001
36.885	0.000	-0.001
36.935	0.000	-0.000
36.985	0.000	-0.000
37.035	0.000	-0.000
37.090	0.000	-0.001
37.140	0.000	-0.001
37.185	0.000	-0.000
37.236	0.000	-0.001
37.286	0.000	-0.000
37.336	0.000	-0.001
37.386	0.000	-0.001
37.435	0.000	-0.001
37.489	0.000	-0.001
37.535	0.000	-0.001
37.585	0.000	-0.001
37.636	0.000	-0.001
37.687	0.000	-0.001
37.737	0.000	-0.001
37.785	0.000	-0.000
37.835	0.000	-0.001
37.885	0.000	-0.001
37.935	0.000	-0.000
37.987	0.000	-0.000
38.037	0.000	-0.001
38.088	0.000	-0.001
38.136	0.000	-0.001
38.185	0.000	-0.001
38.235	0.000	-0.001
38.285	0.000	-0.001
38.337	0.000	-0.000
38.387	0.000	-0.001
38.437	0.000	-0.001
38.487	0.000	-0.001
38.536	0.000	-0.001
38.586	0.000	-0.000
38.636	0.000	-0.000
38.688	0.000	-0.001
38.737	0.000	-0.000
38.789	0.000	-0.001
38.837	0.000	-0.001
38.886	0.000	-0.001
38.936	0.000	-0.000
38.987	0.000	-0.000
39.039	0.000	-0.001
39.089	0.000	-0.000
39.139	0.000	-0.001
39.189	0.000	-0.001
39.237	0.000	-0.000
39.286	0.000	-0.001
39.337	0.000	-0.001
39.387	0.000	-0.001
39.439	0.000	-0.001
39.485	0.000	-0.001
39.539	0.000	-0.001
39.587	0.000	-0.000
39.637	0.000	-0.000
39.687	0.000	-0.001
39.737	0.000	-0.000
39.790	0.000	-0.000
39.840	0.000	-0.001
39.885	0.000	-0.000
39.938	0.000	-0.001
39.990	0.000	-0.000
40.038	0.000	-0.000
40.088	0.000	-0.000
40.135	0.000	-0.000
40.190	0.000	-0.000
40.235	0.000	-0.000
40.285	0.000	-0.001
40.339	0.000	-0.000
40.389	0.000	-0.001
40.439	0.000	-0.001
40.485	0.000	-0.001
40.535	0.000	-0.000
40.585	0.000	-0.000
40.635	0.000	-0.000
40.689	0.000	-0.001
40.739	0.000	-0.001
40.789	0.000	-0.001
40.835	0.000	-0.001
40.885	0.000	-0.000
40.936	0.000	-0.001
40.985	0.000	-0.001
41.039	0.000	-0.000
41.089	0.000	-0.000
41.140	0.000	-0.000
41.190	0.000	-0.001
41.236	0.000	-0.000
41.286	0.000	-0.000
41.336	0.000	-0.000
41.385	0.000	-0.001
41.434	0.000	-0.001
41.485	0.000	-0.000
41.539	0.000	-0.001
41.586	0.000	-0.001
41.636	0.000	-0.001
41.686	0.000	-0.001
41.735	0.000	-0.000
41.785	0.000	-0.000
41.835	0.000	-0.000
41.885	0.000	-0.000
41.936	0.000	-0.000
41.986	0.000	-0.000
42.037	0.000	-0.001
42.087	0.000	-0.001
42.135	0.000	-0.000
42.185	0.000	-0.000
42.235	0.000	-0.001
42.287	0.000	-0.000
42.337	0.000	-0.000
42.387	0.000	-0.001
42.437	0.000	-0.000
42.485	0.000	-0.001
42.535	0.000	-0.001
42.586	0.000	-0.000
42.637	0.000	-0.001
42.687	0.000	-0.001
42.739	0.000	-0.001
42.787	0.000	-0.001
42.836	0.000	-0.000
42.886	0.000	-0.001
42.936	0.000	-0.001
42.986	0.000	-0.001
43.039	0.000	-0.001
43.089	0.000	-0.000
43.139	0.000	-0.001
43.186	0.000	-0.001
43.236	0.000	-0.000
43.286	0.000	-0.000
43.337	0.000	-0.000
43.390	0.000	-0.001
43.440	0.000	-0.000
43.491	0.000	-0.000
43.538	0.000	-0.000
43.588	0.000	-0.000
43.638	0.000	-0.001
43.688	0.000	-0.000
43.740	0.000	-0.000
43.790	0.000	-0.001
43.841	0.000	-0.001
43.891	0.000	-0.001
43.938	0.000	-0.000
43.990	0.000	-0.000
44.038	0.000	-0.000
44.086	0.000	-0.000
44.140	0.000	-0.000
44.186	0.000	-0.001
44.236	0.000	-0.000
44.288	0.000	-0.001
44.338	0.000	-0.000
44.390	0.000	-0.001
44.436	0.000	-0.000
44.486	0.000	-0.000
44.536	0.000	-0.000
44.586	0.000	-0.000
44.640	0.000	-0.000
44.689	0.000	-0.000
44.740	0.000	-0.001
44.790	0.000	-0.001
44.836	0.000	-0.000
44.887	0.000	-0.001
44.936	0.000	-0.000
44.991	0.000	-0.000
45.040	0.000	-0.000
45.090	0.000	-0.000
45.140	0.000	-0.000
45.186	0.000	-0.001
45.236	0.000	-0.001
45.288	0.000	-0.001
45.336	0.000	-0.001
45.385	0.000	-0.001
45.436	0.000	-0.000
45.485	0.000	-0.000
45.537	0.000	-0.000
45.586	0.000	-0.000
45.637	0.000	-0.001
45.687	0.000	-0.001
45.736	0.000	-0.000
45.786	0.000	-0.000
45.836	0.000	-0.001
