Time(s)	Extension(mm)	Load(N)
0.001	0.000	-0.001
0.018	0.000	-0.001
0.040	0.000	-0.000
0.073	0.000	-0.001
0.123	0.000	-0.001
0.172	0.000	-0.001
0.222	0.000	-0.001
0.277	0.000	-0.000
0.323	0.000	-0.001
0.373	0.000	-0.001
0.423	0.000	-0.001
0.473	0.000	-0.001
0.522	0.000	-0.000
0.578	0.000	-0.000
0.622	0.000	-0.001
0.674	0.000	-0.001
0.724	0.000	-0.001
0.774	0.000	-0.000
0.824	0.000	-0.001
0.872	0.000	-0.001
0.922	0.000	-0.001
0.973	0.000	-0.001
1.023	0.000	-0.001
1.075	0.000	-0.000
1.125	0.000	-0.001
1.174	0.000	-0.000
1.224	0.000	-0.000
1.273	0.000	-0.001
1.324	0.000	-0.001
1.373	0.000	-0.000
1.425	0.000	-0.000
1.475	0.000	-0.001
1.527	0.000	-0.001
1.575	0.000	-0.001
1.624	0.000	-0.001
1.684	-0.000	-0.000
1.742	-0.010	-0.001
1.792	-0.010	-0.001
1.843	-0.010	-0.001
1.891	-0.010	-0.001
1.943	-0.020	-0.000
1.994	-0.020	-0.001
2.050	-0.020	-0.001
2.092	-0.030	-0.001
2.143	-0.030	-0.001
2.194	-0.030	0.000
2.240	-0.040	0.000
2.283	-0.040	-0.001
2.343	-0.040	-0.000
2.394	-0.050	-0.001
2.441	-0.050	-0.001
2.495	-0.050	-0.000
2.541	-0.060	-0.000
2.601	-0.060	-0.001
2.642	-0.060	-0.000
2.692	-0.060	-0.001
2.742	-0.070	-0.001
2.795	-0.070	-0.001
2.849	-0.070	0.000
2.892	-0.080	-0.001
2.945	-0.080	-0.001
2.991	-0.080	-0.001
3.050	-0.090	-0.001
3.092	-0.090	-0.001
3.144	-0.090	0.000
3.195	-0.100	-0.001
3.245	-0.100	-0.001
3.300	-0.100	-0.001
3.345	-0.110	-0.001
3.395	-0.110	-0.001
3.441	-0.110	0.000
3.490	-0.110	-0.001
3.541	-0.120	-0.001
3.591	-0.120	-0.001
3.642	-0.120	-0.001
3.693	-0.130	-0.001
3.745	-0.130	-0.000
3.794	-0.130	0.000
3.844	-0.140	-0.001
3.895	-0.140	-0.000
3.944	-0.140	-0.001
3.995	-0.150	-0.001
4.042	-0.150	-0.000
4.093	-0.150	-0.000
4.143	-0.160	-0.001
4.195	-0.160	-0.001
4.241	-0.160	-0.001
4.295	-0.160	-0.001
4.341	-0.170	-0.001
4.393	-0.170	0.000
4.442	-0.170	-0.001
4.492	-0.180	-0.001
4.543	-0.180	-0.001
4.594	-0.180	-0.001
4.645	-0.190	-0.001
4.695	-0.190	-0.001
4.750	-0.190	-0.000
4.792	-0.200	-0.001
4.843	-0.200	-0.001
4.893	-0.200	-0.001
4.945	-0.210	-0.002
4.991	-0.210	-0.003
5.045	-0.210	-0.004
5.091	-0.210	-0.006
5.141	-0.220	-0.007
5.196	-0.220	-0.009
5.242	-0.220	-0.011
5.294	-0.230	-0.012
5.345	-0.230	-0.013
5.394	-0.230	-0.014
5.445	-0.240	-0.015
5.494	-0.240	-0.017
5.546	-0.240	-0.018
5.596	-0.250	-0.019
5.651	-0.250	-0.019
5.693	-0.250	-0.020
5.743	-0.260	-0.021
5.793	-0.260	-0.022
5.843	-0.260	-0.023
5.894	-0.260	-0.024
5.943	-0.270	-0.024
5.994	-0.270	-0.026
6.046	-0.270	-0.026
6.092	-0.280	-0.027
6.146	-0.280	-0.028
6.195	-0.280	-0.029
6.246	-0.290	-0.030
6.296	-0.290	-0.030
6.342	-0.290	-0.032
6.393	-0.300	-0.032
6.447	-0.300	-0.033
6.495	-0.300	-0.034
6.553	-0.310	-0.035
6.594	-0.310	-0.035
6.644	-0.310	-0.037
6.695	-0.310	-0.037
6.750	-0.320	-0.038
6.793	-0.320	-0.039
6.841	-0.320	-0.040
6.893	-0.330	-0.041
6.943	-0.330	-0.042
7.000	-0.330	-0.042
7.043	-0.340	-0.043
7.094	-0.340	-0.045
7.145	-0.340	-0.046
7.194	-0.350	-0.047
7.245	-0.350	-0.049
7.294	-0.350	-0.050
7.346	-0.360	-0.052
7.395	-0.360	-0.054
7.450	-0.360	-0.056
7.493	-0.360	-0.058
7.550	-0.370	-0.060
7.593	-0.370	-0.061
7.642	-0.370	-0.063
7.693	-0.380	-0.065
7.743	-0.380	-0.068
7.794	-0.380	-0.069
7.845	-0.390	-0.071
7.903	-0.390	-0.072
7.945	-0.390	-0.073
7.995	-0.400	-0.074
8.046	-0.400	-0.076
8.096	-0.400	-0.078
8.150	-0.410	-0.079
8.194	-0.410	-0.080
8.244	-0.410	-0.081
8.293	-0.410	-0.082
8.352	-0.420	-0.084
8.394	-0.420	-0.085
8.443	-0.420	-0.086
8.494	-0.430	-0.088
8.544	-0.430	-0.088
8.595	-0.430	-0.089
8.644	-0.440	-0.091
8.695	-0.440	-0.092
8.744	-0.440	-0.094
8.802	-0.450	-0.095
8.844	-0.450	-0.096
8.896	-0.450	-0.097
8.946	-0.460	-0.099
8.995	-0.460	-0.100
9.046	-0.460	-0.102
9.095	-0.460	-0.103
9.152	-0.470	-0.104
9.194	-0.470	-0.105
9.251	-0.470	-0.107
9.294	-0.480	-0.108
9.345	-0.480	-0.110
9.401	-0.480	-0.111
9.443	-0.490	-0.113
9.496	-0.490	-0.113
9.550	-0.490	-0.115
9.594	-0.500	-0.117
9.651	-0.500	-0.119
9.702	-0.500	-0.121
9.746	-0.510	-0.123
9.801	-0.510	-0.124
9.844	-0.510	-0.127
9.896	-0.510	-0.130
9.951	-0.520	-0.133
9.995	-0.520	-0.136
10.052	-0.520	-0.138
10.093	-0.530	-0.140
10.154	-0.530	-0.142
10.201	-0.530	-0.145
10.252	-0.540	-0.148
10.295	-0.540	-0.152
10.352	-0.540	-0.155
10.395	-0.550	-0.157
10.445	-0.550	-0.160
10.502	-0.550	-0.162
10.545	-0.560	-0.165
10.604	-0.560	-0.169
10.651	-0.560	-0.172
10.696	-0.560	-0.174
10.752	-0.570	-0.176
10.794	-0.570	-0.179
10.845	-0.570	-0.182
10.900	-0.580	-0.185
10.944	-0.580	-0.189
10.995	-0.580	-0.192
11.052	-0.590	-0.194
11.095	-0.590	-0.197
11.146	-0.590	-0.199
11.202	-0.600	-0.203
11.244	-0.600	-0.206
11.296	-0.600	-0.210
11.351	-0.610	-0.212
11.395	-0.610	-0.214
11.452	-0.610	-0.217
11.502	-0.610	-0.220
11.546	-0.620	-0.224
11.601	-0.620	-0.227
11.644	-0.620	-0.231
11.695	-0.630	-0.233
11.751	-0.630	-0.235
11.795	-0.630	-0.238
11.851	-0.640	-0.242
11.893	-0.640	-0.245
11.953	-0.640	-0.249
11.996	-0.650	-0.251
12.051	-0.650	-0.253
12.094	-0.650	-0.257
12.151	-0.660	-0.260
12.194	-0.660	-0.263
12.246	-0.660	-0.267
12.302	-0.660	-0.270
12.344	-0.670	-0.272
12.404	-0.670	-0.275
12.452	-0.670	-0.278
12.496	-0.680	-0.282
12.552	-0.680	-0.286
12.593	-0.680	-0.289
12.646	-0.690	-0.291
12.701	-0.690	-0.293
12.745	-0.690	-0.297
12.796	-0.700	-0.300
12.853	-0.700	-0.304
12.896	-0.700	-0.308
12.951	-0.710	-0.311
12.995	-0.710	-0.313
13.046	-0.710	-0.316
13.102	-0.710	-0.319
13.144	-0.720	-0.323
13.201	-0.720	-0.327
13.245	-0.720	-0.330
13.305	-0.730	-0.333
13.344	-0.730	-0.335
13.395	-0.730	-0.338
13.451	-0.740	-0.342
13.502	-0.740	-0.345
13.546	-0.740	-0.349
13.594	-0.750	-0.352
13.646	-0.750	-0.355
13.701	-0.750	-0.358
13.752	-0.760	-0.361
13.796	-0.760	-0.365
13.851	-0.760	-0.369
13.894	-0.760	-0.372
13.951	-0.770	-0.375
13.994	-0.770	-0.378
14.045	-0.770	-0.381
14.102	-0.780	-0.386
14.144	-0.780	-0.389
14.204	-0.780	-0.393
14.251	-0.790	-0.396
14.296	-0.790	-0.399
14.352	-0.790	-0.402
14.393	-0.800	-0.406
14.446	-0.800	-0.410
14.501	-0.800	-0.414
14.545	-0.810	-0.417
14.596	-0.810	-0.420
14.644	-0.810	-0.423
14.700	-0.810	-0.427
14.752	-0.820	-0.431
14.795	-0.820	-0.435
14.846	-0.820	-0.438
14.901	-0.830	-0.441
14.943	-0.830	-0.445
14.995	-0.830	-0.448
15.043	-0.840	-0.453
15.102	-0.840	-0.457
15.146	-0.840	-0.461
15.201	-0.850	-0.464
15.244	-0.850	-0.467
15.295	-0.850	-0.471
15.346	-0.860	-0.474
15.394	-0.860	-0.478
15.450	-0.860	-0.483
15.501	-0.860	-0.487
15.552	-0.870	-0.490
15.595	-0.870	-0.493
15.646	-0.870	-0.497
15.702	-0.880	-0.501
15.746	-0.880	-0.506
15.802	-0.880	-0.511
15.844	-0.890	-0.514
15.897	-0.890	-0.517
15.950	-0.890	-0.521
16.001	-0.900	-0.525
16.044	-0.900	-0.530
16.102	-0.900	-0.534
16.145	-0.910	-0.538
16.196	-0.910	-0.541
16.251	-0.910	-0.545
16.292	-0.910	-0.549
16.346	-0.920	-0.553
16.400	-0.920	-0.558
16.445	-0.920	-0.563
16.501	-0.930	-0.566
16.552	-0.930	-0.569
16.594	-0.930	-0.573
16.645	-0.940	-0.578
16.701	-0.940	-0.582
16.742	-0.940	-0.587
16.796	-0.950	-0.591
16.843	-0.950	-0.595
16.903	-0.950	-0.598
16.946	-0.960	-0.603
17.001	-0.960	-0.607
17.044	-0.960	-0.612
17.096	-0.960	-0.617
17.151	-0.970	-0.620
17.195	-0.970	-0.624
17.251	-0.970	-0.628
17.302	-0.980	-0.632
17.353	-0.980	-0.637
17.396	-0.980	-0.642
17.450	-0.990	-0.646
17.493	-0.990	-0.649
17.550	-0.990	-0.653
17.593	-1.000	-0.658
17.645	-1.000	-0.663
17.701	-1.000	-0.667
17.743	-1.010	-0.672
17.804	-1.010	-0.676
17.851	-1.010	-0.679
17.895	-1.010	-0.684
17.951	-1.020	-0.689
18.002	-1.020	-0.694
18.046	-1.020	-0.698
18.100	-1.030	-0.703
18.144	-1.030	-0.706
18.196	-1.030	-0.710
18.252	-1.040	-0.715
18.296	-1.040	-0.720
18.351	-1.040	-0.725
18.393	-1.050	-0.729
18.445	-1.050	-0.732
18.502	-1.050	-0.736
18.543	-1.060	-0.741
18.596	-1.060	-0.747
18.645	-1.060	-0.751
18.704	-1.060	-0.755
18.752	-1.070	-0.759
18.794	-1.070	-0.763
18.850	-1.070	-0.767
18.902	-1.080	-0.772
18.945	-1.080	-0.778
19.002	-1.080	-0.782
19.045	-1.090	-0.786
19.096	-1.090	-0.790
19.152	-1.090	-0.794
19.195	-1.100	-0.799
19.246	-1.100	-0.804
19.302	-1.100	-0.810
19.350	-1.110	-0.814
19.393	-1.110	-0.818
19.445	-1.110	-0.822
19.501	-1.110	-0.826
19.543	-1.120	-0.831
19.604	-1.120	-0.837
19.651	-1.120	-0.842
19.695	-1.130	-0.845
19.746	-1.130	-0.850
19.792	-1.130	-0.854
19.845	-1.140	-0.858
19.896	-1.140	-0.864
19.944	-1.140	-0.869
19.995	-1.150	-0.873
20.043	-1.150	-0.877
20.096	-1.150	-0.881
20.152	-1.160	-0.885
20.194	-1.160	-0.890
20.246	-1.160	-0.896
20.294	-1.160	-0.901
20.344	-1.170	-0.904
20.392	-1.170	-0.908
20.446	-1.170	-0.912
20.502	-1.180	-0.918
20.544	-1.180	-0.922
20.596	-1.180	-0.928
20.643	-1.190	-0.932
20.694	-1.190	-0.936
20.746	-1.190	-0.940
20.795	-1.200	-0.944
20.843	-1.200	-0.950
20.894	-1.200	-0.955
20.956	-1.210	-0.960
20.994	-1.210	-0.964
21.045	-1.210	-0.968
21.100	-1.210	-0.972
21.145	-1.220	-0.977
21.201	-1.220	-0.982
21.252	-1.220	-0.987
21.295	-1.230	-0.991
21.346	-1.230	-0.995
21.402	-1.230	-0.999
21.444	-1.240	-1.004
21.501	-1.240	-1.009
21.545	-1.240	-1.014
21.596	-1.250	-1.019
21.651	-1.250	-1.022
21.694	-1.250	-1.027
21.750	-1.260	-1.031
21.802	-1.260	-1.036
21.846	-1.260	-1.041
21.902	-1.260	-1.046
21.943	-1.270	-1.050
21.996	-1.270	-1.053
22.052	-1.270	-1.058
22.095	-1.280	-1.063
22.146	-1.280	-1.068
22.193	-1.280	-1.074
22.251	-1.290	-1.078
22.302	-1.290	-1.081
22.345	-1.290	-1.086
22.401	-1.300	-1.091
22.444	-1.300	-1.096
22.496	-1.300	-1.101
22.552	-1.310	-1.106
22.596	-1.310	-1.110
22.652	-1.310	-1.114
22.696	-1.310	-1.118
22.756	-1.320	-1.123
22.793	-1.320	-1.128
22.845	-1.320	-1.133
22.901	-1.330	-1.138
22.946	-1.330	-1.141
23.002	-1.330	-1.145
23.053	-1.340	-1.150
23.097	-1.340	-1.155
23.152	-1.340	-1.160
23.203	-1.350	-1.165
23.247	-1.350	-1.169
23.294	-1.350	-1.172
23.347	-1.360	-1.177
23.402	-1.360	-1.183
23.446	-1.360	-1.188
23.497	-1.360	-1.192
23.544	-1.370	-1.196
23.596	-1.370	-1.200
23.653	-1.370	-1.204
23.697	-1.380	-1.209
23.751	-1.380	-1.214
23.794	-1.380	-1.219
23.849	-1.390	-1.223
23.903	-1.390	-1.227
23.944	-1.390	-1.231
23.997	-1.400	-1.235
24.046	-1.400	-1.241
24.108	-1.400	-1.246
24.143	-1.410	-1.250
24.197	-1.410	-1.254
24.252	-1.410	-1.257
24.294	-1.410	-1.261
24.347	-1.420	-1.266
24.394	-1.420	-1.271
24.454	-1.420	-1.277
24.503	-1.430	-1.280
24.554	-1.430	-1.284
24.597	-1.430	-1.288
24.652	-1.440	-1.292
24.696	-1.440	-1.298
24.753	-1.440	-1.303
24.796	-1.450	-1.307
24.847	-1.450	-1.311
24.894	-1.450	-1.315
24.947	-1.460	-1.320
25.006	-1.460	-1.324
25.044	-1.460	-1.329
25.102	-1.460	-1.334
25.145	-1.470	-1.338
25.197	-1.470	-1.341
25.252	-1.470	-1.346
25.294	-1.480	-1.351
25.347	-1.480	-1.355
25.402	-1.480	-1.360
25.447	-1.490	-1.365
25.502	-1.490	-1.368
25.543	-1.490	-1.371
25.597	-1.500	-1.377
25.652	-1.500	-1.381
25.695	-1.500	-1.386
25.737	-1.500	-1.389
25.787	-1.390	-1.390
25.837	-1.270	-1.350
25.894	-1.130	-1.144
25.935	-0.990	-0.915
25.985	-0.820	-0.695
26.033	-0.640	-0.482
26.091	-0.460	-0.293
26.137	-0.280	-0.216
26.187	-0.120	-0.056
26.236	0.000	-0.001
26.276	0.000	-0.004
26.324	0.000	-0.004
26.375	0.000	-0.004
26.426	0.000	-0.004
26.474	0.000	-0.003
26.525	0.000	-0.003
26.574	0.000	-0.003
26.627	0.000	-0.003
26.677	0.000	-0.003
26.726	0.000	-0.003
26.775	0.000	-0.003
26.825	0.000	-0.003
26.876	0.000	-0.003
26.926	0.000	-0.002
26.978	0.000	-0.002
27.029	0.000	-0.002
27.077	0.000	-0.002
27.126	0.000	-0.002
27.176	0.000	-0.002
27.227	0.000	-0.002
27.276	0.000	-0.001
27.324	0.000	-0.002
27.380	0.000	-0.002
27.425	0.000	-0.001
27.475	0.000	-0.001
27.530	0.000	-0.002
27.574	0.000	-0.002
27.625	0.000	-0.001
27.677	0.000	-0.001
27.727	0.000	-0.002
27.776	0.000	-0.001
27.826	0.000	-0.001
27.875	0.000	-0.002
27.924	0.000	-0.002
27.976	0.000	-0.001
28.026	0.000	-0.001
28.079	0.000	-0.002
28.125	0.000	-0.001
28.175	0.000	-0.001
