Time(s)	Extension(mm)	Load(N)
0.000	0.000	-0.000
0.025	0.000	-0.001
0.072	0.000	-0.000
0.122	0.000	-0.001
0.172	0.000	-0.001
0.226	0.000	-0.001
0.274	0.000	-0.001
0.326	0.000	-0.000
0.376	0.000	-0.001
0.422	0.000	-0.001
0.472	0.000	-0.000
0.522	0.000	-0.001
0.576	0.000	-0.001
0.626	0.000	-0.001
0.672	0.000	-0.000
0.726	0.000	-0.001
0.772	0.000	-0.000
0.822	0.000	-0.000
0.873	0.000	-0.001
0.923	0.000	-0.001
0.972	0.000	-0.001
1.022	0.000	-0.001
1.072	0.000	-0.000
1.123	0.000	-0.001
1.173	0.000	-0.001
1.223	0.000	-0.000
1.273	0.000	-0.001
1.322	0.000	-0.001
1.372	0.000	-0.000
1.423	0.000	-0.001
1.474	0.000	-0.001
1.524	0.000	-0.001
1.574	0.000	-0.000
1.624	0.000	-0.000
1.672	0.000	-0.000
1.722	0.000	-0.001
1.773	0.000	-0.001
1.822	0.000	-0.001
1.874	0.000	-0.000
1.926	0.000	-0.001
1.974	0.000	-0.001
2.024	0.000	-0.001
2.072	0.000	-0.001
2.123	0.000	-0.000
2.173	0.000	-0.001
2.225	0.000	-0.001
2.275	0.000	-0.001
2.326	0.000	-0.001
2.374	0.000	-0.000
2.423	0.000	-0.001
2.474	0.000	-0.000
2.524	0.000	-0.001
2.576	0.000	-0.000
2.626	0.000	-0.001
2.677	0.000	-0.001
2.727	0.000	-0.001
2.775	0.000	-0.001
2.826	0.000	-0.001
2.875	0.000	-0.001
2.922	0.000	-0.001
2.972	0.000	-0.001
3.022	0.000	-0.000
3.072	0.000	-0.001
3.126	0.000	-0.000
3.176	0.000	-0.001
3.226	0.000	-0.001
3.272	0.000	-0.000
3.322	0.000	-0.001
3.373	0.000	-0.001
3.422	0.000	-0.001
3.476	0.000	-0.001
3.526	0.000	-0.001
3.577	0.000	-0.001
3.627	0.000	-0.001
3.673	0.000	-0.001
3.723	0.000	-0.001
3.773	0.000	-0.001
3.822	0.000	-0.000
3.871	0.000	-0.000
3.922	0.000	-0.001
3.971	0.000	-0.000
4.024	0.000	-0.001
4.074	0.000	-0.001
4.124	0.000	-0.000
4.172	0.000	-0.001
4.222	0.000	-0.001
4.272	0.000	-0.001
4.322	0.000	-0.001
4.374	0.000	-0.001
4.423	0.000	-0.001
4.475	0.000	-0.001
4.525	0.000	-0.001
4.573	0.000	-0.001
4.624	0.000	-0.001
4.673	0.000	-0.001
4.726	0.000	-0.001
4.774	0.000	-0.001
4.826	0.000	-0.000
4.876	0.000	-0.001
4.924	0.000	-0.001
4.974	0.000	-0.001
5.024	0.000	-0.001
5.077	0.000	-0.001
5.127	0.000	-0.001
5.172	0.000	-0.001
5.226	0.000	-0.000
5.274	0.000	-0.001
5.324	0.000	-0.000
5.374	0.000	-0.001
5.424	0.000	-0.001
5.472	0.000	-0.001
5.533	-0.000	-0.000
5.592	-0.000	-0.001
5.642	-0.010	-0.001
5.694	-0.010	-0.001
5.742	-0.010	-0.000
5.792	-0.020	0.000
5.840	-0.020	-0.001
5.892	-0.020	0.000
5.942	-0.030	0.000
5.992	-0.030	-0.000
6.042	-0.030	-0.000
6.100	-0.040	-0.001
6.142	-0.040	-0.000
6.192	-0.040	-0.001
6.242	-0.050	-0.001
6.292	-0.050	-0.000
6.344	-0.050	-0.000
6.394	-0.050	-0.000
6.450	-0.060	-0.000
6.492	-0.060	0.000
6.534	-0.060	-0.001
6.594	-0.070	-0.001
6.642	-0.070	-0.001
6.692	-0.070	-0.001
6.742	-0.080	0.000
6.794	-0.080	-0.001
6.841	-0.080	0.000
6.892	-0.090	-0.000
6.943	-0.090	-0.000
6.993	-0.090	-0.001
7.044	-0.100	-0.001
7.094	-0.100	-0.001
7.140	-0.100	-0.001
7.192	-0.100	-0.000
7.244	-0.110	-0.001
7.292	-0.110	-0.000
7.345	-0.110	-0.000
7.390	-0.120	-0.001
7.441	-0.120	0.000
7.489	-0.120	-0.001
7.540	-0.130	-0.001
7.592	-0.130	-0.001
7.642	-0.130	0.000
7.689	-0.140	0.000
7.732	-0.140	-0.001
7.800	-0.140	0.000
7.839	-0.150	-0.000
7.892	-0.150	-0.000
7.943	-0.150	-0.001
7.992	-0.150	-0.001
8.042	-0.160	-0.001
8.095	-0.160	-0.001
8.141	-0.160	0.000
8.184	-0.170	0.000
8.239	-0.170	0.000
8.280	-0.170	-0.001
8.344	-0.180	-0.001
8.400	-0.180	-0.001
8.449	-0.180	-0.001
8.492	-0.190	-0.001
8.541	-0.190	-0.001
8.592	-0.190	0.000
8.641	-0.200	-0.000
8.699	-0.200	-0.001
8.742	-0.200	-0.000
8.794	-0.200	-0.001
8.844	-0.210	-0.001
8.894	-0.210	-0.001
8.944	-0.210	0.000
8.984	-0.220	0.000
9.039	-0.220	-0.001
9.092	-0.220	-0.000
9.144	-0.230	-0.001
9.199	-0.230	-0.002
9.244	-0.230	-0.003
9.290	-0.240	-0.003
9.342	-0.240	-0.004
9.393	-0.240	-0.005
9.442	-0.250	-0.005
9.494	-0.250	-0.005
9.542	-0.250	-0.006
9.600	-0.250	-0.007
9.642	-0.260	-0.007
9.694	-0.260	-0.008
9.749	-0.260	-0.009
9.794	-0.270	-0.009
9.849	-0.270	-0.010
9.894	-0.270	-0.010
9.941	-0.280	-0.011
9.990	-0.280	-0.012
10.043	-0.280	-0.013
10.094	-0.290	-0.014
10.143	-0.290	-0.015
10.194	-0.290	-0.015
10.243	-0.300	-0.015
10.294	-0.300	-0.016
10.344	-0.300	-0.017
10.400	-0.300	-0.017
10.442	-0.310	-0.018
10.500	-0.310	-0.019
10.542	-0.310	-0.019
10.592	-0.320	-0.020
10.642	-0.320	-0.021
10.692	-0.320	-0.021
10.742	-0.330	-0.021
10.795	-0.330	-0.022
10.840	-0.330	-0.023
10.890	-0.340	-0.023
10.944	-0.340	-0.024
10.991	-0.340	-0.025
11.045	-0.350	-0.025
11.090	-0.350	-0.026
11.142	-0.350	-0.026
11.194	-0.350	-0.027
11.242	-0.360	-0.027
11.294	-0.360	-0.028
11.344	-0.360	-0.029
11.402	-0.370	-0.029
11.444	-0.370	-0.030
11.490	-0.370	-0.030
11.542	-0.380	-0.031
11.591	-0.380	-0.031
11.641	-0.380	-0.032
11.692	-0.390	-0.033
11.742	-0.390	-0.034
11.792	-0.390	-0.035
11.843	-0.400	-0.036
11.895	-0.400	-0.037
11.944	-0.400	-0.039
11.995	-0.400	-0.040
12.044	-0.410	-0.041
12.095	-0.410	-0.042
12.144	-0.410	-0.043
12.198	-0.420	-0.045
12.242	-0.420	-0.046
12.298	-0.420	-0.047
12.340	-0.430	-0.049
12.394	-0.430	-0.049
12.444	-0.430	-0.050
12.494	-0.440	-0.052
12.545	-0.440	-0.054
12.592	-0.440	-0.055
12.642	-0.450	-0.056
12.690	-0.450	-0.057
12.744	-0.450	-0.058
12.790	-0.450	-0.059
12.845	-0.460	-0.060
12.894	-0.460	-0.061
12.941	-0.460	-0.062
12.992	-0.470	-0.062
13.041	-0.470	-0.063
13.092	-0.470	-0.064
13.141	-0.480	-0.065
13.195	-0.480	-0.067
13.241	-0.480	-0.067
13.293	-0.490	-0.068
13.343	-0.490	-0.068
13.393	-0.490	-0.069
13.443	-0.500	-0.070
13.493	-0.500	-0.071
13.543	-0.500	-0.072
13.593	-0.500	-0.073
13.645	-0.510	-0.074
13.695	-0.510	-0.075
13.745	-0.510	-0.075
13.795	-0.520	-0.077
13.845	-0.520	-0.077
13.895	-0.520	-0.078
13.945	-0.530	-0.079
13.996	-0.530	-0.079
14.042	-0.530	-0.081
14.096	-0.540	-0.081
14.141	-0.540	-0.083
14.195	-0.540	-0.083
14.246	-0.550	-0.084
14.295	-0.550	-0.085
14.346	-0.550	-0.085
14.393	-0.550	-0.086
14.443	-0.560	-0.088
14.493	-0.560	-0.089
14.551	-0.560	-0.090
14.592	-0.570	-0.091
14.642	-0.570	-0.092
14.692	-0.570	-0.093
14.743	-0.580	-0.095
14.793	-0.580	-0.096
14.843	-0.580	-0.098
14.893	-0.590	-0.099
14.943	-0.590	-0.101
15.001	-0.590	-0.103
15.045	-0.600	-0.104
15.093	-0.600	-0.107
15.145	-0.600	-0.108
15.201	-0.600	-0.111
15.243	-0.610	-0.111
15.295	-0.610	-0.113
15.351	-0.610	-0.115
15.394	-0.620	-0.117
15.450	-0.620	-0.120
15.493	-0.620	-0.122
15.544	-0.630	-0.123
15.600	-0.630	-0.125
15.651	-0.630	-0.127
15.695	-0.640	-0.129
15.745	-0.640	-0.131
15.793	-0.640	-0.133
15.851	-0.650	-0.135
15.901	-0.650	-0.136
15.944	-0.650	-0.139
15.995	-0.650	-0.141
16.043	-0.660	-0.143
16.095	-0.660	-0.145
16.150	-0.660	-0.147
16.195	-0.670	-0.148
16.251	-0.670	-0.150
16.293	-0.670	-0.152
16.353	-0.680	-0.154
16.401	-0.680	-0.157
16.443	-0.680	-0.158
16.496	-0.690	-0.160
16.544	-0.690	-0.162
16.599	-0.690	-0.164
16.651	-0.700	-0.165
16.694	-0.700	-0.168
16.750	-0.700	-0.171
16.801	-0.700	-0.172
16.844	-0.710	-0.174
16.901	-0.710	-0.176
16.945	-0.710	-0.178
16.995	-0.720	-0.180
17.043	-0.720	-0.182
17.094	-0.720	-0.184
17.151	-0.730	-0.186
17.193	-0.730	-0.188
17.245	-0.730	-0.189
17.293	-0.740	-0.191
17.345	-0.740	-0.194
17.400	-0.740	-0.196
17.451	-0.750	-0.198
17.495	-0.750	-0.200
17.545	-0.750	-0.201
17.594	-0.750	-0.203
17.651	-0.760	-0.206
17.701	-0.760	-0.209
17.744	-0.760	-0.211
17.795	-0.770	-0.212
17.843	-0.770	-0.214
17.895	-0.770	-0.216
17.950	-0.780	-0.218
17.995	-0.780	-0.221
18.051	-0.780	-0.223
18.093	-0.790	-0.225
18.153	-0.790	-0.226
18.200	-0.790	-0.229
18.244	-0.800	-0.230
18.295	-0.800	-0.233
18.343	-0.800	-0.236
18.396	-0.800	-0.237
18.450	-0.810	-0.239
18.494	-0.810	-0.241
18.545	-0.810	-0.243
18.605	-0.820	-0.246
18.644	-0.820	-0.248
18.700	-0.820	-0.250
18.743	-0.830	-0.252
18.794	-0.830	-0.254
18.850	-0.830	-0.256
18.901	-0.840	-0.258
18.944	-0.840	-0.261
18.995	-0.840	-0.263
19.051	-0.850	-0.265
19.095	-0.850	-0.267
19.146	-0.850	-0.269
19.201	-0.850	-0.271
19.243	-0.860	-0.273
19.295	-0.860	-0.276
19.349	-0.860	-0.278
19.393	-0.870	-0.280
19.450	-0.870	-0.281
19.500	-0.870	-0.283
19.543	-0.880	-0.286
19.595	-0.880	-0.288
19.650	-0.880	-0.291
19.701	-0.890	-0.293
19.744	-0.890	-0.294
19.801	-0.890	-0.296
19.843	-0.900	-0.298
19.895	-0.900	-0.301
19.955	-0.900	-0.304
19.993	-0.900	-0.305
20.044	-0.910	-0.307
20.095	-0.910	-0.309
20.143	-0.910	-0.311
20.195	-0.920	-0.314
20.245	-0.920	-0.316
20.293	-0.920	-0.319
20.345	-0.930	-0.320
20.403	-0.930	-0.322
20.451	-0.930	-0.324
20.495	-0.940	-0.327
20.551	-0.940	-0.329
20.593	-0.940	-0.331
20.645	-0.950	-0.334
20.695	-0.950	-0.335
20.743	-0.950	-0.337
20.793	-0.950	-0.340
20.851	-0.960	-0.342
20.893	-0.960	-0.345
20.944	-0.960	-0.347
21.000	-0.970	-0.349
21.051	-0.970	-0.351
21.094	-0.970	-0.352
21.145	-0.980	-0.355
21.201	-0.980	-0.357
21.245	-0.980	-0.360
21.303	-0.990	-0.362
21.351	-0.990	-0.363
21.393	-0.990	-0.366
21.446	-1.000	-0.368
21.500	-1.000	-0.371
21.543	-1.000	-0.373
21.601	-1.000	-0.375
21.644	-1.010	-0.377
21.695	-1.010	-0.379
21.756	-1.010	-0.381
21.793	-1.020	-0.384
21.845	-1.020	-0.387
21.900	-1.020	-0.389
21.945	-1.030	-0.391
22.000	-1.030	-0.393
22.052	-1.030	-0.395
22.095	-1.040	-0.397
22.150	-1.040	-0.400
22.201	-1.040	-0.403
22.244	-1.050	-0.405
22.301	-1.050	-0.406
22.345	-1.050	-0.408
22.395	-1.050	-0.411
22.452	-1.060	-0.413
22.494	-1.060	-0.416
22.546	-1.060	-0.418
22.601	-1.070	-0.420
22.645	-1.070	-0.422
22.701	-1.070	-0.424
22.743	-1.080	-0.427
22.795	-1.080	-0.430
22.850	-1.080	-0.432
22.894	-1.090	-0.434
22.945	-1.090	-0.436
23.001	-1.090	-0.439
23.045	-1.100	-0.441
23.106	-1.100	-0.444
23.143	-1.100	-0.447
23.195	-1.100	-0.449
23.250	-1.110	-0.451
23.301	-1.110	-0.453
23.345	-1.110	-0.455
23.402	-1.120	-0.458
23.445	-1.120	-0.461
23.495	-1.120	-0.463
23.551	-1.130	-0.466
23.594	-1.130	-0.468
23.645	-1.130	-0.470
23.701	-1.140	-0.472
23.746	-1.140	-0.475
23.801	-1.140	-0.478
23.843	-1.150	-0.480
23.895	-1.150	-0.482
23.951	-1.150	-0.484
24.001	-1.150	-0.487
24.046	-1.160	-0.490
24.094	-1.160	-0.493
24.147	-1.160	-0.495
24.196	-1.170	-0.497
24.244	-1.170	-0.499
24.296	-1.170	-0.501
24.351	-1.180	-0.504
24.401	-1.180	-0.507
24.446	-1.180	-0.510
24.493	-1.190	-0.512
24.544	-1.190	-0.513
24.599	-1.190	-0.516
24.651	-1.200	-0.519
24.693	-1.200	-0.522
24.745	-1.200	-0.524
24.801	-1.200	-0.527
24.846	-1.210	-0.529
24.892	-1.210	-0.530
24.944	-1.210	-0.533
24.995	-1.220	-0.536
25.051	-1.220	-0.539
25.093	-1.220	-0.541
25.146	-1.230	-0.543
25.194	-1.230	-0.545
25.250	-1.230	-0.548
25.302	-1.240	-0.551
25.353	-1.240	-0.553
25.396	-1.240	-0.556
25.451	-1.250	-0.559
25.494	-1.250	-0.560
25.551	-1.250	-0.562
25.594	-1.250	-0.565
25.645	-1.260	-0.569
25.701	-1.260	-0.571
25.744	-1.260	-0.573
25.803	-1.270	-0.576
25.851	-1.270	-0.578
25.895	-1.270	-0.580
25.952	-1.280	-0.583
25.993	-1.280	-0.586
26.046	-1.280	-0.589
26.100	-1.290	-0.591
26.145	-1.290	-0.593
26.195	-1.290	-0.595
26.254	-1.300	-0.598
26.296	-1.300	-0.601
26.351	-1.300	-0.604
26.395	-1.300	-0.606
26.445	-1.310	-0.608
26.501	-1.310	-0.611
26.543	-1.310	-0.613
26.596	-1.320	-0.616
26.644	-1.320	-0.619
26.704	-1.320	-0.622
26.752	-1.330	-0.623
26.793	-1.330	-0.625
26.845	-1.330	-0.628
26.901	-1.340	-0.631
26.944	-1.340	-0.633
27.001	-1.340	-0.636
27.045	-1.350	-0.639
27.095	-1.350	-0.640
27.155	-1.350	-0.642
27.194	-1.350	-0.645
27.245	-1.360	-0.649
27.301	-1.360	-0.651
27.346	-1.360	-0.653
27.401	-1.370	-0.655
27.443	-1.370	-0.657
27.496	-1.370	-0.660
27.551	-1.380	-0.662
27.602	-1.380	-0.665
27.646	-1.380	-0.668
27.693	-1.390	-0.670
27.746	-1.390	-0.672
27.801	-1.390	-0.674
27.844	-1.400	-0.677
27.896	-1.400	-0.680
27.952	-1.400	-0.682
27.995	-1.400	-0.685
28.052	-1.410	-0.687
28.094	-1.410	-0.689
28.146	-1.410	-0.691
28.202	-1.420	-0.694
28.245	-1.420	-0.697
28.301	-1.420	-0.700
28.351	-1.430	-0.702
28.395	-1.430	-0.704
28.442	-1.430	-0.706
28.503	-1.440	-0.709
28.551	-1.440	-0.712
28.593	-1.440	-0.714
28.646	-1.450	-0.717
28.700	-1.450	-0.718
28.743	-1.450	-0.721
28.801	-1.450	-0.723
28.845	-1.460	-0.726
28.895	-1.460	-0.729
28.955	-1.460	-0.732
28.994	-1.470	-0.733
29.045	-1.470	-0.736
29.101	-1.470	-0.738
29.145	-1.480	-0.741
29.202	-1.480	-0.743
29.243	-1.480	-0.746
29.296	-1.490	-0.748
29.351	-1.490	-0.750
29.403	-1.490	-0.752
29.446	-1.500	-0.755
29.494	-1.500	-0.758
29.545	-1.500	-0.761
29.591	-1.500	-0.762
29.633	-1.400	-0.763
29.689	-1.280	-0.744
29.739	-1.140	-0.636
29.785	-0.990	-0.513
29.835	-0.830	-0.393
29.885	-0.650	-0.289
29.931	-0.470	-0.229
29.981	-0.290	-0.110
30.036	-0.110	-0.028
30.083	0.000	-0.001
30.127	0.000	-0.002
30.175	0.000	-0.002
30.227	0.000	-0.002
30.274	0.000	-0.002
30.324	0.000	-0.002
30.373	0.000	-0.002
30.428	0.000	-0.002
30.475	0.000	-0.002
30.527	0.000	-0.002
30.578	0.000	-0.002
30.628	0.000	-0.001
30.675	0.000	-0.002
30.724	0.000	-0.002
30.774	0.000	-0.002
30.828	0.000	-0.001
30.879	0.000	-0.002
30.924	0.000	-0.002
30.974	0.000	-0.002
31.026	0.000	-0.001
31.077	0.000	-0.001
31.128	0.000	-0.001
31.176	0.000	-0.001
31.226	0.000	-0.001
