-20.386	21.321	0
-20.364	21.335	0
-20.342	21.35	0
-20.32	21.364	0
-20.297	21.379	0
-20.275	21.394	0
-20.253	21.408	0
-20.231	21.423	0
-20.209	21.437	0
-20.187	21.452	0
-20.165	21.466	0
-20.142	21.481	0
-20.12	21.495	0
-20.098	21.509	0
-20.076	21.524	0
-20.053	21.538	0
-20.031	21.552	0
-20.009	21.567	0
-19.987	21.581	0
-19.964	21.595	0
-19.942	21.61	0
-19.92	21.624	0
-19.898	21.638	0
-19.875	21.652	0
-19.853	21.666	0
-19.831	21.681	0
-19.808	21.695	0
-19.786	21.709	0
-19.764	21.723	0
-19.741	21.737	0
-19.719	21.751	0
-19.696	21.765	0
-19.674	21.779	0
-19.652	21.793	0
-19.629	21.807	0
-19.607	21.821	0
-19.584	21.835	0
-19.562	21.848	0
-19.54	21.862	0
-19.517	21.876	0
-19.495	21.89	0
-19.472	21.904	0
-19.45	21.917	0
-19.427	21.931	0
-19.405	21.945	0
-19.382	21.959	0
-19.36	21.972	0
-19.337	21.986	0
-19.314	22	0
-19.292	22.013	0
-19.269	22.027	0
-19.247	22.04	0
-19.224	22.054	0
-19.202	22.067	0
-19.179	22.081	0
-19.156	22.094	0
-19.134	22.108	0
-19.111	22.121	0
-19.089	22.135	0
-19.066	22.148	0
-19.043	22.161	0
-19.021	22.175	0
-18.998	22.188	0
-18.975	22.201	0
-18.953	22.215	0
-18.93	22.228	0
-18.907	22.241	0
-18.884	22.254	0
-18.862	22.268	0
-18.839	22.281	0
-18.816	22.294	0
-18.793	22.307	0
-18.771	22.32	0
-18.748	22.333	0
-18.725	22.346	0
-18.702	22.359	0
-18.679	22.372	0
-18.657	22.385	0
-18.634	22.398	0
-18.611	22.411	0
-18.588	22.424	0
-18.565	22.437	0
-18.543	22.45	0
-18.52	22.463	0
-18.497	22.476	0
-18.474	22.488	0
-18.451	22.501	0
-18.428	22.514	0
-18.405	22.527	0
-18.382	22.539	0
-18.359	22.552	0
-18.336	22.565	0
-18.314	22.577	0
-18.291	22.59	0
-18.268	22.603	0
-18.245	22.615	0
-18.222	22.628	0
-18.199	22.64	0
-18.176	22.653	0
-18.153	22.665	0
-18.13	22.678	0
-18.107	22.69	0
-18.084	22.703	0
-18.061	22.715	0
-18.038	22.728	0
-18.015	22.74	0
-17.992	22.752	0
-17.969	22.765	0
-17.945	22.777	0
-17.922	22.789	0
-17.899	22.801	0
-17.876	22.814	0
-17.853	22.826	0
-17.83	22.838	0
-17.807	22.85	0
-17.784	22.862	0
-17.761	22.874	0
-17.737	22.887	0
-17.714	22.899	0
-17.691	22.911	0
-17.668	22.923	0
-17.645	22.935	0
-17.622	22.947	0
-17.598	22.959	0
-17.575	22.971	0
-17.552	22.983	0
-17.529	22.994	0
-17.506	23.006	0
-17.482	23.018	0
-17.459	23.03	0
-17.436	23.042	0
-17.413	23.054	0
-17.389	23.065	0
-17.366	23.077	0
-17.343	23.089	0
-17.32	23.101	0
-17.296	23.112	0
-17.273	23.124	0
-17.25	23.136	0
-17.226	23.147	0
-17.203	23.159	0
-17.18	23.17	0
-17.156	23.182	0
-17.133	23.193	0
-17.11	23.205	0
-17.086	23.216	0
-17.063	23.228	0
-17.04	23.239	0
-17.016	23.251	0
-16.993	23.262	0
-16.97	23.273	0
-16.946	23.285	0
-16.923	23.296	0
-16.899	23.307	0
-16.876	23.319	0
-16.852	23.33	0
-16.829	23.341	0
-16.806	23.352	0
-16.782	23.364	0
-16.759	23.375	0
-16.735	23.386	0
-16.712	23.397	0
-16.688	23.408	0
-16.665	23.419	0
-16.641	23.43	0
-16.618	23.441	0
-16.594	23.452	0
-16.571	23.463	0
-16.547	23.474	0
-16.524	23.485	0
-16.5	23.496	0
-16.477	23.507	0
-16.453	23.518	0
-16.43	23.529	0
-16.406	23.539	0
-16.383	23.55	0
-16.359	23.561	0
-16.335	23.572	0
-16.312	23.583	0
-16.288	23.593	0
-16.265	23.604	0
-16.241	23.615	0
-16.217	23.625	0
-16.194	23.636	0
-16.17	23.646	0
-16.147	23.657	0
-16.123	23.668	0
-16.099	23.678	0
-16.076	23.689	0
-16.052	23.699	0
-16.028	23.71	0
-16.005	23.72	0
-15.981	23.73	0
-15.957	23.741	0
-15.934	23.751	0
-15.91	23.762	0
-15.886	23.772	0
-15.862	23.782	0
-15.839	23.793	0
-15.815	23.803	0
-15.791	23.813	0
-15.768	23.823	0
-15.744	23.833	0
-15.72	23.844	0
-15.696	23.854	0
-15.673	23.864	0
-15.649	23.874	0
-15.625	23.884	0
-15.601	23.894	0
-15.578	23.904	0
-15.554	23.914	0
-15.53	23.924	0
-15.506	23.934	0
-15.482	23.944	0
-15.459	23.954	0
-15.435	23.964	0
-15.411	23.974	0
-15.387	23.984	0
-15.363	23.994	0
-15.339	24.003	0
-15.316	24.013	0
-15.292	24.023	0
-15.268	24.033	0
-15.244	24.042	0
-15.22	24.052	0
-15.196	24.062	0
-15.172	24.071	0
-15.149	24.081	0
-15.125	24.091	0
-15.101	24.1	0
-15.077	24.11	0
-15.053	24.119	0
-15.029	24.129	0
-15.005	24.138	0
-14.981	24.148	0
-14.957	24.157	0
-14.933	24.167	0
-14.909	24.176	0
-14.885	24.186	0
-14.862	24.195	0
-14.838	24.204	0
-14.814	24.214	0
-14.79	24.223	0
-14.766	24.232	0
-14.742	24.241	0
-14.718	24.251	0
-14.694	24.26	0
-14.67	24.269	0
-14.646	24.278	0
-14.622	24.287	0
-14.598	24.296	0
-14.574	24.305	0
-14.55	24.315	0
-14.526	24.324	0
-14.502	24.333	0
-14.478	24.342	0
-14.454	24.351	0
-14.43	24.36	0
-14.405	24.368	0
-14.381	24.377	0
-14.357	24.386	0
-14.333	24.395	0
-14.309	24.404	0
-14.285	24.413	0
-14.261	24.422	0
-14.237	24.43	0
-14.213	24.439	0
-14.189	24.448	0
-14.165	24.457	0
-14.141	24.465	0
-14.117	24.474	0
-14.092	24.483	0
-14.068	24.491	0
-14.044	24.5	0
-14.02	24.508	0
-13.996	24.517	0
-13.972	24.525	0
-13.948	24.534	0
-13.924	24.542	0
-13.899	24.551	0
-13.875	24.559	0
-13.851	24.568	0
-13.827	24.576	0
-13.803	24.584	0
-13.779	24.593	0
-13.754	24.601	0
-13.73	24.609	0
-13.706	24.618	0
-13.682	24.626	0
-13.658	24.634	0
-13.633	24.642	0
-13.609	24.651	0
-13.585	24.659	0
-13.561	24.667	0
-13.537	24.675	0
-13.512	24.683	0
-13.488	24.691	0
-13.464	24.699	0
-13.44	24.707	0
-13.416	24.715	0
-13.391	24.723	0
-13.367	24.731	0
-13.343	24.739	0
-13.319	24.747	0
-13.294	24.755	0
-13.27	24.763	0
-13.246	24.771	0
-13.222	24.778	0
-13.197	24.786	0
-13.173	24.794	0
-13.149	24.802	0
-13.124	24.809	0
-13.1	24.817	0
-13.076	24.825	0
-13.052	24.833	0
-13.027	24.84	0
-13.003	24.848	0
-12.979	24.855	0
-12.954	24.863	0
-12.93	24.871	0
-12.906	24.878	0
-12.881	24.886	0
-12.857	24.893	0
-12.833	24.9	0
-12.808	24.908	0
-12.784	24.915	0
-12.76	24.923	0
-12.735	24.93	0
-12.711	24.937	0
-12.687	24.945	0
-12.662	24.952	0
-12.638	24.959	0
-12.614	24.967	0
-12.589	24.974	0
-12.565	24.981	0
-12.541	24.988	0
-12.516	24.995	0
-12.492	25.002	0
-12.468	25.01	0
-12.443	25.017	0
-12.419	25.024	0
-12.394	25.031	0
-12.37	25.038	0
-12.346	25.045	0
-12.321	25.052	0
-12.297	25.059	0
-12.272	25.066	0
-12.248	25.073	0
-12.224	25.08	0
-12.199	25.086	0
-12.175	25.093	0
-12.15	25.1	0
-12.126	25.107	0
-12.102	25.114	0
-12.077	25.12	0
-12.053	25.127	0
-12.028	25.134	0
-12.004	25.14	0
-11.979	25.147	0
-11.955	25.154	0
-11.931	25.16	0
-11.906	25.167	0
-11.882	25.174	0
-11.857	25.18	0
-11.833	25.187	0
-11.808	25.193	0
-11.784	25.2	0
-11.759	25.206	0
-11.735	25.213	0
-11.71	25.219	0
-11.686	25.225	0
-11.662	25.232	0
-11.637	25.238	0
-11.613	25.244	0
-11.588	25.251	0
-11.564	25.257	0
-11.539	25.263	0
-11.515	25.269	0
-11.49	25.276	0
-11.466	25.282	0
-11.441	25.288	0
-11.417	25.294	0
-11.392	25.3	0
-11.368	25.306	0
-11.343	25.312	0
-11.319	25.318	0
-11.294	25.324	0
-11.27	25.33	0
-11.245	25.336	0
-11.221	25.342	0
-11.196	25.348	0
-11.172	25.354	0
-11.147	25.36	0
-11.123	25.366	0
-11.098	25.372	0
-11.074	25.378	0
-11.049	25.383	0
-11.025	25.389	0
-11	25.395	0
-10.976	25.401	0
-10.951	25.406	0
-10.927	25.412	0
-10.902	25.418	0
-10.877	25.423	0
-10.853	25.429	0
-10.828	25.434	0
-10.804	25.44	0
-10.779	25.446	0
-10.755	25.451	0
-10.73	25.457	0
-10.706	25.462	0
-10.681	25.467	0
-10.657	25.473	0
-10.632	25.478	0
-10.608	25.484	0
-10.583	25.489	0
-10.558	25.494	0
-10.534	25.5	0
-10.509	25.505	0
-10.485	25.51	0
-10.46	25.515	0
-10.436	25.521	0
-10.411	25.526	0
-10.387	25.531	0
-10.362	25.536	0
-10.337	25.541	0
-10.313	25.546	0
-10.288	25.552	0
-10.264	25.557	0
-10.239	25.562	0
-10.215	25.567	0
-10.19	25.572	0
-10.166	25.577	0
-10.141	25.582	0
-10.116	25.586	0
-10.092	25.591	0
-10.067	25.596	0
-10.043	25.601	0
-10.018	25.606	0
-9.9936	25.611	0
-9.969	25.616	0
-9.9444	25.62	0
-9.9198	25.625	0
-9.8953	25.63	0
-9.8707	25.634	0
-9.8461	25.639	0
-9.8216	25.644	0
-9.797	25.648	0
-9.7724	25.653	0
-9.7478	25.658	0
-9.7233	25.662	0
-9.6987	25.667	0
-9.6741	25.671	0
-9.6495	25.676	0
-9.625	25.68	0
-9.6004	25.685	0
-9.5758	25.689	0
-9.5512	25.693	0
-9.5267	25.698	0
-9.5021	25.702	0
-9.4775	25.706	0
-9.4529	25.711	0
-9.4284	25.715	0
-9.4038	25.719	0
-9.3792	25.723	0
-9.3546	25.728	0
-9.3301	25.732	0
-9.3055	25.736	0
-9.2809	25.74	0
-9.2564	25.744	0
-9.2318	25.748	0
-9.2072	25.752	0
-9.1827	25.756	0
-9.1581	25.76	0
-9.1335	25.764	0
-9.1089	25.768	0
-9.0844	25.772	0
-9.0598	25.776	0
-9.0352	25.78	0
-9.0107	25.784	0
-8.9861	25.788	0
-8.9616	25.792	0
-8.937	25.796	0
-8.9124	25.799	0
-8.8879	25.803	0
-8.8633	25.807	0
-8.8388	25.811	0
-8.8142	25.814	0
-8.7896	25.818	0
-8.7651	25.822	0
-8.7405	25.825	0
-8.716	25.829	0
-8.6914	25.833	0
-8.6669	25.836	0
-8.6423	25.84	0
-8.6178	25.843	0
-8.5933	25.847	0
-8.5687	25.85	0
-8.5442	25.854	0
-8.5196	25.857	0
-8.4951	25.86	0
-8.4706	25.864	0
-8.446	25.867	0
-8.4215	25.87	0
-8.397	25.874	0
-8.3724	25.877	0
-8.3479	25.88	0
-8.3234	25.883	0
-8.2989	25.887	0
-8.2744	25.89	0
-8.2498	25.893	0
-8.2253	25.896	0
-8.2008	25.899	0
-8.1763	25.902	0
-8.1518	25.905	0
-8.1273	25.909	0
-8.1028	25.912	0
-8.0783	25.915	0
-8.0537	25.918	0
-8.0292	25.921	0
-8.0047	25.923	0
-7.9802	25.926	0
-7.9557	25.929	0
-7.9313	25.932	0
-7.9068	25.935	0
-7.8823	25.938	0
-7.8578	25.941	0
-7.8333	25.943	0
-7.8088	25.946	0
-7.7843	25.949	0
-7.7598	25.952	0
-7.7354	25.954	0
-7.7109	25.957	0
-7.6864	25.959	0
-7.6619	25.962	0
-7.6374	25.965	0
-7.613	25.967	0
-7.5885	25.97	0
-7.564	25.972	0
-7.5396	25.975	0
-7.5151	25.977	0
-7.4906	25.98	0
-7.4662	25.982	0
-7.4417	25.985	0
-7.4172	25.987	0
-7.3928	25.989	0
-7.3683	25.992	0
-7.3439	25.994	0
-7.3194	25.996	0
-7.2949	25.998	0
-7.2705	26.001	0
-7.246	26.003	0
-7.2216	26.005	0
-7.1971	26.007	0
-7.1727	26.009	0
-7.1482	26.012	0
-7.1238	26.014	0
-7.0993	26.016	0
-7.0749	26.018	0
-7.0505	26.02	0
-7.026	26.022	0
-7.0016	26.024	0
-6.9771	26.026	0
-6.9527	26.028	0
-6.9282	26.03	0
-6.9038	26.032	0
-6.8794	26.033	0
-6.8549	26.035	0
-6.8305	26.037	0
-6.806	26.039	0
-6.7816	26.041	0
-6.7572	26.042	0
-6.7327	26.044	0
-6.7083	26.046	0
-6.6838	26.048	0
-6.6594	26.049	0
-6.635	26.051	0
-6.6105	26.053	0
-6.5861	26.054	0
-6.5616	26.056	0
-6.5372	26.057	0
-6.5128	26.059	0
-6.4883	26.06	0
-6.4639	26.062	0
-6.4394	26.063	0
-6.415	26.065	0
-6.3905	26.066	0
-6.3661	26.068	0
-6.3417	26.069	0
-6.3172	26.07	0
-6.2928	26.072	0
-6.2683	26.073	0
-6.2438	26.074	0
-6.2194	26.075	0
-6.1949	26.077	0
-6.1705	26.078	0
-6.146	26.079	0
-6.1215	26.08	0
-6.0971	26.081	0
-6.0726	26.083	0
-6.0481	26.084	0
-6.0237	26.085	0
-5.9992	26.086	0
-5.9747	26.087	0
-5.9502	26.088	0
-5.9257	26.089	0
-5.9012	26.09	0
-5.8767	26.091	0
-5.8522	26.092	0
-5.8277	26.093	0
-5.8032	26.094	0
-5.7787	26.094	0
-5.7542	26.095	0
-5.7297	26.096	0
-5.7051	26.097	0
-5.6806	26.098	0
-5.6561	26.098	0
-5.6315	26.099	0
-5.607	26.1	0
-5.5824	26.101	0
-5.5578	26.101	0
-5.5333	26.102	0
-5.5087	26.102	0
-5.4841	26.103	0
-5.4595	26.104	0
-5.4349	26.104	0
-5.4103	26.105	0
-5.3856	26.105	0
-5.361	26.106	0
-5.3364	26.106	0
-5.3117	26.107	0
-5.2871	26.107	0
-5.2624	26.108	0
-5.2377	26.108	0
-5.213	26.108	0
-5.1883	26.109	0
-5.1636	26.109	0
-5.1389	26.109	0
-5.1141	26.11	0
-5.0894	26.11	0
-5.0646	26.11	0
-5.0398	26.11	0
-5.0151	26.11	0
-4.9902	26.111	0
-4.9654	26.111	0
-4.9406	26.111	0
-4.9157	26.111	0
-4.8908	26.111	0
-4.866	26.111	0
-4.841	26.111	0
-4.8161	26.111	0
-4.7912	26.111	0
-4.7662	26.111	0
-4.7412	26.111	0
-4.7162	26.111	0
-4.6912	26.111	0
-4.6662	26.111	0
-4.6411	26.111	0
-4.616	26.111	0
-4.5909	26.111	0
-4.5658	26.111	0
-4.5407	26.11	0
-4.5155	26.11	0
-4.4903	26.11	0
-4.4651	26.11	0
-4.4399	26.109	0
-4.4147	26.109	0
-4.3894	26.109	0
-4.3641	26.108	0
-4.3388	26.108	0
-4.3135	26.108	0
-4.2881	26.107	0
-4.2628	26.107	0
-4.2374	26.107	0
-4.212	26.106	0
-4.1866	26.106	0
-4.1611	26.105	0
-4.1356	26.105	0
-4.1102	26.104	0
-4.0846	26.104	0
-4.0591	26.103	0
-4.0335	26.102	0
-4.008	26.102	0
-3.9824	26.101	0
-3.9567	26.101	0
-3.9311	26.1	0
-3.9054	26.099	0
-3.8797	26.099	0
-3.854	26.098	0
-3.8283	26.097	0
-3.8025	26.096	0
-3.7767	26.096	0
-3.7509	26.095	0
-3.7251	26.094	0
-3.6993	26.093	0
-3.6734	26.092	0
-3.6475	26.091	0
-3.6216	26.091	0
-3.5956	26.09	0
-3.5696	26.089	0
-3.5436	26.088	0
-3.5176	26.087	0
-3.4916	26.086	0
-3.4655	26.085	0
-3.4394	26.084	0
-3.4133	26.083	0
-3.3872	26.082	0
-3.361	26.081	0
-3.3348	26.08	0
-3.3086	26.079	0
-3.2824	26.077	0
-3.2561	26.076	0
-3.2298	26.075	0
-3.2035	26.074	0
-3.1772	26.073	0
-3.1508	26.072	0
-3.1245	26.07	0
-3.0981	26.069	0
-3.0716	26.068	0
-3.0452	26.067	0
-3.0187	26.065	0
-2.9922	26.064	0
-2.9656	26.063	0
-2.9391	26.061	0
-2.9125	26.06	0
-2.8859	26.059	0
-2.8592	26.057	0
-2.8326	26.056	0
-2.8059	26.054	0
-2.7792	26.053	0
-2.7525	26.051	0
-2.7257	26.05	0
-2.6989	26.048	0
-2.6721	26.047	0
-2.6453	26.045	0
-2.6184	26.044	0
-2.5916	26.042	0
-2.5647	26.041	0
-2.5377	26.039	0
-2.5108	26.038	0
-2.4838	26.036	0
-2.4568	26.034	0
-2.4298	26.033	0
-2.4027	26.031	0
-2.3757	26.029	0
-2.3486	26.028	0
-2.3215	26.026	0
-2.2944	26.024	0
-2.2672	26.022	0
-2.24	26.021	0
-2.2128	26.019	0
-2.1856	26.017	0
-2.1584	26.015	0
-2.1311	26.013	0
-2.1039	26.012	0
-2.0766	26.01	0
-2.0493	26.008	0
-2.022	26.006	0
-1.9946	26.004	0
-1.9673	26.002	0
-1.9399	26	0
-1.9125	25.998	0
-1.8851	25.996	0
-1.8577	25.994	0
-1.8303	25.992	0
-1.8029	25.99	0
-1.7754	25.988	0
-1.748	25.986	0
-1.7206	25.984	0
-1.6931	25.982	0
-1.6656	25.98	0
-1.6382	25.978	0
-1.6107	25.976	0
-1.5833	25.974	0
-1.5558	25.972	0
-1.5283	25.97	0
-1.5009	25.967	0
-1.4734	25.965	0
-1.446	25.963	0
-1.4186	25.961	0
-1.3912	25.959	0
-1.3638	25.956	0
-1.3364	25.954	0
-1.309	25.952	0
-1.2817	25.95	0
-1.2544	25.948	0
-1.2271	25.945	0
-1.1998	25.943	0
-1.1726	25.941	0
-1.1454	25.938	0
-1.1183	25.936	0
-1.0912	25.934	0
-1.0641	25.931	0
-1.0371	25.929	0
-1.0102	25.927	0
-0.98327	25.924	0
-0.95645	25.922	0
-0.9297	25.92	0
-0.90302	25.917	0
-0.87642	25.915	0
-0.8499	25.912	0
-0.82347	25.91	0
-0.79707	25.908	0
-0.77068	25.905	0
-0.74424	25.903	0
-0.71771	25.9	0
-0.69104	25.898	0
-0.66417	25.895	0
-0.63704	25.893	0
-0.6096	25.89	0
-0.58178	25.887	0
-0.55352	25.885	0
-0.52474	25.882	0
-0.49536	25.879	0
-0.46531	25.876	0
-0.4345	25.873	0
-0.40284	25.87	0
-0.37024	25.867	0
-0.33659	25.864	0
-0.30179	25.86	0
-0.26573	25.857	0
-0.2283	25.853	0
-0.18938	25.849	0
-0.14883	25.846	0
-0.10654	25.842	0
-0.062362	25.838	0
-0.016172	25.833	0
0.032172	25.829	0
0.082807	25.825	0
0.13587	25.82	0
0.19149	25.816	0
0.24981	25.811	0
0.31094	25.807	0
0.375	25.802	0
0.44209	25.798	0
0.5123	25.793	0
0.5857	25.789	0
0.66234	25.785	0
0.74225	25.781	0
0.82543	25.777	0
0.91186	25.774	0
1.0014	25.771	0
1.094	25.769	0
1.1892	25.767	0
1.2868	25.766	0
1.3865	25.766	0
1.4879	25.767	0
1.5907	25.768	0
1.6946	25.77	0
1.7991	25.774	0
1.9039	25.778	0
2.0087	25.783	0
2.1131	25.788	0
2.2168	25.795	0
2.3195	25.802	0
2.4209	25.811	0
2.5209	25.819	0
2.619	25.829	0
2.7153	25.839	0
2.8095	25.85	0
2.9015	25.861	0
2.9912	25.872	0
3.0785	25.884	0
3.1634	25.896	0
3.2458	25.908	0
3.3256	25.92	0
3.403	25.933	0
3.4778	25.945	0
3.5501	25.958	0
3.62	25.97	0
3.6874	25.982	0
3.7525	25.994	0
3.8152	26.006	0
3.8756	26.018	0
3.9338	26.03	0
3.9898	26.041	0
4.0436	26.053	0
4.0954	26.064	0
4.1452	26.074	0
4.193	26.085	0
4.2389	26.095	0
4.2829	26.105	0
4.3253	26.114	0
4.366	26.124	0
4.4052	26.133	0
4.4429	26.142	0
4.4793	26.15	0
4.5145	26.158	0
4.5484	26.167	0
4.5813	26.174	0
4.6131	26.182	0
4.6439	26.189	0
4.6738	26.197	0
4.7029	26.204	0
4.7311	26.211	0
4.7586	26.217	0
4.7853	26.224	0
4.8114	26.23	0
4.8369	26.237	0
4.8617	26.243	0
4.886	26.249	0
4.9098	26.255	0
4.9331	26.261	0
4.9559	26.266	0
4.9783	26.272	0
5.0002	26.277	0
5.0218	26.283	0
5.043	26.288	0
5.0638	26.293	0
5.0844	26.298	0
5.1046	26.303	0
5.1245	26.308	0
5.1441	26.313	0
5.1635	26.318	0
5.1827	26.323	0
5.2016	26.327	0
5.2203	26.332	0
5.2388	26.336	0
5.2571	26.341	0
5.2752	26.345	0
5.2931	26.35	0
5.3109	26.354	0
5.3285	26.359	0
5.3459	26.363	0
5.3633	26.367	0
5.3805	26.371	0
5.3975	26.375	0
5.4145	26.379	0
5.4313	26.384	0
5.4481	26.388	0
5.4647	26.392	0
5.4813	26.396	0
5.4978	26.4	0
5.5141	26.403	0
5.5304	26.407	0
5.5467	26.411	0
5.5628	26.415	0
5.5789	26.419	0
5.595	26.423	0
5.611	26.426	0
5.6269	26.43	0
5.6428	26.434	0
5.6586	26.437	0
5.6744	26.441	0
5.6902	26.445	0
5.7059	26.448	0
5.7216	26.452	0
5.7372	26.456	0
5.7528	26.459	0
5.7684	26.463	0
5.784	26.466	0
5.7995	26.47	0
5.815	26.473	0
5.8305	26.477	0
5.846	26.48	0
5.8614	26.484	0
5.8769	26.487	0
5.8923	26.491	0
5.9078	26.494	0
5.9232	26.497	0
5.9386	26.501	0
5.954	26.504	0
5.9694	26.507	0
5.9847	26.511	0
6.0001	26.514	0
6.0155	26.517	0
6.0309	26.521	0
6.0462	26.524	0
6.0616	26.527	0
6.077	26.531	0
6.0924	26.534	0
6.1078	26.537	0
6.1232	26.54	0
6.1386	26.544	0
6.1539	26.547	0
6.1694	26.55	0
6.1848	26.553	0
6.2002	26.556	0
6.2156	26.56	0
6.2311	26.563	0
6.2465	26.566	0
6.262	26.569	0
6.2774	26.572	0
6.2929	26.575	0
6.3084	26.578	0
6.3239	26.581	0
6.3394	26.585	0
6.3549	26.588	0
6.3705	26.591	0
6.386	26.594	0
6.4016	26.597	0
6.4172	26.6	0
6.4328	26.603	0
6.4484	26.606	0
6.4641	26.609	0
6.4797	26.612	0
6.4954	26.615	0
6.5111	26.618	0
6.5268	26.621	0
6.5425	26.624	0
6.5582	26.627	0
6.574	26.63	0
6.5897	26.633	0
6.6055	26.636	0
6.6213	26.639	0
6.6372	26.641	0
6.653	26.644	0
6.6689	26.647	0
6.6848	26.65	0
6.7007	26.653	0
6.7166	26.656	0
6.7325	26.659	0
6.7485	26.662	0
6.7645	26.664	0
6.7805	26.667	0
6.7965	26.67	0
6.8125	26.673	0
6.8286	26.676	0
6.8447	26.679	0
6.8608	26.681	0
6.8769	26.684	0
6.8931	26.687	0
6.9092	26.69	0
6.9254	26.692	0
6.9416	26.695	0
6.9579	26.698	0
6.9741	26.701	0
6.9904	26.703	0
7.0067	26.706	0
7.023	26.709	0
7.0394	26.711	0
7.0557	26.714	0
7.0721	26.717	0
7.0885	26.719	0
7.105	26.722	0
7.1214	26.725	0
7.1379	26.727	0
7.1544	26.73	0
7.1709	26.733	0
7.1874	26.735	0
7.204	26.738	0
7.2206	26.741	0
7.2372	26.743	0
7.2538	26.746	0
7.2704	26.748	0
7.2871	26.751	0
7.3038	26.753	0
7.3205	26.756	0
7.3372	26.758	0
7.3539	26.761	0
7.3707	26.764	0
7.3875	26.766	0
7.4043	26.769	0
7.4211	26.771	0
7.438	26.774	0
7.4548	26.776	0
7.4717	26.778	0
7.4886	26.781	0
7.5055	26.783	0
7.5225	26.786	0
7.5394	26.788	0
7.5564	26.791	0
7.5734	26.793	0
7.5904	26.795	0
7.6075	26.798	0
7.6245	26.8	0
7.6416	26.803	0
7.6587	26.805	0
7.6758	26.807	0
7.6929	26.81	0
7.7101	26.812	0
7.7272	26.814	0
7.7444	26.817	0
7.7616	26.819	0
7.7788	26.821	0
7.7961	26.824	0
7.8133	26.826	0
7.8306	26.828	0
7.8479	26.83	0
7.8652	26.833	0
7.8825	26.835	0
7.8999	26.837	0
7.9172	26.839	0
7.9346	26.842	0
7.952	26.844	0
7.9694	26.846	0
7.9869	26.848	0
8.0043	26.85	0
8.0218	26.852	0
8.0393	26.855	0
8.0568	26.857	0
8.0743	26.859	0
8.0918	26.861	0
8.1093	26.863	0
8.1269	26.865	0
8.1445	26.867	0
8.1621	26.869	0
8.1797	26.872	0
8.1973	26.874	0
8.215	26.876	0
8.2326	26.878	0
8.2503	26.88	0
8.268	26.882	0
8.2857	26.884	0
8.3034	26.886	0
8.3212	26.888	0
8.3389	26.89	0
8.3567	26.892	0
8.3745	26.894	0
8.3923	26.896	0
8.4101	26.898	0
8.4279	26.9	0
8.4458	26.902	0
8.4637	26.904	0
8.4815	26.906	0
8.4994	26.907	0
8.5173	26.909	0
8.5353	26.911	0
8.5532	26.913	0
8.5711	26.915	0
8.5891	26.917	0
8.6071	26.919	0
8.6251	26.921	0
8.6431	26.922	0
8.6611	26.924	0
8.6792	26.926	0
8.6972	26.928	0
8.7153	26.93	0
8.7334	26.931	0
8.7515	26.933	0
8.7696	26.935	0
8.7877	26.937	0
8.8058	26.938	0
8.824	26.94	0
8.8422	26.942	0
8.8603	26.944	0
8.8785	26.945	0
8.8967	26.947	0
8.915	26.949	0
8.9332	26.95	0
8.9514	26.952	0
8.9697	26.954	0
8.988	26.955	0
9.0063	26.957	0
9.0246	26.959	0
9.0429	26.96	0
9.0612	26.962	0
9.0795	26.964	0
9.0979	26.965	0
9.1163	26.967	0
9.1346	26.968	0
9.153	26.97	0
9.1714	26.971	0
9.1899	26.973	0
9.2083	26.975	0
9.2267	26.976	0
9.2452	26.978	0
9.2636	26.979	0
9.2821	26.981	0
9.3006	26.982	0
9.3191	26.984	0
9.3376	26.985	0
9.3562	26.987	0
9.3747	26.988	0
9.3932	26.989	0
9.4118	26.991	0
9.4304	26.992	0
9.449	26.994	0
9.4676	26.995	0
9.4862	26.997	0
9.5048	26.998	0
9.5234	26.999	0
9.5421	27.001	0
9.5607	27.002	0
9.5794	27.003	0
9.5981	27.005	0
9.6168	27.006	0
9.6355	27.007	0
9.6542	27.009	0
9.6729	27.01	0
9.6916	27.011	0
9.7104	27.013	0
9.7291	27.014	0
9.7479	27.015	0
9.7667	27.016	0
9.7855	27.018	0
9.8043	27.019	0
9.8231	27.02	0
9.8419	27.021	0
9.8607	27.023	0
9.8796	27.024	0
9.8984	27.025	0
9.9173	27.026	0
9.9361	27.027	0
9.955	27.029	0
9.9739	27.03	0
9.9928	27.031	0
10.012	27.032	0
10.031	27.033	0
10.049	27.034	0
10.068	27.035	0
10.087	27.036	0
10.106	27.038	0
10.125	27.039	0
10.144	27.04	0
10.163	27.041	0
10.182	27.042	0
10.201	27.043	0
10.22	27.044	0
10.238	27.045	0
10.257	27.046	0
10.276	27.047	0
10.295	27.048	0
10.314	27.049	0
10.333	27.05	0
10.352	27.051	0
10.371	27.052	0
10.39	27.053	0
10.409	27.054	0
10.427	27.055	0
10.446	27.056	0
10.465	27.056	0
10.484	27.057	0
10.503	27.058	0
10.522	27.059	0
10.541	27.06	0
10.559	27.061	0
10.578	27.062	0
10.597	27.062	0
10.616	27.063	0
10.635	27.064	0
10.654	27.065	0
10.672	27.066	0
10.691	27.066	0
10.71	27.067	0
10.729	27.068	0
10.747	27.069	0
10.766	27.07	0
10.785	27.07	0
10.804	27.071	0
10.822	27.072	0
10.841	27.072	0
10.86	27.073	0
10.878	27.074	0
10.897	27.074	0
10.916	27.075	0
10.935	27.076	0
10.953	27.076	0
10.972	27.077	0
10.99	27.077	0
11.009	27.078	0
11.028	27.079	0
11.046	27.079	0
11.065	27.08	0
11.083	27.08	0
11.102	27.081	0
11.121	27.081	0
11.139	27.082	0
11.158	27.082	0
11.176	27.083	0
11.195	27.083	0
11.213	27.084	0
11.232	27.084	0
11.25	27.085	0
11.269	27.085	0
11.287	27.086	0
11.305	27.086	0
11.324	27.086	0
11.342	27.087	0
11.361	27.087	0
11.379	27.087	0
11.397	27.088	0
11.416	27.088	0
11.434	27.088	0
11.452	27.089	0
11.471	27.089	0
11.489	27.089	0
11.507	27.09	0
11.526	27.09	0
11.544	27.09	0
11.562	27.09	0
11.58	27.091	0
11.599	27.091	0
11.617	27.091	0
11.635	27.091	0
11.653	27.091	0
11.671	27.091	0
11.689	27.092	0
11.708	27.092	0
11.726	27.092	0
11.744	27.092	0
11.762	27.092	0
11.78	27.092	0
11.798	27.092	0
11.816	27.092	0
11.834	27.092	0
11.852	27.092	0
11.87	27.092	0
11.889	27.092	0
11.907	27.092	0
11.925	27.092	0
11.943	27.092	0
11.961	27.092	0
11.979	27.092	0
11.997	27.092	0
12.014	27.092	0
12.032	27.092	0
12.05	27.092	0
12.068	27.091	0
12.086	27.091	0
12.104	27.091	0
12.122	27.091	0
12.14	27.091	0
12.158	27.09	0
12.176	27.09	0
12.193	27.09	0
12.211	27.09	0
12.229	27.089	0
12.247	27.089	0
12.265	27.089	0
12.283	27.088	0
12.3	27.088	0
12.318	27.088	0
12.336	27.087	0
12.354	27.087	0
12.372	27.086	0
12.389	27.086	0
12.407	27.086	0
12.425	27.085	0
12.443	27.085	0
12.46	27.084	0
12.478	27.084	0
12.496	27.083	0
12.513	27.082	0
12.531	27.082	0
12.549	27.081	0
12.567	27.081	0
12.584	27.08	0
12.602	27.08	0
12.62	27.079	0
12.637	27.078	0
12.655	27.078	0
12.673	27.077	0
12.69	27.076	0
12.708	27.075	0
12.726	27.075	0
12.743	27.074	0
12.761	27.073	0
12.779	27.072	0
12.796	27.071	0
12.814	27.071	0
12.832	27.07	0
12.849	27.069	0
12.867	27.068	0
12.885	27.067	0
12.902	27.066	0
12.92	27.065	0
12.938	27.064	0
12.956	27.063	0
12.973	27.062	0
12.991	27.061	0
13.009	27.06	0
13.027	27.059	0
13.044	27.058	0
13.062	27.057	0
13.08	27.056	0
13.098	27.054	0
13.116	27.053	0
13.134	27.052	0
13.152	27.051	0
13.169	27.05	0
13.187	27.048	0
13.205	27.047	0
13.223	27.046	0
13.241	27.044	0
13.259	27.043	0
13.277	27.042	0
13.295	27.04	0
13.313	27.039	0
13.332	27.037	0
13.35	27.036	0
13.368	27.035	0
13.386	27.033	0
13.404	27.032	0
13.422	27.03	0
13.441	27.028	0
13.459	27.027	0
13.477	27.025	0
13.495	27.024	0
13.514	27.022	0
13.532	27.02	0
13.551	27.019	0
13.569	27.017	0
13.587	27.015	0
13.606	27.013	0
13.624	27.012	0
13.643	27.01	0
13.661	27.008	0
13.68	27.006	0
13.699	27.004	0
13.717	27.002	0
13.736	27	0
13.755	26.999	0
13.773	26.997	0
13.792	26.995	0
13.811	26.993	0
13.83	26.991	0
13.848	26.989	0
13.867	26.986	0
13.886	26.984	0
13.905	26.982	0
13.924	26.98	0
13.943	26.978	0
13.962	26.976	0
13.981	26.974	0
14	26.971	0
14.019	26.969	0
14.038	26.967	0
14.057	26.964	0
14.076	26.962	0
14.095	26.96	0
14.115	26.957	0
14.134	26.955	0
14.153	26.953	0
14.172	26.95	0
14.191	26.948	0
14.211	26.945	0
14.23	26.943	0
14.249	26.94	0
14.269	26.938	0
14.288	26.935	0
14.307	26.933	0
14.327	26.93	0
14.346	26.927	0
14.366	26.925	0
14.385	26.922	0
14.405	26.919	0
14.424	26.917	0
14.444	26.914	0
14.463	26.911	0
14.483	26.908	0
14.502	26.906	0
14.522	26.903	0
14.541	26.9	0
14.561	26.897	0
14.581	26.894	0
14.6	26.891	0
14.62	26.888	0
14.64	26.885	0
14.659	26.882	0
14.679	26.879	0
14.699	26.876	0
14.719	26.873	0
14.738	26.87	0
14.758	26.867	0
14.778	26.864	0
14.798	26.861	0
14.818	26.858	0
14.837	26.855	0
14.857	26.852	0
14.877	26.848	0
14.897	26.845	0
14.917	26.842	0
14.937	26.839	0
14.957	26.835	0
14.977	26.832	0
14.996	26.829	0
15.016	26.825	0
15.036	26.822	0
15.056	26.819	0
15.076	26.815	0
15.096	26.812	0
15.116	26.808	0
15.136	26.805	0
15.156	26.801	0
15.176	26.798	0
15.196	26.794	0
15.217	26.791	0
15.237	26.787	0
15.257	26.783	0
15.277	26.78	0
15.297	26.776	0
15.317	26.773	0
15.337	26.769	0
15.357	26.765	0
15.378	26.761	0
15.398	26.758	0
15.418	26.754	0
15.438	26.75	0
15.458	26.746	0
15.479	26.742	0
15.499	26.739	0
15.519	26.735	0
15.539	26.731	0
15.559	26.727	0
15.58	26.723	0
15.6	26.719	0
15.62	26.715	0
15.641	26.711	0
15.661	26.707	0
15.681	26.703	0
15.702	26.699	0
15.722	26.695	0
15.742	26.691	0
15.763	26.686	0
15.783	26.682	0
15.803	26.678	0
15.824	26.674	0
15.844	26.67	0
15.865	26.665	0
15.885	26.661	0
15.906	26.657	0
15.926	26.653	0
15.946	26.648	0
15.967	26.644	0
15.987	26.64	0
16.008	26.635	0
16.028	26.631	0
16.049	26.626	0
16.069	26.622	0
16.09	26.617	0
16.111	26.613	0
16.131	26.608	0
16.152	26.604	0
16.172	26.599	0
16.193	26.595	0
16.213	26.59	0
16.234	26.585	0
16.255	26.581	0
16.275	26.576	0
16.296	26.571	0
16.316	26.567	0
16.337	26.562	0
16.358	26.557	0
16.378	26.552	0
16.399	26.548	0
16.42	26.543	0
16.44	26.538	0
16.461	26.533	0
16.482	26.528	0
16.503	26.523	0
16.523	26.518	0
16.544	26.513	0
16.565	26.509	0
16.585	26.504	0
16.606	26.499	0
16.627	26.493	0
16.648	26.488	0
16.668	26.483	0
16.689	26.478	0
16.71	26.473	0
16.731	26.468	0
16.752	26.463	0
16.772	26.458	0
16.793	26.452	0
16.814	26.447	0
16.835	26.442	0
16.856	26.437	0
16.877	26.431	0
16.898	26.426	0
16.918	26.421	0
16.939	26.415	0
16.96	26.41	0
16.981	26.405	0
17.002	26.399	0
17.023	26.394	0
17.044	26.388	0
17.065	26.383	0
17.086	26.377	0
17.107	26.372	0
17.128	26.366	0
17.148	26.361	0
17.169	26.355	0
17.19	26.349	0
17.211	26.344	0
17.232	26.338	0
17.253	26.333	0
17.274	26.327	0
17.295	26.321	0
17.316	26.315	0
17.337	26.31	0
17.358	26.304	0
17.379	26.298	0
17.4	26.292	0
17.421	26.286	0
17.442	26.28	0
17.464	26.275	0
17.485	26.269	0
17.506	26.263	0
17.527	26.257	0
17.548	26.251	0
17.569	26.245	0
17.59	26.239	0
17.611	26.233	0
17.632	26.227	0
17.653	26.221	0
17.674	26.215	0
17.695	26.208	0
17.717	26.202	0
17.738	26.196	0
