-21.26	22.407	0
-21.236	22.421	0
-21.213	22.434	0
-21.189	22.448	0
-21.166	22.461	0
-21.142	22.475	0
-21.119	22.488	0
-21.095	22.502	0
-21.072	22.515	0
-21.048	22.529	0
-21.025	22.542	0
-21.001	22.555	0
-20.978	22.569	0
-20.954	22.582	0
-20.93	22.595	0
-20.907	22.608	0
-20.883	22.622	0
-20.86	22.635	0
-20.836	22.648	0
-20.812	22.661	0
-20.789	22.674	0
-20.765	22.687	0
-20.741	22.7	0
-20.718	22.713	0
-20.694	22.727	0
-20.67	22.74	0
-20.647	22.753	0
-20.623	22.765	0
-20.599	22.778	0
-20.576	22.791	0
-20.552	22.804	0
-20.528	22.817	0
-20.505	22.83	0
-20.481	22.843	0
-20.457	22.856	0
-20.433	22.868	0
-20.41	22.881	0
-20.386	22.894	0
-20.362	22.907	0
-20.338	22.919	0
-20.315	22.932	0
-20.291	22.945	0
-20.267	22.957	0
-20.243	22.97	0
-20.219	22.982	0
-20.196	22.995	0
-20.172	23.007	0
-20.148	23.02	0
-20.124	23.032	0
-20.1	23.045	0
-20.076	23.057	0
-20.053	23.07	0
-20.029	23.082	0
-20.005	23.095	0
-19.981	23.107	0
-19.957	23.119	0
-19.933	23.132	0
-19.909	23.144	0
-19.885	23.156	0
-19.861	23.168	0
-19.838	23.181	0
-19.814	23.193	0
-19.79	23.205	0
-19.766	23.217	0
-19.742	23.229	0
-19.718	23.241	0
-19.694	23.253	0
-19.67	23.265	0
-19.646	23.277	0
-19.622	23.289	0
-19.598	23.301	0
-19.574	23.313	0
-19.55	23.325	0
-19.526	23.337	0
-19.502	23.349	0
-19.478	23.361	0
-19.454	23.373	0
-19.43	23.385	0
-19.406	23.396	0
-19.382	23.408	0
-19.358	23.42	0
-19.334	23.432	0
-19.31	23.443	0
-19.286	23.455	0
-19.262	23.467	0
-19.238	23.478	0
-19.213	23.49	0
-19.189	23.501	0
-19.165	23.513	0
-19.141	23.525	0
-19.117	23.536	0
-19.093	23.548	0
-19.069	23.559	0
-19.045	23.571	0
-19.021	23.582	0
-18.996	23.593	0
-18.972	23.605	0
-18.948	23.616	0
-18.924	23.627	0
-18.9	23.639	0
-18.876	23.65	0
-18.851	23.661	0
-18.827	23.673	0
-18.803	23.684	0
-18.779	23.695	0
-18.755	23.706	0
-18.73	23.717	0
-18.706	23.728	0
-18.682	23.74	0
-18.658	23.751	0
-18.634	23.762	0
-18.609	23.773	0
-18.585	23.784	0
-18.561	23.795	0
-18.537	23.806	0
-18.512	23.817	0
-18.488	23.828	0
-18.464	23.839	0
-18.44	23.849	0
-18.415	23.86	0
-18.391	23.871	0
-18.367	23.882	0
-18.342	23.893	0
-18.318	23.903	0
-18.294	23.914	0
-18.27	23.925	0
-18.245	23.936	0
-18.221	23.946	0
-18.197	23.957	0
-18.172	23.968	0
-18.148	23.978	0
-18.124	23.989	0
-18.099	23.999	0
-18.075	24.01	0
-18.05	24.02	0
-18.026	24.031	0
-18.002	24.041	0
-17.977	24.052	0
-17.953	24.062	0
-17.929	24.073	0
-17.904	24.083	0
-17.88	24.093	0
-17.855	24.104	0
-17.831	24.114	0
-17.807	24.124	0
-17.782	24.134	0
-17.758	24.145	0
-17.733	24.155	0
-17.709	24.165	0
-17.684	24.175	0
-17.66	24.185	0
-17.635	24.196	0
-17.611	24.206	0
-17.587	24.216	0
-17.562	24.226	0
-17.538	24.236	0
-17.513	24.246	0
-17.489	24.256	0
-17.464	24.266	0
-17.44	24.276	0
-17.415	24.286	0
-17.391	24.296	0
-17.366	24.305	0
-17.342	24.315	0
-17.317	24.325	0
-17.293	24.335	0
-17.268	24.345	0
-17.244	24.354	0
-17.219	24.364	0
-17.195	24.374	0
-17.17	24.384	0
-17.145	24.393	0
-17.121	24.403	0
-17.096	24.412	0
-17.072	24.422	0
-17.047	24.432	0
-17.023	24.441	0
-16.998	24.451	0
-16.974	24.46	0
-16.949	24.47	0
-16.924	24.479	0
-16.9	24.489	0
-16.875	24.498	0
-16.851	24.507	0
-16.826	24.517	0
-16.801	24.526	0
-16.777	24.535	0
-16.752	24.545	0
-16.728	24.554	0
-16.703	24.563	0
-16.678	24.573	0
-16.654	24.582	0
-16.629	24.591	0
-16.604	24.6	0
-16.58	24.609	0
-16.555	24.618	0
-16.53	24.627	0
-16.506	24.637	0
-16.481	24.646	0
-16.456	24.655	0
-16.432	24.664	0
-16.407	24.673	0
-16.382	24.682	0
-16.358	24.69	0
-16.333	24.699	0
-16.308	24.708	0
-16.284	24.717	0
-16.259	24.726	0
-16.234	24.735	0
-16.21	24.744	0
-16.185	24.752	0
-16.16	24.761	0
-16.135	24.77	0
-16.111	24.779	0
-16.086	24.787	0
-16.061	24.796	0
-16.036	24.805	0
-16.012	24.813	0
-15.987	24.822	0
-15.962	24.83	0
-15.937	24.839	0
-15.913	24.847	0
-15.888	24.856	0
-15.863	24.864	0
-15.838	24.873	0
-15.814	24.881	0
-15.789	24.89	0
-15.764	24.898	0
-15.739	24.906	0
-15.715	24.915	0
-15.69	24.923	0
-15.665	24.931	0
-15.64	24.94	0
-15.615	24.948	0
-15.591	24.956	0
-15.566	24.964	0
-15.541	24.972	0
-15.516	24.981	0
-15.491	24.989	0
-15.467	24.997	0
-15.442	25.005	0
-15.417	25.013	0
-15.392	25.021	0
-15.367	25.029	0
-15.342	25.037	0
-15.318	25.045	0
-15.293	25.053	0
-15.268	25.061	0
-15.243	25.069	0
-15.218	25.077	0
-15.193	25.085	0
-15.169	25.092	0
-15.144	25.1	0
-15.119	25.108	0
-15.094	25.116	0
-15.069	25.124	0
-15.044	25.131	0
-15.019	25.139	0
-14.994	25.147	0
-14.97	25.154	0
-14.945	25.162	0
-14.92	25.17	0
-14.895	25.177	0
-14.87	25.185	0
-14.845	25.192	0
-14.82	25.2	0
-14.795	25.207	0
-14.77	25.215	0
-14.746	25.222	0
-14.721	25.23	0
-14.696	25.237	0
-14.671	25.244	0
-14.646	25.252	0
-14.621	25.259	0
-14.596	25.266	0
-14.571	25.274	0
-14.546	25.281	0
-14.521	25.288	0
-14.496	25.295	0
-14.471	25.303	0
-14.446	25.31	0
-14.422	25.317	0
-14.397	25.324	0
-14.372	25.331	0
-14.347	25.338	0
-14.322	25.345	0
-14.297	25.352	0
-14.272	25.359	0
-14.247	25.366	0
-14.222	25.373	0
-14.197	25.38	0
-14.172	25.387	0
-14.147	25.394	0
-14.122	25.401	0
-14.097	25.408	0
-14.072	25.415	0
-14.047	25.422	0
-14.022	25.428	0
-13.997	25.435	0
-13.972	25.442	0
-13.947	25.449	0
-13.922	25.455	0
-13.897	25.462	0
-13.872	25.469	0
-13.847	25.475	0
-13.822	25.482	0
-13.797	25.488	0
-13.772	25.495	0
-13.747	25.501	0
-13.722	25.508	0
-13.697	25.514	0
-13.672	25.521	0
-13.647	25.527	0
-13.622	25.534	0
-13.597	25.54	0
-13.572	25.547	0
-13.547	25.553	0
-13.522	25.559	0
-13.497	25.566	0
-13.472	25.572	0
-13.447	25.578	0
-13.422	25.584	0
-13.397	25.591	0
-13.372	25.597	0
-13.347	25.603	0
-13.322	25.609	0
-13.297	25.615	0
-13.272	25.621	0
-13.247	25.627	0
-13.222	25.634	0
-13.197	25.64	0
-13.172	25.646	0
-13.147	25.652	0
-13.122	25.658	0
-13.097	25.663	0
-13.072	25.669	0
-13.047	25.675	0
-13.022	25.681	0
-12.997	25.687	0
-12.972	25.693	0
-12.947	25.699	0
-12.921	25.704	0
-12.896	25.71	0
-12.871	25.716	0
-12.846	25.722	0
-12.821	25.727	0
-12.796	25.733	0
-12.771	25.739	0
-12.746	25.744	0
-12.721	25.75	0
-12.696	25.755	0
-12.671	25.761	0
-12.646	25.767	0
-12.621	25.772	0
-12.596	25.778	0
-12.571	25.783	0
-12.546	25.788	0
-12.521	25.794	0
-12.495	25.799	0
-12.47	25.805	0
-12.445	25.81	0
-12.42	25.815	0
-12.395	25.821	0
-12.37	25.826	0
-12.345	25.831	0
-12.32	25.836	0
-12.295	25.842	0
-12.27	25.847	0
-12.245	25.852	0
-12.22	25.857	0
-12.195	25.862	0
-12.17	25.867	0
-12.144	25.873	0
-12.119	25.878	0
-12.094	25.883	0
-12.069	25.888	0
-12.044	25.893	0
-12.019	25.898	0
-11.994	25.902	0
-11.969	25.907	0
-11.944	25.912	0
-11.919	25.917	0
-11.894	25.922	0
-11.869	25.927	0
-11.843	25.932	0
-11.818	25.936	0
-11.793	25.941	0
-11.768	25.946	0
-11.743	25.951	0
-11.718	25.955	0
-11.693	25.96	0
-11.668	25.965	0
-11.643	25.969	0
-11.618	25.974	0
-11.593	25.978	0
-11.568	25.983	0
-11.543	25.988	0
-11.517	25.992	0
-11.492	25.997	0
-11.467	26.001	0
-11.442	26.005	0
-11.417	26.01	0
-11.392	26.014	0
-11.367	26.019	0
-11.342	26.023	0
-11.317	26.027	0
-11.292	26.032	0
-11.267	26.036	0
-11.242	26.04	0
-11.216	26.044	0
-11.191	26.049	0
-11.166	26.053	0
-11.141	26.057	0
-11.116	26.061	0
-11.091	26.065	0
-11.066	26.069	0
-11.041	26.073	0
-11.016	26.077	0
-10.991	26.081	0
-10.966	26.085	0
-10.941	26.089	0
-10.916	26.093	0
-10.891	26.097	0
-10.865	26.101	0
-10.84	26.105	0
-10.815	26.109	0
-10.79	26.113	0
-10.765	26.117	0
-10.74	26.121	0
-10.715	26.124	0
-10.69	26.128	0
-10.665	26.132	0
-10.64	26.135	0
-10.615	26.139	0
-10.59	26.143	0
-10.565	26.146	0
-10.54	26.15	0
-10.515	26.154	0
-10.49	26.157	0
-10.465	26.161	0
-10.439	26.164	0
-10.414	26.168	0
-10.389	26.171	0
-10.364	26.175	0
-10.339	26.178	0
-10.314	26.182	0
-10.289	26.185	0
-10.264	26.188	0
-10.239	26.192	0
-10.214	26.195	0
-10.189	26.198	0
-10.164	26.202	0
-10.139	26.205	0
-10.114	26.208	0
-10.089	26.211	0
-10.064	26.214	0
-10.039	26.218	0
-10.014	26.221	0
-9.9889	26.224	0
-9.9639	26.227	0
-9.9389	26.23	0
-9.9139	26.233	0
-9.8888	26.236	0
-9.8638	26.239	0
-9.8388	26.242	0
-9.8138	26.245	0
-9.7888	26.248	0
-9.7638	26.251	0
-9.7388	26.254	0
-9.7139	26.257	0
-9.6889	26.259	0
-9.6639	26.262	0
-9.6389	26.265	0
-9.6139	26.268	0
-9.5889	26.271	0
-9.564	26.273	0
-9.539	26.276	0
-9.514	26.279	0
-9.4891	26.281	0
-9.4641	26.284	0
-9.4391	26.287	0
-9.4142	26.289	0
-9.3892	26.292	0
-9.3643	26.294	0
-9.3393	26.297	0
-9.3144	26.299	0
-9.2894	26.302	0
-9.2645	26.304	0
-9.2396	26.307	0
-9.2146	26.309	0
-9.1897	26.311	0
-9.1648	26.314	0
-9.1399	26.316	0
-9.115	26.318	0
-9.09	26.321	0
-9.0651	26.323	0
-9.0402	26.325	0
-9.0153	26.327	0
-8.9904	26.329	0
-8.9655	26.332	0
-8.9407	26.334	0
-8.9158	26.336	0
-8.8909	26.338	0
-8.866	26.34	0
-8.8411	26.342	0
-8.8163	26.344	0
-8.7914	26.346	0
-8.7666	26.348	0
-8.7417	26.35	0
-8.7168	26.352	0
-8.692	26.354	0
-8.6672	26.356	0
-8.6423	26.358	0
-8.6175	26.36	0
-8.5927	26.361	0
-8.5678	26.363	0
-8.543	26.365	0
-8.5182	26.367	0
-8.4934	26.368	0
-8.4686	26.37	0
-8.4438	26.372	0
-8.419	26.373	0
-8.3942	26.375	0
-8.3694	26.377	0
-8.3446	26.378	0
-8.3198	26.38	0
-8.295	26.381	0
-8.2703	26.383	0
-8.2455	26.384	0
-8.2207	26.386	0
-8.196	26.387	0
-8.1712	26.389	0
-8.1465	26.39	0
-8.1217	26.392	0
-8.097	26.393	0
-8.0722	26.394	0
-8.0475	26.396	0
-8.0228	26.397	0
-7.998	26.398	0
-7.9733	26.399	0
-7.9486	26.401	0
-7.9239	26.402	0
-7.8992	26.403	0
-7.8745	26.404	0
-7.8497	26.405	0
-7.825	26.406	0
-7.8004	26.407	0
-7.7757	26.408	0
-7.751	26.409	0
-7.7263	26.41	0
-7.7016	26.411	0
-7.6769	26.412	0
-7.6523	26.413	0
-7.6276	26.414	0
-7.6029	26.415	0
-7.5783	26.416	0
-7.5536	26.417	0
-7.529	26.418	0
-7.5043	26.419	0
-7.4797	26.419	0
-7.455	26.42	0
-7.4304	26.421	0
-7.4058	26.422	0
-7.3811	26.422	0
-7.3565	26.423	0
-7.3319	26.424	0
-7.3072	26.424	0
-7.2826	26.425	0
-7.258	26.425	0
-7.2334	26.426	0
-7.2088	26.426	0
-7.1842	26.427	0
-7.1596	26.427	0
-7.135	26.428	0
-7.1104	26.428	0
-7.0858	26.429	0
-7.0612	26.429	0
-7.0366	26.429	0
-7.012	26.43	0
-6.9874	26.43	0
-6.9628	26.43	0
-6.9382	26.431	0
-6.9137	26.431	0
-6.8891	26.431	0
-6.8645	26.431	0
-6.8399	26.432	0
-6.8153	26.432	0
-6.7908	26.432	0
-6.7662	26.432	0
-6.7416	26.432	0
-6.717	26.432	0
-6.6925	26.432	0
-6.6679	26.432	0
-6.6433	26.432	0
-6.6188	26.432	0
-6.5942	26.432	0
-6.5696	26.432	0
-6.5451	26.432	0
-6.5205	26.432	0
-6.4959	26.432	0
-6.4713	26.432	0
-6.4468	26.432	0
-6.4222	26.431	0
-6.3976	26.431	0
-6.373	26.431	0
-6.3485	26.431	0
-6.3239	26.43	0
-6.2993	26.43	0
-6.2747	26.43	0
-6.2501	26.43	0
-6.2255	26.429	0
-6.201	26.429	0
-6.1764	26.428	0
-6.1518	26.428	0
-6.1272	26.427	0
-6.1026	26.427	0
-6.0779	26.426	0
-6.0533	26.426	0
-6.0287	26.425	0
-6.0041	26.425	0
-5.9794	26.424	0
-5.9548	26.424	0
-5.9302	26.423	0
-5.9055	26.422	0
-5.8809	26.422	0
-5.8562	26.421	0
-5.8315	26.42	0
-5.8068	26.42	0
-5.7822	26.419	0
-5.7575	26.418	0
-5.7328	26.417	0
-5.708	26.416	0
-5.6833	26.416	0
-5.6586	26.415	0
-5.6338	26.414	0
-5.6091	26.413	0
-5.5843	26.412	0
-5.5595	26.411	0
-5.5347	26.41	0
-5.5099	26.409	0
-5.4851	26.408	0
-5.4603	26.407	0
-5.4354	26.406	0
-5.4106	26.405	0
-5.3857	26.404	0
-5.3608	26.403	0
-5.3359	26.402	0
-5.3109	26.4	0
-5.286	26.399	0
-5.261	26.398	0
-5.236	26.397	0
-5.211	26.395	0
-5.186	26.394	0
-5.1609	26.393	0
-5.1358	26.392	0
-5.1107	26.39	0
-5.0856	26.389	0
-5.0605	26.388	0
-5.0353	26.386	0
-5.0101	26.385	0
-4.9849	26.383	0
-4.9597	26.382	0
-4.9344	26.38	0
-4.9091	26.379	0
-4.8839	26.377	0
-4.8585	26.376	0
-4.8332	26.374	0
-4.8078	26.373	0
-4.7824	26.371	0
-4.757	26.37	0
-4.7316	26.368	0
-4.7061	26.366	0
-4.6806	26.365	0
-4.6551	26.363	0
-4.6296	26.361	0
-4.604	26.359	0
-4.5784	26.358	0
-4.5528	26.356	0
-4.5272	26.354	0
-4.5015	26.352	0
-4.4759	26.35	0
-4.4501	26.349	0
-4.4244	26.347	0
-4.3987	26.345	0
-4.3729	26.343	0
-4.3471	26.341	0
-4.3212	26.339	0
-4.2954	26.337	0
-4.2695	26.335	0
-4.2436	26.333	0
-4.2176	26.331	0
-4.1916	26.329	0
-4.1656	26.327	0
-4.1396	26.325	0
-4.1136	26.323	0
-4.0875	26.321	0
-4.0614	26.319	0
-4.0353	26.316	0
-4.0091	26.314	0
-3.9829	26.312	0
-3.9567	26.31	0
-3.9305	26.308	0
-3.9042	26.305	0
-3.8779	26.303	0
-3.8516	26.301	0
-3.8252	26.299	0
-3.7989	26.296	0
-3.7724	26.294	0
-3.746	26.292	0
-3.7195	26.289	0
-3.6931	26.287	0
-3.6665	26.284	0
-3.64	26.282	0
-3.6134	26.28	0
-3.5868	26.277	0
-3.5602	26.275	0
-3.5335	26.272	0
-3.5068	26.27	0
-3.4801	26.267	0
-3.4534	26.265	0
-3.4266	26.262	0
-3.3998	26.259	0
-3.373	26.257	0
-3.3461	26.254	0
-3.3192	26.252	0
-3.2923	26.249	0
-3.2654	26.246	0
-3.2384	26.244	0
-3.2114	26.241	0
-3.1844	26.238	0
-3.1574	26.235	0
-3.1303	26.233	0
-3.1032	26.23	0
-3.0761	26.227	0
-3.0489	26.224	0
-3.0218	26.222	0
-2.9946	26.219	0
-2.9673	26.216	0
-2.9401	26.213	0
-2.9128	26.21	0
-2.8855	26.207	0
-2.8582	26.204	0
-2.8309	26.201	0
-2.8035	26.199	0
-2.7761	26.196	0
-2.7488	26.193	0
-2.7213	26.19	0
-2.6939	26.187	0
-2.6664	26.184	0
-2.639	26.181	0
-2.6115	26.178	0
-2.584	26.175	0
-2.5565	26.171	0
-2.5289	26.168	0
-2.5014	26.165	0
-2.4738	26.162	0
-2.4463	26.159	0
-2.4187	26.156	0
-2.3911	26.153	0
-2.3635	26.15	0
-2.336	26.146	0
-2.3084	26.143	0
-2.2808	26.14	0
-2.2532	26.137	0
-2.2256	26.134	0
-2.198	26.13	0
-2.1704	26.127	0
-2.1429	26.124	0
-2.1153	26.121	0
-2.0878	26.117	0
-2.0602	26.114	0
-2.0327	26.111	0
-2.0052	26.107	0
-1.9778	26.104	0
-1.9503	26.101	0
-1.9229	26.098	0
-1.8955	26.094	0
-1.8682	26.091	0
-1.8409	26.087	0
-1.8137	26.084	0
-1.7865	26.081	0
-1.7593	26.077	0
-1.7322	26.074	0
-1.7052	26.07	0
-1.6783	26.067	0
-1.6514	26.064	0
-1.6246	26.06	0
-1.5979	26.057	0
-1.5713	26.053	0
-1.5448	26.05	0
-1.5184	26.047	0
-1.4921	26.043	0
-1.466	26.04	0
-1.44	26.036	0
-1.4141	26.033	0
-1.3884	26.029	0
-1.3628	26.026	0
-1.3374	26.023	0
-1.3122	26.019	0
-1.2873	26.016	0
-1.2625	26.012	0
-1.2379	26.009	0
-1.2135	26.006	0
-1.1893	26.002	0
-1.165	25.999	0
-1.1408	25.995	0
-1.1165	25.992	0
-1.092	25.989	0
-1.0673	25.985	0
-1.0422	25.981	0
-1.0168	25.978	0
-0.99077	25.974	0
-0.96412	25.97	0
-0.93671	25.966	0
-0.9084	25.962	0
-0.87904	25.957	0
-0.84847	25.953	0
-0.81653	25.948	0
-0.78303	25.943	0
-0.74776	25.938	0
-0.7105	25.933	0
-0.67103	25.927	0
-0.62907	25.921	0
-0.58435	25.914	0
-0.53659	25.907	0
-0.48546	25.9	0
-0.43064	25.893	0
-0.37176	25.885	0
-0.30847	25.877	0
-0.2404	25.868	0
-0.16715	25.859	0
-0.088363	25.85	0
-0.0036513	25.84	0
0.087334	25.831	0
0.18492	25.821	0
0.28938	25.812	0
0.40096	25.802	0
0.51981	25.794	0
0.64602	25.786	0
0.77959	25.779	0
0.92041	25.774	0
1.0682	25.77	0
1.2224	25.768	0
1.3823	25.768	0
1.5471	25.77	0
1.7159	25.775	0
1.8878	25.783	0
2.0618	25.794	0
2.2369	25.808	0
2.4122	25.825	0
2.5867	25.844	0
2.7596	25.866	0
2.9302	25.891	0
3.0977	25.917	0
3.2616	25.946	0
3.4215	25.977	0
3.5769	26.009	0
3.7275	26.043	0
3.8731	26.078	0
4.0135	26.113	0
4.1488	26.149	0
4.2788	26.185	0
4.4036	26.222	0
4.5231	26.258	0
4.6376	26.295	0
4.7471	26.331	0
4.8517	26.366	0
4.9516	26.401	0
5.0468	26.436	0
5.1376	26.469	0
5.2241	26.502	0
5.3065	26.534	0
5.3848	26.565	0
5.4593	26.596	0
5.53	26.625	0
5.5971	26.653	0
5.6608	26.68	0
5.7211	26.706	0
5.7782	26.731	0
5.8322	26.755	0
5.8831	26.778	0
5.9312	26.8	0
5.9766	26.821	0
6.0195	26.841	0
6.0602	26.86	0
6.0986	26.878	0
6.1351	26.895	0
6.1698	26.912	0
6.2027	26.927	0
6.2341	26.943	0
6.2639	26.957	0
6.2924	26.971	0
6.3196	26.984	0
6.3457	26.997	0
6.3706	27.009	0
6.3944	27.021	0
6.4174	27.032	0
6.4394	27.043	0
6.4605	27.053	0
6.4809	27.063	0
6.5006	27.073	0
6.5196	27.083	0
6.5379	27.092	0
6.5556	27.101	0
6.5728	27.109	0
6.5895	27.117	0
6.6056	27.125	0
6.6213	27.133	0
6.6366	27.141	0
6.6515	27.148	0
6.666	27.156	0
6.6801	27.163	0
6.6939	27.169	0
6.7074	27.176	0
6.7206	27.183	0
6.7335	27.189	0
6.7462	27.195	0
6.7587	27.202	0
6.7709	27.208	0
6.7829	27.214	0
6.7947	27.219	0
6.8063	27.225	0
6.8177	27.231	0
6.829	27.236	0
6.8401	27.242	0
6.8511	27.247	0
6.8619	27.252	0
6.8727	27.258	0
6.8833	27.263	0
6.8938	27.268	0
6.9042	27.273	0
6.9145	27.278	0
6.9247	27.283	0
6.9348	27.288	0
6.9449	27.293	0
6.9549	27.297	0
6.9648	27.302	0
6.9747	27.307	0
6.9845	27.312	0
6.9942	27.316	0
7.0039	27.321	0
7.0136	27.326	0
7.0232	27.33	0
7.0328	27.335	0
7.0424	27.339	0
7.052	27.344	0
7.0615	27.348	0
7.071	27.353	0
7.0805	27.357	0
7.0899	27.362	0
7.0994	27.366	0
7.1088	27.37	0
7.1182	27.375	0
7.1277	27.379	0
7.1371	27.384	0
7.1465	27.388	0
7.1559	27.392	0
7.1654	27.397	0
7.1748	27.401	0
7.1842	27.405	0
7.1937	27.409	0
7.2031	27.414	0
7.2126	27.418	0
7.222	27.422	0
7.2315	27.427	0
7.241	27.431	0
7.2505	27.435	0
7.2601	27.44	0
7.2696	27.444	0
7.2792	27.448	0
7.2888	27.452	0
7.2984	27.457	0
7.308	27.461	0
7.3176	27.465	0
7.3273	27.469	0
7.337	27.474	0
7.3467	27.478	0
7.3565	27.482	0
7.3663	27.487	0
7.3761	27.491	0
7.3859	27.495	0
7.3957	27.499	0
7.4056	27.504	0
7.4155	27.508	0
7.4255	27.512	0
7.4355	27.517	0
7.4455	27.521	0
7.4555	27.525	0
7.4656	27.529	0
7.4757	27.534	0
7.4858	27.538	0
7.496	27.542	0
7.5062	27.547	0
7.5164	27.551	0
7.5267	27.555	0
7.537	27.56	0
7.5473	27.564	0
7.5577	27.568	0
7.5681	27.573	0
7.5786	27.577	0
7.589	27.581	0
7.5996	27.586	0
7.6101	27.59	0
7.6207	27.594	0
7.6313	27.599	0
7.642	27.603	0
7.6527	27.608	0
7.6634	27.612	0
7.6742	27.616	0
7.685	27.621	0
7.6959	27.625	0
7.7067	27.63	0
7.7177	27.634	0
7.7286	27.638	0
7.7396	27.643	0
7.7507	27.647	0
7.7617	27.652	0
7.7729	27.656	0
7.784	27.66	0
7.7952	27.665	0
7.8064	27.669	0
7.8177	27.674	0
7.829	27.678	0
7.8403	27.683	0
7.8517	27.687	0
7.8632	27.692	0
7.8746	27.696	0
7.8861	27.701	0
7.8977	27.705	0
7.9092	27.71	0
7.9208	27.714	0
7.9325	27.719	0
7.9442	27.723	0
7.9559	27.728	0
7.9677	27.732	0
7.9795	27.737	0
7.9913	27.741	0
8.0032	27.746	0
8.0152	27.75	0
8.0271	27.755	0
8.0391	27.759	0
8.0511	27.764	0
8.0632	27.768	0
8.0753	27.773	0
8.0875	27.778	0
8.0996	27.782	0
8.1118	27.787	0
8.1241	27.791	0
8.1364	27.796	0
8.1487	27.8	0
8.161	27.805	0
8.1734	27.81	0
8.1859	27.814	0
8.1983	27.819	0
8.2108	27.823	0
8.2233	27.828	0
8.2359	27.833	0
8.2485	27.837	0
8.2611	27.842	0
8.2737	27.846	0
8.2864	27.851	0
8.2991	27.856	0
8.3119	27.86	0
8.3247	27.865	0
8.3375	27.869	0
8.3503	27.874	0
8.3632	27.879	0
8.3761	27.883	0
8.389	27.888	0
8.402	27.892	0
8.415	27.897	0
8.428	27.902	0
8.4411	27.906	0
8.4542	27.911	0
8.4673	27.916	0
8.4804	27.92	0
8.4936	27.925	0
8.5068	27.93	0
8.52	27.934	0
8.5333	27.939	0
8.5466	27.943	0
8.5599	27.948	0
8.5732	27.953	0
8.5866	27.957	0
8.6	27.962	0
8.6135	27.967	0
8.6269	27.971	0
8.6404	27.976	0
8.6539	27.981	0
8.6675	27.985	0
8.681	27.99	0
8.6946	27.994	0
8.7082	27.999	0
8.7219	28.004	0
8.7356	28.008	0
8.7493	28.013	0
8.763	28.018	0
8.7768	28.022	0
8.7905	28.027	0
8.8043	28.032	0
8.8182	28.036	0
8.832	28.041	0
8.8459	28.046	0
8.8598	28.05	0
8.8738	28.055	0
8.8877	28.059	0
8.9017	28.064	0
8.9157	28.069	0
8.9297	28.073	0
8.9438	28.078	0
8.9579	28.083	0
8.972	28.087	0
8.9861	28.092	0
9.0003	28.097	0
9.0144	28.101	0
9.0286	28.106	0
9.0429	28.111	0
9.0571	28.115	0
9.0714	28.12	0
9.0857	28.124	0
9.1	28.129	0
9.1143	28.134	0
9.1287	28.138	0
9.1431	28.143	0
9.1575	28.148	0
9.1719	28.152	0
9.1864	28.157	0
9.2008	28.162	0
9.2153	28.166	0
9.2299	28.171	0
9.2444	28.175	0
9.259	28.18	0
9.2735	28.185	0
9.2882	28.189	0
9.3028	28.194	0
9.3174	28.199	0
9.3321	28.203	0
9.3468	28.208	0
9.3615	28.212	0
9.3762	28.217	0
9.391	28.222	0
9.4058	28.226	0
9.4205	28.231	0
9.4354	28.236	0
9.4502	28.24	0
9.465	28.245	0
9.4799	28.249	0
9.4948	28.254	0
9.5097	28.259	0
9.5247	28.263	0
9.5396	28.268	0
9.5546	28.273	0
9.5696	28.277	0
9.5846	28.282	0
9.5996	28.286	0
9.6147	28.291	0
9.6297	28.296	0
9.6448	28.3	0
9.6599	28.305	0
9.6751	28.309	0
9.6902	28.314	0
9.7054	28.319	0
9.7205	28.323	0
9.7357	28.328	0
9.7509	28.332	0
9.7662	28.337	0
9.7814	28.342	0
9.7967	28.346	0
9.812	28.351	0
9.8273	28.355	0
9.8426	28.36	0
9.8579	28.365	0
9.8733	28.369	0
9.8887	28.374	0
9.9041	28.378	0
9.9195	28.383	0
9.9349	28.387	0
9.9503	28.392	0
9.9658	28.397	0
9.9813	28.401	0
9.9968	28.406	0
10.012	28.41	0
10.028	28.415	0
10.043	28.42	0
10.059	28.424	0
10.074	28.429	0
10.09	28.433	0
10.106	28.438	0
10.121	28.442	0
10.137	28.447	0
10.153	28.452	0
10.168	28.456	0
10.184	28.461	0
10.2	28.465	0
10.215	28.47	0
10.231	28.474	0
10.247	28.479	0
10.262	28.483	0
10.278	28.488	0
10.294	28.492	0
10.309	28.497	0
10.325	28.502	0
10.341	28.506	0
10.357	28.511	0
10.372	28.515	0
10.388	28.52	0
10.404	28.524	0
10.419	28.529	0
10.435	28.533	0
10.451	28.538	0
10.467	28.542	0
10.482	28.546	0
10.498	28.551	0
10.514	28.555	0
10.529	28.56	0
10.545	28.564	0
10.561	28.569	0
10.576	28.573	0
10.592	28.578	0
10.608	28.582	0
10.623	28.586	0
10.639	28.591	0
10.654	28.595	0
10.67	28.599	0
10.685	28.604	0
10.701	28.608	0
10.717	28.612	0
10.732	28.617	0
10.748	28.621	0
10.763	28.625	0
10.779	28.63	0
10.794	28.634	0
10.809	28.638	0
10.825	28.643	0
10.84	28.647	0
10.856	28.651	0
10.871	28.655	0
10.886	28.659	0
10.902	28.664	0
10.917	28.668	0
10.932	28.672	0
10.948	28.676	0
10.963	28.68	0
10.978	28.684	0
10.993	28.689	0
11.008	28.693	0
11.024	28.697	0
11.039	28.701	0
11.054	28.705	0
11.069	28.709	0
11.084	28.713	0
11.099	28.717	0
11.114	28.721	0
11.129	28.725	0
11.144	28.729	0
11.159	28.733	0
11.174	28.737	0
11.189	28.741	0
11.204	28.745	0
11.219	28.749	0
11.234	28.753	0
11.248	28.757	0
11.263	28.761	0
11.278	28.764	0
11.293	28.768	0
11.307	28.772	0
11.322	28.776	0
11.337	28.78	0
11.352	28.784	0
11.366	28.787	0
11.381	28.791	0
11.395	28.795	0
11.41	28.799	0
11.424	28.802	0
11.439	28.806	0
11.453	28.81	0
11.468	28.813	0
11.482	28.817	0
11.497	28.821	0
11.511	28.824	0
11.525	28.828	0
11.54	28.831	0
11.554	28.835	0
11.568	28.839	0
11.583	28.842	0
11.597	28.846	0
11.611	28.849	0
11.625	28.853	0
11.64	28.856	0
11.654	28.86	0
11.668	28.863	0
11.682	28.866	0
11.696	28.87	0
11.71	28.873	0
11.724	28.877	0
11.738	28.88	0
11.752	28.883	0
11.766	28.887	0
11.78	28.89	0
11.794	28.893	0
11.808	28.896	0
11.822	28.9	0
11.836	28.903	0
11.85	28.906	0
11.863	28.909	0
11.877	28.913	0
11.891	28.916	0
11.905	28.919	0
11.919	28.922	0
11.932	28.925	0
11.946	28.928	0
11.96	28.931	0
11.973	28.934	0
11.987	28.937	0
12.001	28.94	0
12.014	28.944	0
12.028	28.947	0
12.042	28.95	0
12.055	28.952	0
12.069	28.955	0
12.082	28.958	0
12.096	28.961	0
12.11	28.964	0
12.123	28.967	0
12.137	28.97	0
12.15	28.973	0
12.164	28.976	0
12.177	28.978	0
12.191	28.981	0
12.204	28.984	0
12.218	28.987	0
12.231	28.99	0
12.244	28.992	0
12.258	28.995	0
12.271	28.998	0
12.285	29	0
12.298	29.003	0
12.312	29.006	0
12.325	29.008	0
12.338	29.011	0
12.352	29.013	0
12.365	29.016	0
12.379	29.019	0
12.392	29.021	0
12.405	29.024	0
12.419	29.026	0
12.432	29.029	0
12.446	29.031	0
12.459	29.034	0
12.472	29.036	0
12.486	29.038	0
12.499	29.041	0
12.513	29.043	0
12.526	29.046	0
12.54	29.048	0
12.553	29.05	0
12.567	29.053	0
12.58	29.055	0
12.594	29.057	0
12.608	29.06	0
12.621	29.062	0
12.635	29.064	0
12.649	29.067	0
12.662	29.069	0
12.676	29.071	0
12.69	29.073	0
12.704	29.075	0
12.718	29.078	0
12.732	29.08	0
12.746	29.082	0
12.76	29.084	0
12.774	29.086	0
12.788	29.088	0
12.802	29.091	0
12.816	29.093	0
12.83	29.095	0
12.844	29.097	0
12.859	29.099	0
12.873	29.101	0
12.887	29.103	0
12.902	29.105	0
12.916	29.107	0
12.931	29.109	0
12.945	29.111	0
12.96	29.113	0
12.975	29.115	0
12.989	29.117	0
13.004	29.119	0
13.019	29.121	0
13.034	29.123	0
13.048	29.125	0
13.063	29.126	0
13.078	29.128	0
13.093	29.13	0
13.108	29.132	0
13.124	29.134	0
13.139	29.136	0
13.154	29.137	0
13.169	29.139	0
13.185	29.141	0
13.2	29.143	0
13.216	29.144	0
13.231	29.146	0
13.247	29.148	0
13.262	29.15	0
13.278	29.151	0
13.294	29.153	0
13.309	29.155	0
13.325	29.156	0
13.341	29.158	0
13.357	29.16	0
13.373	29.161	0
13.389	29.163	0
13.405	29.164	0
13.421	29.166	0
13.437	29.167	0
13.453	29.169	0
13.47	29.17	0
13.486	29.172	0
13.502	29.173	0
13.518	29.175	0
13.535	29.176	0
13.551	29.178	0
13.568	29.179	0
13.584	29.181	0
13.601	29.182	0
13.617	29.183	0
13.634	29.185	0
13.651	29.186	0
13.668	29.187	0
13.684	29.189	0
13.701	29.19	0
13.718	29.191	0
13.735	29.193	0
13.752	29.194	0
13.769	29.195	0
13.786	29.196	0
13.803	29.198	0
13.82	29.199	0
13.837	29.2	0
13.854	29.201	0
13.871	29.202	0
13.888	29.203	0
13.905	29.204	0
13.923	29.206	0
13.94	29.207	0
13.957	29.208	0
13.975	29.209	0
13.992	29.21	0
14.009	29.211	0
14.027	29.212	0
14.044	29.213	0
14.062	29.214	0
14.079	29.215	0
14.097	29.216	0
14.114	29.216	0
14.132	29.217	0
14.149	29.218	0
14.167	29.219	0
14.185	29.22	0
14.203	29.221	0
14.22	29.222	0
14.238	29.222	0
14.256	29.223	0
14.274	29.224	0
14.291	29.225	0
14.309	29.225	0
14.327	29.226	0
14.345	29.227	0
14.363	29.227	0
14.381	29.228	0
14.399	29.229	0
14.417	29.229	0
14.435	29.23	0
14.453	29.23	0
14.471	29.231	0
14.489	29.232	0
14.508	29.232	0
14.526	29.233	0
14.544	29.233	0
14.562	29.234	0
14.58	29.234	0
14.599	29.234	0
14.617	29.235	0
14.635	29.235	0
14.654	29.236	0
14.672	29.236	0
14.69	29.236	0
14.709	29.237	0
14.727	29.237	0
14.746	29.237	0
14.764	29.238	0
14.783	29.238	0
14.801	29.238	0
14.82	29.238	0
14.838	29.239	0
14.857	29.239	0
14.876	29.239	0
14.894	29.239	0
14.913	29.239	0
14.932	29.239	0
14.95	29.239	0
14.969	29.24	0
14.988	29.24	0
15.007	29.24	0
15.025	29.24	0
15.044	29.24	0
15.063	29.24	0
15.082	29.24	0
15.101	29.24	0
15.12	29.24	0
15.139	29.239	0
15.158	29.239	0
15.177	29.239	0
15.196	29.239	0
15.215	29.239	0
15.234	29.239	0
15.253	29.239	0
15.272	29.238	0
15.291	29.238	0
15.31	29.238	0
15.329	29.238	0
15.348	29.237	0
15.368	29.237	0
15.387	29.237	0
15.406	29.236	0
15.425	29.236	0
15.445	29.236	0
15.464	29.235	0
15.483	29.235	0
15.502	29.234	0
15.522	29.234	0
15.541	29.233	0
15.561	29.233	0
15.58	29.232	0
15.599	29.232	0
15.619	29.231	0
15.638	29.231	0
15.658	29.23	0
15.677	29.229	0
15.697	29.229	0
15.716	29.228	0
15.736	29.228	0
15.756	29.227	0
15.775	29.226	0
15.795	29.225	0
15.815	29.225	0
15.834	29.224	0
15.854	29.223	0
15.874	29.222	0
15.893	29.221	0
15.913	29.221	0
15.933	29.22	0
15.953	29.219	0
15.972	29.218	0
15.992	29.217	0
16.012	29.216	0
16.032	29.215	0
16.052	29.214	0
16.072	29.213	0
16.091	29.212	0
16.111	29.211	0
16.131	29.21	0
16.151	29.209	0
16.171	29.208	0
16.191	29.207	0
16.211	29.206	0
16.231	29.204	0
16.251	29.203	0
16.271	29.202	0
16.291	29.201	0
16.311	29.2	0
16.332	29.198	0
16.352	29.197	0
16.372	29.196	0
16.392	29.195	0
16.412	29.193	0
16.432	29.192	0
16.452	29.191	0
16.473	29.189	0
16.493	29.188	0
16.513	29.186	0
16.533	29.185	0
16.554	29.183	0
16.574	29.182	0
16.594	29.18	0
16.615	29.179	0
16.635	29.177	0
16.655	29.176	0
16.676	29.174	0
16.696	29.173	0
16.716	29.171	0
16.737	29.169	0
16.757	29.168	0
16.778	29.166	0
16.798	29.164	0
16.819	29.163	0
16.839	29.161	0
16.859	29.159	0
16.88	29.157	0
