-19.06	22.161	0
-19.039	22.173	0
-19.018	22.186	0
-18.997	22.198	0
-18.976	22.211	0
-18.955	22.223	0
-18.934	22.236	0
-18.913	22.248	0
-18.892	22.261	0
-18.871	22.273	0
-18.85	22.285	0
-18.829	22.298	0
-18.807	22.31	0
-18.786	22.322	0
-18.765	22.335	0
-18.744	22.347	0
-18.723	22.359	0
-18.702	22.371	0
-18.681	22.383	0
-18.66	22.396	0
-18.639	22.408	0
-18.618	22.42	0
-18.596	22.432	0
-18.575	22.444	0
-18.554	22.456	0
-18.533	22.468	0
-18.512	22.48	0
-18.491	22.492	0
-18.469	22.504	0
-18.448	22.516	0
-18.427	22.528	0
-18.406	22.54	0
-18.385	22.552	0
-18.363	22.564	0
-18.342	22.576	0
-18.321	22.588	0
-18.3	22.6	0
-18.278	22.611	0
-18.257	22.623	0
-18.236	22.635	0
-18.215	22.647	0
-18.193	22.659	0
-18.172	22.67	0
-18.151	22.682	0
-18.129	22.694	0
-18.108	22.705	0
-18.087	22.717	0
-18.065	22.729	0
-18.044	22.74	0
-18.023	22.752	0
-18.001	22.763	0
-17.98	22.775	0
-17.959	22.787	0
-17.937	22.798	0
-17.916	22.81	0
-17.895	22.821	0
-17.873	22.832	0
-17.852	22.844	0
-17.83	22.855	0
-17.809	22.867	0
-17.788	22.878	0
-17.766	22.889	0
-17.745	22.901	0
-17.723	22.912	0
-17.702	22.923	0
-17.68	22.935	0
-17.659	22.946	0
-17.637	22.957	0
-17.616	22.968	0
-17.594	22.98	0
-17.573	22.991	0
-17.552	23.002	0
-17.53	23.013	0
-17.509	23.024	0
-17.487	23.035	0
-17.465	23.046	0
-17.444	23.057	0
-17.422	23.068	0
-17.401	23.079	0
-17.379	23.09	0
-17.358	23.101	0
-17.336	23.112	0
-17.315	23.123	0
-17.293	23.134	0
-17.272	23.145	0
-17.25	23.156	0
-17.228	23.167	0
-17.207	23.178	0
-17.185	23.188	0
-17.164	23.199	0
-17.142	23.21	0
-17.12	23.221	0
-17.099	23.232	0
-17.077	23.242	0
-17.055	23.253	0
-17.034	23.264	0
-17.012	23.274	0
-16.991	23.285	0
-16.969	23.296	0
-16.947	23.306	0
-16.926	23.317	0
-16.904	23.327	0
-16.882	23.338	0
-16.86	23.348	0
-16.839	23.359	0
-16.817	23.369	0
-16.795	23.38	0
-16.774	23.39	0
-16.752	23.401	0
-16.73	23.411	0
-16.708	23.422	0
-16.687	23.432	0
-16.665	23.442	0
-16.643	23.453	0
-16.621	23.463	0
-16.6	23.473	0
-16.578	23.483	0
-16.556	23.494	0
-16.534	23.504	0
-16.513	23.514	0
-16.491	23.524	0
-16.469	23.535	0
-16.447	23.545	0
-16.425	23.555	0
-16.404	23.565	0
-16.382	23.575	0
-16.36	23.585	0
-16.338	23.595	0
-16.316	23.605	0
-16.294	23.615	0
-16.272	23.625	0
-16.251	23.635	0
-16.229	23.645	0
-16.207	23.655	0
-16.185	23.665	0
-16.163	23.675	0
-16.141	23.685	0
-16.119	23.695	0
-16.097	23.704	0
-16.076	23.714	0
-16.054	23.724	0
-16.032	23.734	0
-16.01	23.744	0
-15.988	23.753	0
-15.966	23.763	0
-15.944	23.773	0
-15.922	23.782	0
-15.9	23.792	0
-15.878	23.802	0
-15.856	23.811	0
-15.834	23.821	0
-15.812	23.83	0
-15.79	23.84	0
-15.768	23.85	0
-15.746	23.859	0
-15.724	23.869	0
-15.702	23.878	0
-15.68	23.887	0
-15.658	23.897	0
-15.636	23.906	0
-15.614	23.916	0
-15.592	23.925	0
-15.57	23.934	0
-15.548	23.944	0
-15.526	23.953	0
-15.504	23.962	0
-15.482	23.972	0
-15.46	23.981	0
-15.438	23.99	0
-15.416	23.999	0
-15.394	24.009	0
-15.372	24.018	0
-15.35	24.027	0
-15.328	24.036	0
-15.306	24.045	0
-15.284	24.054	0
-15.262	24.063	0
-15.239	24.072	0
-15.217	24.082	0
-15.195	24.091	0
-15.173	24.1	0
-15.151	24.109	0
-15.129	24.117	0
-15.107	24.126	0
-15.085	24.135	0
-15.062	24.144	0
-15.04	24.153	0
-15.018	24.162	0
-14.996	24.171	0
-14.974	24.18	0
-14.952	24.188	0
-14.93	24.197	0
-14.907	24.206	0
-14.885	24.215	0
-14.863	24.223	0
-14.841	24.232	0
-14.819	24.241	0
-14.797	24.25	0
-14.774	24.258	0
-14.752	24.267	0
-14.73	24.275	0
-14.708	24.284	0
-14.685	24.293	0
-14.663	24.301	0
-14.641	24.31	0
-14.619	24.318	0
-14.597	24.327	0
-14.574	24.335	0
-14.552	24.344	0
-14.53	24.352	0
-14.508	24.36	0
-14.485	24.369	0
-14.463	24.377	0
-14.441	24.385	0
-14.419	24.394	0
-14.396	24.402	0
-14.374	24.41	0
-14.352	24.419	0
-14.33	24.427	0
-14.307	24.435	0
-14.285	24.443	0
-14.263	24.452	0
-14.24	24.46	0
-14.218	24.468	0
-14.196	24.476	0
-14.173	24.484	0
-14.151	24.492	0
-14.129	24.5	0
-14.106	24.508	0
-14.084	24.516	0
-14.062	24.524	0
-14.04	24.532	0
-14.017	24.54	0
-13.995	24.548	0
-13.972	24.556	0
-13.95	24.564	0
-13.928	24.572	0
-13.905	24.58	0
-13.883	24.588	0
-13.861	24.596	0
-13.838	24.603	0
-13.816	24.611	0
-13.794	24.619	0
-13.771	24.627	0
-13.749	24.634	0
-13.726	24.642	0
-13.704	24.65	0
-13.682	24.658	0
-13.659	24.665	0
-13.637	24.673	0
-13.614	24.68	0
-13.592	24.688	0
-13.57	24.696	0
-13.547	24.703	0
-13.525	24.711	0
-13.502	24.718	0
-13.48	24.726	0
-13.458	24.733	0
-13.435	24.741	0
-13.413	24.748	0
-13.39	24.755	0
-13.368	24.763	0
-13.345	24.77	0
-13.323	24.778	0
-13.3	24.785	0
-13.278	24.792	0
-13.256	24.8	0
-13.233	24.807	0
-13.211	24.814	0
-13.188	24.821	0
-13.166	24.829	0
-13.143	24.836	0
-13.121	24.843	0
-13.098	24.85	0
-13.076	24.857	0
-13.053	24.864	0
-13.031	24.871	0
-13.008	24.878	0
-12.986	24.886	0
-12.963	24.893	0
-12.941	24.9	0
-12.918	24.907	0
-12.896	24.914	0
-12.873	24.921	0
-12.851	24.927	0
-12.828	24.934	0
-12.806	24.941	0
-12.783	24.948	0
-12.761	24.955	0
-12.738	24.962	0
-12.716	24.969	0
-12.693	24.975	0
-12.671	24.982	0
-12.648	24.989	0
-12.625	24.996	0
-12.603	25.002	0
-12.58	25.009	0
-12.558	25.016	0
-12.535	25.023	0
-12.513	25.029	0
-12.49	25.036	0
-12.468	25.042	0
-12.445	25.049	0
-12.422	25.056	0
-12.4	25.062	0
-12.377	25.069	0
-12.355	25.075	0
-12.332	25.082	0
-12.31	25.088	0
-12.287	25.094	0
-12.264	25.101	0
-12.242	25.107	0
-12.219	25.114	0
-12.197	25.12	0
-12.174	25.126	0
-12.152	25.133	0
-12.129	25.139	0
-12.106	25.145	0
-12.084	25.152	0
-12.061	25.158	0
-12.038	25.164	0
-12.016	25.17	0
-11.993	25.176	0
-11.971	25.183	0
-11.948	25.189	0
-11.925	25.195	0
-11.903	25.201	0
-11.88	25.207	0
-11.858	25.213	0
-11.835	25.219	0
-11.812	25.225	0
-11.79	25.231	0
-11.767	25.237	0
-11.744	25.243	0
-11.722	25.249	0
-11.699	25.255	0
-11.676	25.261	0
-11.654	25.267	0
-11.631	25.273	0
-11.609	25.278	0
-11.586	25.284	0
-11.563	25.29	0
-11.541	25.296	0
-11.518	25.302	0
-11.495	25.307	0
-11.473	25.313	0
-11.45	25.319	0
-11.427	25.324	0
-11.405	25.33	0
-11.382	25.336	0
-11.359	25.341	0
-11.337	25.347	0
-11.314	25.353	0
-11.291	25.358	0
-11.269	25.364	0
-11.246	25.369	0
-11.223	25.375	0
-11.201	25.38	0
-11.178	25.386	0
-11.155	25.391	0
-11.133	25.397	0
-11.11	25.402	0
-11.087	25.407	0
-11.065	25.413	0
-11.042	25.418	0
-11.019	25.423	0
-10.996	25.429	0
-10.974	25.434	0
-10.951	25.439	0
-10.928	25.445	0
-10.906	25.45	0
-10.883	25.455	0
-10.86	25.46	0
-10.838	25.465	0
-10.815	25.47	0
-10.792	25.476	0
-10.77	25.481	0
-10.747	25.486	0
-10.724	25.491	0
-10.701	25.496	0
-10.679	25.501	0
-10.656	25.506	0
-10.633	25.511	0
-10.611	25.516	0
-10.588	25.521	0
-10.565	25.526	0
-10.542	25.531	0
-10.52	25.536	0
-10.497	25.54	0
-10.474	25.545	0
-10.452	25.55	0
-10.429	25.555	0
-10.406	25.56	0
-10.383	25.564	0
-10.361	25.569	0
-10.338	25.574	0
-10.315	25.579	0
-10.293	25.583	0
-10.27	25.588	0
-10.247	25.593	0
-10.224	25.597	0
-10.202	25.602	0
-10.179	25.606	0
-10.156	25.611	0
-10.134	25.616	0
-10.111	25.62	0
-10.088	25.625	0
-10.065	25.629	0
-10.043	25.634	0
-10.02	25.638	0
-9.9973	25.642	0
-9.9745	25.647	0
-9.9518	25.651	0
-9.9291	25.656	0
-9.9064	25.66	0
-9.8836	25.664	0
-9.8609	25.669	0
-9.8382	25.673	0
-9.8155	25.677	0
-9.7928	25.681	0
-9.77	25.686	0
-9.7473	25.69	0
-9.7246	25.694	0
-9.7019	25.698	0
-9.6791	25.702	0
-9.6564	25.706	0
-9.6337	25.711	0
-9.611	25.715	0
-9.5882	25.719	0
-9.5655	25.723	0
-9.5428	25.727	0
-9.5201	25.731	0
-9.4974	25.735	0
-9.4746	25.739	0
-9.4519	25.743	0
-9.4292	25.747	0
-9.4065	25.751	0
-9.3838	25.754	0
-9.361	25.758	0
-9.3383	25.762	0
-9.3156	25.766	0
-9.2929	25.77	0
-9.2702	25.774	0
-9.2475	25.777	0
-9.2248	25.781	0
-9.202	25.785	0
-9.1793	25.789	0
-9.1566	25.792	0
-9.1339	25.796	0
-9.1112	25.8	0
-9.0885	25.803	0
-9.0658	25.807	0
-9.0431	25.81	0
-9.0204	25.814	0
-8.9977	25.817	0
-8.975	25.821	0
-8.9523	25.825	0
-8.9296	25.828	0
-8.9069	25.831	0
-8.8842	25.835	0
-8.8615	25.838	0
-8.8388	25.842	0
-8.8161	25.845	0
-8.7934	25.849	0
-8.7707	25.852	0
-8.748	25.855	0
-8.7253	25.859	0
-8.7026	25.862	0
-8.6799	25.865	0
-8.6573	25.868	0
-8.6346	25.872	0
-8.6119	25.875	0
-8.5892	25.878	0
-8.5665	25.881	0
-8.5439	25.884	0
-8.5212	25.887	0
-8.4985	25.89	0
-8.4759	25.894	0
-8.4532	25.897	0
-8.4305	25.9	0
-8.4079	25.903	0
-8.3852	25.906	0
-8.3626	25.909	0
-8.3399	25.912	0
-8.3172	25.915	0
-8.2946	25.918	0
-8.2719	25.92	0
-8.2493	25.923	0
-8.2267	25.926	0
-8.204	25.929	0
-8.1814	25.932	0
-8.1587	25.935	0
-8.1361	25.937	0
-8.1135	25.94	0
-8.0908	25.943	0
-8.0682	25.946	0
-8.0456	25.948	0
-8.023	25.951	0
-8.0004	25.954	0
-7.9777	25.956	0
-7.9551	25.959	0
-7.9325	25.962	0
-7.9099	25.964	0
-7.8873	25.967	0
-7.8647	25.969	0
-7.8421	25.972	0
-7.8195	25.974	0
-7.7969	25.977	0
-7.7744	25.979	0
-7.7518	25.982	0
-7.7292	25.984	0
-7.7066	25.986	0
-7.6841	25.989	0
-7.6615	25.991	0
-7.6389	25.994	0
-7.6163	25.996	0
-7.5938	25.998	0
-7.5712	26	0
-7.5487	26.003	0
-7.5261	26.005	0
-7.5036	26.007	0
-7.481	26.009	0
-7.4585	26.012	0
-7.4359	26.014	0
-7.4134	26.016	0
-7.3909	26.018	0
-7.3683	26.02	0
-7.3458	26.022	0
-7.3233	26.024	0
-7.3008	26.026	0
-7.2782	26.028	0
-7.2557	26.03	0
-7.2332	26.032	0
-7.2107	26.034	0
-7.1882	26.036	0
-7.1657	26.038	0
-7.1432	26.04	0
-7.1207	26.042	0
-7.0982	26.044	0
-7.0757	26.045	0
-7.0532	26.047	0
-7.0307	26.049	0
-7.0082	26.051	0
-6.9857	26.053	0
-6.9632	26.054	0
-6.9408	26.056	0
-6.9183	26.058	0
-6.8958	26.059	0
-6.8733	26.061	0
-6.8509	26.063	0
-6.8284	26.064	0
-6.8059	26.066	0
-6.7834	26.068	0
-6.761	26.069	0
-6.7385	26.071	0
-6.7161	26.072	0
-6.6936	26.074	0
-6.6711	26.075	0
-6.6487	26.077	0
-6.6262	26.078	0
-6.6038	26.079	0
-6.5813	26.081	0
-6.5589	26.082	0
-6.5364	26.084	0
-6.514	26.085	0
-6.4915	26.086	0
-6.4691	26.087	0
-6.4466	26.089	0
-6.4242	26.09	0
-6.4018	26.091	0
-6.3793	26.092	0
-6.3569	26.094	0
-6.3344	26.095	0
-6.312	26.096	0
-6.2896	26.097	0
-6.2671	26.098	0
-6.2447	26.099	0
-6.2222	26.1	0
-6.1998	26.102	0
-6.1774	26.103	0
-6.1549	26.104	0
-6.1325	26.105	0
-6.11	26.106	0
-6.0876	26.107	0
-6.0652	26.108	0
-6.0427	26.108	0
-6.0203	26.109	0
-5.9978	26.11	0
-5.9754	26.111	0
-5.9529	26.112	0
-5.9305	26.113	0
-5.908	26.114	0
-5.8856	26.114	0
-5.8631	26.115	0
-5.8407	26.116	0
-5.8182	26.117	0
-5.7957	26.117	0
-5.7733	26.118	0
-5.7508	26.119	0
-5.7283	26.119	0
-5.7059	26.12	0
-5.6834	26.121	0
-5.6609	26.121	0
-5.6384	26.122	0
-5.6159	26.122	0
-5.5934	26.123	0
-5.5709	26.123	0
-5.5484	26.124	0
-5.5259	26.124	0
-5.5034	26.125	0
-5.4809	26.125	0
-5.4584	26.126	0
-5.4358	26.126	0
-5.4133	26.127	0
-5.3908	26.127	0
-5.3682	26.127	0
-5.3456	26.128	0
-5.3231	26.128	0
-5.3005	26.128	0
-5.2779	26.129	0
-5.2553	26.129	0
-5.2327	26.129	0
-5.2101	26.129	0
-5.1875	26.129	0
-5.1649	26.13	0
-5.1423	26.13	0
-5.1196	26.13	0
-5.097	26.13	0
-5.0743	26.13	0
-5.0516	26.13	0
-5.0289	26.13	0
-5.0062	26.13	0
-4.9835	26.13	0
-4.9608	26.13	0
-4.938	26.13	0
-4.9153	26.13	0
-4.8925	26.13	0
-4.8697	26.13	0
-4.8469	26.13	0
-4.8241	26.13	0
-4.8012	26.13	0
-4.7784	26.13	0
-4.7555	26.13	0
-4.7326	26.13	0
-4.7097	26.129	0
-4.6868	26.129	0
-4.6638	26.129	0
-4.6409	26.129	0
-4.6179	26.129	0
-4.5948	26.128	0
-4.5718	26.128	0
-4.5487	26.128	0
-4.5257	26.127	0
-4.5026	26.127	0
-4.4794	26.127	0
-4.4563	26.126	0
-4.4331	26.126	0
-4.4099	26.125	0
-4.3866	26.125	0
-4.3634	26.125	0
-4.3401	26.124	0
-4.3168	26.124	0
-4.2935	26.123	0
-4.2701	26.123	0
-4.2467	26.122	0
-4.2233	26.122	0
-4.1999	26.121	0
-4.1764	26.12	0
-4.153	26.12	0
-4.1294	26.119	0
-4.1059	26.119	0
-4.0823	26.118	0
-4.0588	26.117	0
-4.0351	26.117	0
-4.0115	26.116	0
-3.9878	26.115	0
-3.9641	26.114	0
-3.9404	26.114	0
-3.9166	26.113	0
-3.8929	26.112	0
-3.8691	26.111	0
-3.8452	26.11	0
-3.8214	26.11	0
-3.7975	26.109	0
-3.7735	26.108	0
-3.7496	26.107	0
-3.7256	26.106	0
-3.7016	26.105	0
-3.6776	26.104	0
-3.6535	26.103	0
-3.6294	26.102	0
-3.6053	26.101	0
-3.5811	26.1	0
-3.5569	26.099	0
-3.5327	26.098	0
-3.5085	26.097	0
-3.4842	26.096	0
-3.4599	26.095	0
-3.4356	26.094	0
-3.4112	26.093	0
-3.3868	26.092	0
-3.3624	26.091	0
-3.3379	26.089	0
-3.3134	26.088	0
-3.2889	26.087	0
-3.2643	26.086	0
-3.2397	26.085	0
-3.2151	26.083	0
-3.1905	26.082	0
-3.1658	26.081	0
-3.1411	26.079	0
-3.1163	26.078	0
-3.0916	26.077	0
-3.0668	26.076	0
-3.0419	26.074	0
-3.017	26.073	0
-2.9921	26.071	0
-2.9672	26.07	0
-2.9422	26.069	0
-2.9172	26.067	0
-2.8922	26.066	0
-2.8671	26.064	0
-2.842	26.063	0
-2.8169	26.061	0
-2.7917	26.06	0
-2.7665	26.058	0
-2.7413	26.057	0
-2.716	26.055	0
-2.6907	26.054	0
-2.6653	26.052	0
-2.64	26.051	0
-2.6146	26.049	0
-2.5892	26.047	0
-2.5637	26.046	0
-2.5382	26.044	0
-2.5127	26.042	0
-2.4871	26.041	0
-2.4615	26.039	0
-2.4359	26.037	0
-2.4102	26.036	0
-2.3845	26.034	0
-2.3588	26.032	0
-2.3331	26.03	0
-2.3073	26.029	0
-2.2815	26.027	0
-2.2556	26.025	0
-2.2298	26.023	0
-2.2039	26.022	0
-2.1779	26.02	0
-2.152	26.018	0
-2.126	26.016	0
-2.1	26.014	0
-2.0739	26.012	0
-2.0478	26.01	0
-2.0217	26.008	0
-1.9956	26.006	0
-1.9695	26.005	0
-1.9433	26.003	0
-1.9171	26.001	0
-1.8909	25.999	0
-1.8646	25.997	0
-1.8384	25.995	0
-1.8121	25.993	0
-1.7858	25.991	0
-1.7595	25.989	0
-1.7331	25.987	0
-1.7068	25.985	0
-1.6804	25.982	0
-1.654	25.98	0
-1.6276	25.978	0
-1.6012	25.976	0
-1.5748	25.974	0
-1.5484	25.972	0
-1.522	25.97	0
-1.4955	25.968	0
-1.4691	25.966	0
-1.4426	25.963	0
-1.4162	25.961	0
-1.3897	25.959	0
-1.3633	25.957	0
-1.3369	25.955	0
-1.3105	25.952	0
-1.284	25.95	0
-1.2576	25.948	0
-1.2313	25.946	0
-1.2049	25.943	0
-1.1786	25.941	0
-1.1522	25.939	0
-1.126	25.937	0
-1.0997	25.934	0
-1.0735	25.932	0
-1.0473	25.93	0
-1.0212	25.927	0
-0.99508	25.925	0
-0.96904	25.923	0
-0.94306	25.921	0
-0.91713	25.918	0
-0.89127	25.916	0
-0.86548	25.913	0
-0.83976	25.911	0
-0.81413	25.909	0
-0.78857	25.906	0
-0.76304	25.904	0
-0.73751	25.902	0
-0.71191	25.899	0
-0.68621	25.897	0
-0.66035	25.894	0
-0.63427	25.892	0
-0.60791	25.889	0
-0.5812	25.887	0
-0.55409	25.884	0
-0.5265	25.882	0
-0.49835	25.879	0
-0.46956	25.876	0
-0.44007	25.873	0
-0.40976	25.87	0
-0.37857	25.867	0
-0.34638	25.864	0
-0.3131	25.861	0
-0.27863	25.857	0
-0.24286	25.854	0
-0.20568	25.85	0
-0.16697	25.847	0
-0.12661	25.843	0
-0.084499	25.839	0
-0.040504	25.835	0
0.0054914	25.831	0
0.053604	25.827	0
0.10395	25.823	0
0.15664	25.818	0
0.21177	25.814	0
0.26945	25.81	0
0.32975	25.805	0
0.39274	25.801	0
0.45848	25.796	0
0.52701	25.792	0
0.59834	25.788	0
0.67247	25.784	0
0.74936	25.78	0
0.82896	25.777	0
0.91118	25.774	0
0.9959	25.771	0
1.0828	25.769	0
1.1717	25.767	0
1.2623	25.766	0
1.3541	25.766	0
1.4469	25.766	0
1.5404	25.767	0
1.6342	25.768	0
1.728	25.77	0
1.8215	25.773	0
1.9144	25.777	0
2.0065	25.781	0
2.0974	25.785	0
2.187	25.791	0
2.2751	25.796	0
2.3616	25.802	0
2.4462	25.809	0
2.5288	25.816	0
2.6095	25.823	0
2.6881	25.831	0
2.7645	25.838	0
2.8387	25.846	0
2.9108	25.854	0
2.9807	25.862	0
3.0485	25.871	0
3.1141	25.879	0
3.1776	25.887	0
3.239	25.895	0
3.2984	25.903	0
3.3559	25.912	0
3.4114	25.92	0
3.4651	25.927	0
3.5169	25.935	0
3.567	25.943	0
3.6154	25.951	0
3.6621	25.958	0
3.7073	25.965	0
3.7509	25.972	0
3.793	25.979	0
3.8337	25.986	0
3.873	25.993	0
3.911	25.999	0
3.9478	26.006	0
3.9835	26.012	0
4.0181	26.018	0
4.0517	26.024	0
4.0844	26.03	0
4.1163	26.035	0
4.1473	26.041	0
4.1775	26.046	0
4.2071	26.051	0
4.2359	26.057	0
4.2642	26.062	0
4.2918	26.067	0
4.3189	26.071	0
4.3455	26.076	0
4.3716	26.081	0
4.3972	26.086	0
4.4224	26.09	0
4.4472	26.095	0
4.4716	26.099	0
4.4957	26.103	0
4.5194	26.108	0
4.5428	26.112	0
4.5659	26.116	0
4.5888	26.12	0
4.6113	26.124	0
4.6337	26.128	0
4.6558	26.132	0
4.6776	26.136	0
4.6993	26.14	0
4.7208	26.144	0
4.742	26.147	0
4.7631	26.151	0
4.7841	26.155	0
4.8049	26.159	0
4.8255	26.162	0
4.846	26.166	0
4.8664	26.169	0
4.8867	26.173	0
4.9068	26.176	0
4.9268	26.18	0
4.9468	26.183	0
4.9666	26.187	0
4.9864	26.19	0
5.006	26.193	0
5.0256	26.197	0
5.0451	26.2	0
5.0645	26.203	0
5.0839	26.206	0
5.1032	26.21	0
5.1224	26.213	0
5.1416	26.216	0
5.1607	26.219	0
5.1798	26.222	0
5.1988	26.225	0
5.2178	26.228	0
5.2367	26.231	0
5.2556	26.234	0
5.2745	26.237	0
5.2934	26.24	0
5.3122	26.243	0
5.3309	26.246	0
5.3497	26.249	0
5.3684	26.252	0
5.3871	26.255	0
5.4058	26.258	0
5.4245	26.261	0
5.4431	26.264	0
5.4617	26.266	0
5.4803	26.269	0
5.4989	26.272	0
5.5175	26.275	0
5.5361	26.278	0
5.5547	26.28	0
5.5732	26.283	0
5.5918	26.286	0
5.6103	26.288	0
5.6289	26.291	0
5.6474	26.294	0
5.6659	26.296	0
5.6845	26.299	0
5.703	26.302	0
5.7215	26.304	0
5.74	26.307	0
5.7586	26.309	0
5.7771	26.312	0
5.7956	26.314	0
5.8142	26.317	0
5.8327	26.319	0
5.8512	26.322	0
5.8698	26.324	0
5.8883	26.327	0
5.9069	26.329	0
5.9254	26.332	0
5.944	26.334	0
5.9626	26.336	0
5.9812	26.339	0
5.9997	26.341	0
6.0183	26.344	0
6.0369	26.346	0
6.0556	26.348	0
6.0742	26.35	0
6.0928	26.353	0
6.1115	26.355	0
6.1301	26.357	0
6.1488	26.36	0
6.1675	26.362	0
6.1862	26.364	0
6.2049	26.366	0
6.2236	26.368	0
6.2423	26.371	0
6.261	26.373	0
6.2798	26.375	0
6.2985	26.377	0
6.3173	26.379	0
6.3361	26.381	0
6.3549	26.383	0
6.3737	26.385	0
6.3925	26.387	0
6.4114	26.389	0
6.4302	26.391	0
6.4491	26.393	0
6.468	26.395	0
6.4869	26.397	0
6.5058	26.399	0
6.5247	26.401	0
6.5436	26.403	0
6.5626	26.405	0
6.5816	26.407	0
6.6005	26.409	0
6.6195	26.411	0
6.6385	26.413	0
6.6576	26.415	0
6.6766	26.416	0
6.6957	26.418	0
6.7147	26.42	0
6.7338	26.422	0
6.7529	26.424	0
6.7721	26.425	0
6.7912	26.427	0
6.8103	26.429	0
6.8295	26.431	0
6.8487	26.432	0
6.8679	26.434	0
6.8871	26.436	0
6.9063	26.437	0
6.9256	26.439	0
6.9448	26.441	0
6.9641	26.442	0
6.9834	26.444	0
7.0027	26.445	0
7.022	26.447	0
7.0414	26.449	0
7.0607	26.45	0
7.0801	26.452	0
7.0995	26.453	0
7.1189	26.455	0
7.1383	26.456	0
7.1577	26.458	0
7.1772	26.459	0
7.1966	26.46	0
7.2161	26.462	0
7.2356	26.463	0
7.2551	26.465	0
7.2746	26.466	0
7.2942	26.467	0
7.3137	26.469	0
7.3333	26.47	0
7.3529	26.471	0
7.3725	26.473	0
7.3921	26.474	0
7.4117	26.475	0
7.4313	26.477	0
7.451	26.478	0
7.4706	26.479	0
7.4903	26.48	0
7.51	26.481	0
7.5297	26.483	0
7.5494	26.484	0
7.5691	26.485	0
7.5889	26.486	0
7.6086	26.487	0
7.6284	26.488	0
7.6482	26.49	0
7.668	26.491	0
7.6878	26.492	0
7.7076	26.493	0
7.7275	26.494	0
7.7473	26.495	0
7.7672	26.496	0
7.787	26.497	0
7.8069	26.498	0
7.8268	26.499	0
7.8467	26.5	0
7.8667	26.501	0
7.8866	26.502	0
7.9065	26.502	0
7.9265	26.503	0
7.9465	26.504	0
7.9665	26.505	0
7.9865	26.506	0
8.0065	26.507	0
8.0265	26.508	0
8.0465	26.508	0
8.0666	26.509	0
8.0866	26.51	0
8.1067	26.511	0
8.1267	26.511	0
8.1468	26.512	0
8.1669	26.513	0
8.187	26.514	0
8.2072	26.514	0
8.2273	26.515	0
8.2474	26.516	0
8.2676	26.516	0
8.2878	26.517	0
8.3079	26.518	0
8.3281	26.518	0
8.3483	26.519	0
8.3685	26.519	0
8.3888	26.52	0
8.409	26.52	0
8.4292	26.521	0
8.4495	26.521	0
8.4697	26.522	0
8.49	26.522	0
8.5103	26.523	0
8.5306	26.523	0
8.5509	26.524	0
8.5712	26.524	0
8.5915	26.525	0
8.6118	26.525	0
8.6322	26.525	0
8.6525	26.526	0
8.6729	26.526	0
8.6933	26.526	0
8.7136	26.527	0
8.734	26.527	0
8.7544	26.527	0
8.7748	26.528	0
8.7953	26.528	0
8.8157	26.528	0
8.8361	26.528	0
8.8566	26.528	0
8.877	26.529	0
8.8975	26.529	0
8.9179	26.529	0
8.9384	26.529	0
8.9589	26.529	0
8.9794	26.529	0
8.9999	26.53	0
9.0204	26.53	0
9.041	26.53	0
9.0615	26.53	0
9.082	26.53	0
9.1026	26.53	0
9.1231	26.53	0
9.1437	26.53	0
9.1643	26.53	0
9.1849	26.53	0
9.2054	26.53	0
9.226	26.53	0
9.2466	26.53	0
9.2673	26.53	0
9.2879	26.53	0
9.3085	26.529	0
9.3291	26.529	0
9.3498	26.529	0
9.3704	26.529	0
9.3911	26.529	0
9.4118	26.529	0
9.4324	26.528	0
9.4531	26.528	0
9.4738	26.528	0
9.4945	26.528	0
9.5152	26.528	0
9.5359	26.527	0
9.5566	26.527	0
9.5774	26.527	0
9.5981	26.526	0
9.6188	26.526	0
9.6396	26.526	0
9.6603	26.525	0
9.6811	26.525	0
9.7018	26.525	0
9.7226	26.524	0
9.7434	26.524	0
9.7642	26.523	0
9.785	26.523	0
9.8058	26.522	0
9.8266	26.522	0
9.8474	26.522	0
9.8682	26.521	0
9.889	26.521	0
9.9098	26.52	0
9.9307	26.519	0
9.9515	26.519	0
9.9723	26.518	0
9.9932	26.518	0
10.014	26.517	0
10.035	26.517	0
10.056	26.516	0
10.077	26.515	0
10.098	26.515	0
10.118	26.514	0
10.139	26.513	0
10.16	26.513	0
10.181	26.512	0
10.202	26.511	0
10.223	26.51	0
10.244	26.51	0
10.265	26.509	0
10.286	26.508	0
10.307	26.507	0
10.327	26.507	0
10.348	26.506	0
10.369	26.505	0
10.39	26.504	0
10.411	26.503	0
10.432	26.502	0
10.453	26.501	0
10.474	26.501	0
10.495	26.5	0
10.516	26.499	0
10.537	26.498	0
10.558	26.497	0
10.579	26.496	0
10.6	26.495	0
10.621	26.494	0
10.641	26.493	0
10.662	26.492	0
10.683	26.491	0
10.704	26.49	0
10.725	26.489	0
10.746	26.488	0
10.767	26.486	0
10.788	26.485	0
10.809	26.484	0
10.83	26.483	0
10.851	26.482	0
10.872	26.481	0
10.892	26.48	0
10.913	26.478	0
10.934	26.477	0
10.955	26.476	0
10.976	26.475	0
10.997	26.474	0
11.018	26.472	0
11.039	26.471	0
11.06	26.47	0
11.08	26.468	0
11.101	26.467	0
11.122	26.466	0
11.143	26.464	0
11.164	26.463	0
11.185	26.462	0
11.206	26.46	0
11.227	26.459	0
11.247	26.458	0
11.268	26.456	0
11.289	26.455	0
11.31	26.453	0
11.331	26.452	0
11.351	26.45	0
11.372	26.449	0
11.393	26.447	0
11.414	26.446	0
11.435	26.444	0
11.456	26.443	0
11.476	26.441	0
11.497	26.44	0
11.518	26.438	0
11.539	26.436	0
11.559	26.435	0
11.58	26.433	0
11.601	26.431	0
11.622	26.43	0
11.642	26.428	0
11.663	26.426	0
11.684	26.425	0
11.705	26.423	0
11.725	26.421	0
11.746	26.419	0
11.767	26.418	0
11.788	26.416	0
11.808	26.414	0
11.829	26.412	0
11.85	26.41	0
11.87	26.409	0
11.891	26.407	0
11.912	26.405	0
11.933	26.403	0
11.953	26.401	0
11.974	26.399	0
11.995	26.397	0
12.015	26.395	0
12.036	26.393	0
12.057	26.391	0
12.077	26.389	0
12.098	26.387	0
12.119	26.385	0
12.139	26.383	0
12.16	26.381	0
12.181	26.379	0
12.201	26.377	0
12.222	26.375	0
12.243	26.372	0
12.263	26.37	0
12.284	26.368	0
12.305	26.366	0
12.325	26.364	0
12.346	26.362	0
12.366	26.359	0
12.387	26.357	0
12.408	26.355	0
12.428	26.352	0
12.449	26.35	0
12.47	26.348	0
12.49	26.345	0
12.511	26.343	0
12.531	26.341	0
12.552	26.338	0
12.573	26.336	0
12.593	26.333	0
12.614	26.331	0
12.634	26.329	0
12.655	26.326	0
12.676	26.324	0
12.696	26.321	0
12.717	26.318	0
12.738	26.316	0
12.758	26.313	0
12.779	26.311	0
12.799	26.308	0
12.82	26.305	0
12.841	26.303	0
12.861	26.3	0
12.882	26.297	0
12.902	26.295	0
12.923	26.292	0
12.944	26.289	0
12.964	26.286	0
12.985	26.284	0
13.006	26.281	0
13.026	26.278	0
13.047	26.275	0
13.068	26.272	0
13.088	26.269	0
13.109	26.266	0
13.129	26.263	0
13.15	26.261	0
13.171	26.258	0
13.191	26.255	0
13.212	26.251	0
13.233	26.248	0
13.253	26.245	0
13.274	26.242	0
13.295	26.239	0
13.315	26.236	0
13.336	26.233	0
13.357	26.23	0
13.377	26.226	0
13.398	26.223	0
13.419	26.22	0
13.44	26.217	0
13.46	26.213	0
13.481	26.21	0
13.502	26.207	0
13.523	26.203	0
13.543	26.2	0
13.564	26.197	0
13.585	26.193	0
13.606	26.19	0
13.626	26.186	0
13.647	26.183	0
13.668	26.179	0
13.689	26.176	0
13.71	26.172	0
13.731	26.168	0
13.751	26.165	0
13.772	26.161	0
13.793	26.157	0
13.814	26.154	0
13.835	26.15	0
13.856	26.146	0
13.877	26.143	0
13.898	26.139	0
13.919	26.135	0
13.94	26.131	0
13.961	26.127	0
13.982	26.123	0
14.003	26.119	0
14.024	26.115	0
14.045	26.111	0
14.066	26.107	0
14.087	26.103	0
14.108	26.099	0
14.129	26.095	0
14.15	26.091	0
14.171	26.087	0
14.192	26.083	0
14.214	26.078	0
14.235	26.074	0
14.256	26.07	0
14.277	26.066	0
14.298	26.061	0
14.319	26.057	0
14.341	26.053	0
14.362	26.048	0
14.383	26.044	0
14.404	26.039	0
14.426	26.035	0
14.447	26.03	0
14.468	26.026	0
14.49	26.021	0
14.511	26.017	0
14.532	26.012	0
14.554	26.008	0
14.575	26.003	0
14.596	25.998	0
14.618	25.994	0
14.639	25.989	0
14.661	25.984	0
14.682	25.979	0
14.704	25.974	0
14.725	25.97	0
14.746	25.965	0
14.768	25.96	0
14.789	25.955	0
14.811	25.95	0
14.832	25.945	0
14.854	25.94	0
14.876	25.935	0
14.897	25.93	0
14.919	25.925	0
14.94	25.92	0
14.962	25.915	0
14.983	25.909	0
15.005	25.904	0
15.027	25.899	0
15.048	25.894	0
15.07	25.889	0
15.092	25.883	0
15.113	25.878	0
15.135	25.873	0
15.156	25.867	0
15.178	25.862	0
15.2	25.857	0
15.222	25.851	0
15.243	25.846	0
15.265	25.84	0
15.287	25.835	0
15.308	25.829	0
15.33	25.824	0
15.352	25.818	0
15.374	25.813	0
15.395	25.807	0
15.417	25.801	0
15.439	25.796	0
15.461	25.79	0
15.482	25.784	0
15.504	25.778	0
15.526	25.773	0
15.548	25.767	0
15.57	25.761	0
15.591	25.755	0
15.613	25.749	0
15.635	25.743	0
15.657	25.737	0
15.679	25.731	0
15.7	25.726	0
15.722	25.72	0
15.744	25.714	0
15.766	25.707	0
15.788	25.701	0
15.81	25.695	0
15.832	25.689	0
15.854	25.683	0
15.875	25.677	0
15.897	25.671	0
15.919	25.664	0
15.941	25.658	0
15.963	25.652	0
15.985	25.646	0
16.007	25.639	0
16.029	25.633	0
16.051	25.627	0
16.073	25.62	0
16.095	25.614	0
16.117	25.607	0
16.139	25.601	0
16.16	25.595	0
16.182	25.588	0
16.204	25.581	0
16.226	25.575	0
16.248	25.568	0
16.27	25.562	0
16.292	25.555	0
16.314	25.548	0
16.336	25.542	0
16.358	25.535	0
16.38	25.528	0
16.402	25.522	0
16.424	25.515	0
16.446	25.508	0
16.468	25.501	0
16.49	25.494	0
16.512	25.488	0
16.534	25.481	0
16.556	25.474	0
16.578	25.467	0
16.6	25.46	0
16.623	25.453	0
16.645	25.446	0
16.667	25.439	0
16.689	25.432	0
16.711	25.425	0
16.733	25.417	0
16.755	25.41	0
16.777	25.403	0
16.799	25.396	0
16.821	25.389	0
16.843	25.382	0
16.865	25.374	0
16.887	25.367	0
16.909	25.36	0
16.932	25.352	0
16.954	25.345	0
16.976	25.338	0
16.998	25.33	0
17.02	25.323	0
17.042	25.315	0
17.064	25.308	0
17.086	25.3	0
17.108	25.293	0
17.13	25.285	0
17.153	25.278	0
17.175	25.27	0
17.197	25.263	0
17.219	25.255	0
17.241	25.247	0
17.263	25.24	0
17.285	25.232	0
17.308	25.224	0
17.33	25.216	0
17.352	25.209	0
17.374	25.201	0
17.396	25.193	0
17.418	25.185	0
17.44	25.177	0
17.463	25.169	0
17.485	25.161	0
17.507	25.153	0
17.529	25.145	0
17.551	25.137	0
17.573	25.129	0
17.595	25.121	0
17.618	25.113	0
17.64	25.105	0
17.662	25.097	0
17.684	25.089	0
17.706	25.081	0
17.728	25.072	0
17.751	25.064	0
17.773	25.056	0
17.795	25.048	0
17.817	25.039	0
17.839	25.031	0
17.861	25.023	0
17.884	25.014	0
17.906	25.006	0
17.928	24.998	0
17.95	24.989	0
17.972	24.981	0
17.995	24.972	0
18.017	24.964	0
18.039	24.955	0
18.061	24.947	0
18.083	24.938	0
18.105	24.929	0
18.128	24.921	0
18.15	24.912	0
18.172	24.904	0
18.194	24.895	0
18.216	24.886	0
18.238	24.877	0
18.261	24.869	0
18.283	24.86	0
18.305	24.851	0
18.327	24.842	0
18.349	24.833	0
18.372	24.824	0
18.394	24.816	0
18.416	24.807	0
18.438	24.798	0
18.46	24.789	0
18.482	24.78	0
18.505	24.771	0
18.527	24.762	0
18.549	24.753	0
18.571	24.743	0
18.593	24.734	0
18.615	24.725	0
18.638	24.716	0
18.66	24.707	0
18.682	24.698	0
18.704	24.688	0
18.726	24.679	0
18.748	24.67	0
18.771	24.661	0
18.793	24.651	0
18.815	24.642	0
18.837	24.633	0
18.859	24.623	0
18.881	24.614	0
18.904	24.604	0
18.926	24.595	0
18.948	24.585	0
