Time(s)	Extension(mm)	Load(N)
0.001	0.000	-0.001
0.018	0.000	-0.000
0.037	0.000	-0.001
0.084	0.000	-0.000
0.134	0.000	-0.001
0.185	0.000	-0.001
0.233	0.000	-0.001
0.283	0.000	-0.001
0.333	0.000	-0.001
0.383	0.000	-0.001
0.435	0.000	-0.001
0.484	0.000	-0.001
0.535	0.000	-0.001
0.585	0.000	-0.000
0.633	0.000	-0.000
0.684	0.000	-0.000
0.734	0.000	-0.001
0.785	0.000	-0.000
0.835	0.000	-0.000
0.887	0.000	-0.001
0.935	0.000	-0.000
0.984	0.000	-0.000
1.034	0.000	-0.000
1.085	0.000	-0.001
1.137	0.000	-0.000
1.186	0.000	-0.001
1.237	0.000	-0.001
1.287	0.000	-0.001
1.338	-0.000	-0.001
1.403	-0.000	-0.001
1.461	-0.010	-0.000
1.503	-0.010	-0.000
1.552	-0.010	-0.000
1.605	-0.020	-0.000
1.652	-0.020	-0.001
1.702	-0.020	-0.000
1.753	-0.030	0.000
1.803	-0.030	-0.001
1.855	-0.030	-0.001
1.905	-0.030	-0.001
1.955	-0.040	-0.001
2.003	-0.040	-0.000
2.062	-0.040	-0.000
2.103	-0.050	-0.001
2.160	-0.050	-0.001
2.203	-0.050	0.000
2.245	-0.060	0.000
2.300	-0.060	0.000
2.342	-0.060	-0.001
2.403	-0.070	-0.001
2.453	-0.070	-0.001
2.505	-0.070	-0.000
2.560	-0.080	0.000
2.603	-0.080	-0.001
2.654	-0.080	-0.001
2.701	-0.080	-0.001
2.752	-0.090	-0.001
2.802	-0.090	0.000
2.851	-0.090	0.000
2.893	-0.100	-0.001
2.961	-0.100	-0.001
3.003	-0.100	-0.001
3.055	-0.110	0.000
3.094	-0.110	0.000
3.145	-0.110	-0.000
3.203	-0.120	-0.000
3.255	-0.120	-0.001
3.302	-0.120	-0.001
3.351	-0.130	0.000
3.401	-0.130	0.000
3.441	-0.130	-0.001
3.501	-0.130	-0.001
3.552	-0.140	-0.000
3.603	-0.140	-0.000
3.655	-0.140	-0.000
3.705	-0.150	-0.000
3.756	-0.150	-0.001
3.803	-0.150	-0.001
3.862	-0.160	0.000
3.901	-0.160	-0.000
3.953	-0.160	0.000
4.001	-0.170	-0.001
4.055	-0.170	-0.001
4.107	-0.170	-0.001
4.153	-0.180	0.000
4.202	-0.180	-0.000
4.252	-0.180	0.000
4.301	-0.180	-0.001
4.352	-0.190	-0.003
4.406	-0.190	-0.005
4.452	-0.190	-0.006
4.502	-0.200	-0.009
4.554	-0.200	-0.011
4.603	-0.200	-0.013
4.654	-0.210	-0.015
4.707	-0.210	-0.016
4.756	-0.210	-0.017
4.807	-0.220	-0.019
4.857	-0.220	-0.020
4.903	-0.220	-0.022
4.952	-0.230	-0.023
5.008	-0.230	-0.024
5.054	-0.230	-0.025
5.105	-0.230	-0.027
5.154	-0.240	-0.027
5.213	-0.240	-0.029
5.255	-0.240	-0.030
5.304	-0.250	-0.031
5.356	-0.250	-0.032
5.410	-0.250	-0.033
5.453	-0.260	-0.034
5.502	-0.260	-0.035
5.553	-0.260	-0.037
5.603	-0.270	-0.038
5.661	-0.270	-0.039
5.703	-0.270	-0.040
5.754	-0.280	-0.041
5.805	-0.280	-0.042
5.855	-0.280	-0.043
5.905	-0.280	-0.045
5.956	-0.290	-0.046
6.006	-0.290	-0.047
6.055	-0.290	-0.048
6.110	-0.300	-0.049
6.153	-0.300	-0.050
6.202	-0.300	-0.052
6.253	-0.310	-0.053
6.302	-0.310	-0.054
6.354	-0.310	-0.055
6.403	-0.320	-0.057
6.454	-0.320	-0.060
6.506	-0.320	-0.063
6.564	-0.330	-0.066
6.605	-0.330	-0.068
6.655	-0.330	-0.069
6.706	-0.330	-0.072
6.756	-0.340	-0.074
6.806	-0.340	-0.077
6.853	-0.340	-0.078
6.904	-0.350	-0.080
6.954	-0.350	-0.081
7.012	-0.350	-0.083
7.054	-0.360	-0.084
7.104	-0.360	-0.086
7.154	-0.360	-0.088
7.206	-0.370	-0.089
7.260	-0.370	-0.090
7.306	-0.370	-0.092
7.352	-0.380	-0.093
7.402	-0.380	-0.095
7.457	-0.380	-0.097
7.502	-0.380	-0.099
7.554	-0.390	-0.099
7.605	-0.390	-0.101
7.654	-0.390	-0.102
7.711	-0.400	-0.104
7.762	-0.400	-0.106
7.806	-0.400	-0.108
7.862	-0.410	-0.108
7.906	-0.410	-0.110
7.962	-0.410	-0.111
8.004	-0.420	-0.113
8.056	-0.420	-0.115
8.112	-0.420	-0.117
8.155	-0.430	-0.118
8.206	-0.430	-0.120
8.262	-0.430	-0.122
8.306	-0.430	-0.123
8.361	-0.440	-0.126
8.404	-0.440	-0.128
8.456	-0.440	-0.131
8.512	-0.450	-0.133
8.554	-0.450	-0.134
8.606	-0.450	-0.136
8.654	-0.460	-0.140
8.706	-0.460	-0.144
8.761	-0.460	-0.147
8.812	-0.470	-0.150
8.855	-0.470	-0.153
8.906	-0.470	-0.156
8.954	-0.480	-0.160
9.010	-0.480	-0.165
9.054	-0.480	-0.170
9.104	-0.480	-0.174
9.161	-0.490	-0.177
9.203	-0.490	-0.180
9.263	-0.490	-0.184
9.306	-0.500	-0.190
9.354	-0.500	-0.194
9.406	-0.500	-0.199
9.460	-0.510	-0.202
9.504	-0.510	-0.205
9.556	-0.510	-0.209
9.612	-0.520	-0.214
9.653	-0.520	-0.218
9.706	-0.520	-0.223
9.754	-0.530	-0.226
9.804	-0.530	-0.229
9.857	-0.530	-0.233
9.911	-0.530	-0.237
9.954	-0.540	-0.241
10.006	-0.540	-0.246
10.062	-0.540	-0.251
10.106	-0.550	-0.254
10.166	-0.550	-0.258
10.204	-0.550	-0.262
10.255	-0.560	-0.267
10.311	-0.560	-0.272
10.362	-0.560	-0.277
10.404	-0.570	-0.281
10.461	-0.570	-0.285
10.505	-0.570	-0.289
10.556	-0.580	-0.294
10.616	-0.580	-0.299
10.654	-0.580	-0.305
10.705	-0.580	-0.309
10.761	-0.590	-0.314
10.806	-0.590	-0.318
10.861	-0.590	-0.322
10.912	-0.600	-0.328
10.956	-0.600	-0.334
11.006	-0.600	-0.339
11.061	-0.610	-0.343
11.104	-0.610	-0.347
11.161	-0.610	-0.351
11.204	-0.620	-0.357
11.255	-0.620	-0.363
11.312	-0.620	-0.369
11.354	-0.630	-0.374
11.406	-0.630	-0.378
11.460	-0.630	-0.382
11.504	-0.630	-0.387
11.561	-0.640	-0.394
11.612	-0.640	-0.401
11.654	-0.640	-0.405
11.706	-0.650	-0.410
11.762	-0.650	-0.414
11.804	-0.650	-0.420
11.856	-0.660	-0.425
11.904	-0.660	-0.432
11.964	-0.660	-0.438
12.012	-0.670	-0.443
12.054	-0.670	-0.447
12.106	-0.670	-0.452
12.161	-0.680	-0.459
12.204	-0.680	-0.466
12.262	-0.680	-0.472
12.305	-0.680	-0.478
12.356	-0.690	-0.483
12.416	-0.690	-0.488
12.454	-0.690	-0.494
12.506	-0.700	-0.500
12.561	-0.700	-0.508
12.606	-0.700	-0.515
12.662	-0.710	-0.520
12.703	-0.710	-0.526
12.756	-0.710	-0.532
12.812	-0.720	-0.538
12.863	-0.720	-0.545
12.906	-0.720	-0.553
12.954	-0.730	-0.559
13.010	-0.730	-0.564
13.062	-0.730	-0.570
13.105	-0.730	-0.576
13.156	-0.740	-0.583
13.203	-0.740	-0.591
13.255	-0.740	-0.599
13.312	-0.750	-0.605
13.356	-0.750	-0.610
13.406	-0.750	-0.617
13.453	-0.760	-0.624
13.506	-0.760	-0.631
13.561	-0.760	-0.640
13.612	-0.770	-0.647
13.656	-0.770	-0.652
13.703	-0.770	-0.658
13.764	-0.780	-0.665
13.812	-0.780	-0.673
13.854	-0.780	-0.681
13.910	-0.780	-0.689
13.962	-0.790	-0.695
14.006	-0.790	-0.701
14.062	-0.790	-0.708
14.106	-0.800	-0.715
14.156	-0.800	-0.724
14.212	-0.800	-0.732
14.256	-0.810	-0.739
14.306	-0.810	-0.745
14.353	-0.810	-0.752
14.412	-0.820	-0.759
14.455	-0.820	-0.767
14.506	-0.820	-0.776
14.562	-0.830	-0.783
14.603	-0.830	-0.789
14.664	-0.830	-0.795
14.711	-0.830	-0.803
14.755	-0.840	-0.811
14.812	-0.840	-0.820
14.862	-0.840	-0.829
14.904	-0.850	-0.835
14.956	-0.850	-0.842
15.012	-0.850	-0.848
15.053	-0.860	-0.856
15.106	-0.860	-0.864
15.153	-0.860	-0.874
15.204	-0.870	-0.881
15.256	-0.870	-0.888
15.303	-0.870	-0.894
15.355	-0.880	-0.901
15.406	-0.880	-0.910
15.454	-0.880	-0.919
15.506	-0.880	-0.928
15.562	-0.890	-0.935
15.604	-0.890	-0.942
15.656	-0.890	-0.948
15.703	-0.900	-0.956
15.755	-0.900	-0.965
15.810	-0.900	-0.975
15.854	-0.910	-0.982
15.911	-0.910	-0.990
15.961	-0.910	-0.995
16.012	-0.920	-1.002
16.055	-0.920	-1.012
16.106	-0.920	-1.021
16.162	-0.930	-1.029
16.206	-0.930	-1.037
16.262	-0.930	-1.043
16.303	-0.930	-1.050
16.356	-0.940	-1.058
16.412	-0.940	-1.067
16.462	-0.940	-1.076
16.506	-0.950	-1.085
16.553	-0.950	-1.092
16.606	-0.950	-1.098
16.656	-0.960	-1.106
16.702	-0.960	-1.115
16.755	-0.960	-1.124
16.812	-0.970	-1.132
16.852	-0.970	-1.140
16.906	-0.970	-1.147
16.952	-0.980	-1.154
17.004	-0.980	-1.162
17.060	-0.980	-1.171
17.112	-0.980	-1.180
17.155	-0.990	-1.189
17.206	-0.990	-1.195
17.262	-0.990	-1.202
17.306	-1.000	-1.210
17.352	-1.000	-1.219
17.404	-1.000	-1.227
17.456	-1.010	-1.237
17.512	-1.010	-1.245
17.554	-1.010	-1.250
17.607	-1.020	-1.259
17.655	-1.020	-1.267
17.711	-1.020	-1.276
17.753	-1.030	-1.285
17.814	-1.030	-1.293
17.862	-1.030	-1.300
17.912	-1.030	-1.307
17.956	-1.040	-1.315
18.004	-1.040	-1.323
18.056	-1.040	-1.333
18.111	-1.050	-1.342
18.155	-1.050	-1.349
18.206	-1.050	-1.355
18.261	-1.060	-1.363
18.304	-1.060	-1.371
18.362	-1.060	-1.380
18.405	-1.070	-1.390
18.456	-1.070	-1.398
18.512	-1.070	-1.403
18.554	-1.080	-1.410
18.611	-1.080	-1.419
18.662	-1.080	-1.428
18.706	-1.080	-1.437
18.762	-1.090	-1.445
18.803	-1.090	-1.452
18.856	-1.090	-1.459
18.912	-1.100	-1.467
18.955	-1.100	-1.475
19.006	-1.100	-1.485
19.062	-1.110	-1.494
19.107	-1.110	-1.501
19.161	-1.110	-1.508
19.204	-1.120	-1.516
19.256	-1.120	-1.524
19.312	-1.120	-1.533
19.354	-1.130	-1.543
19.406	-1.130	-1.551
19.455	-1.130	-1.558
19.511	-1.130	-1.564
19.562	-1.140	-1.572
19.614	-1.140	-1.581
19.656	-1.140	-1.590
19.711	-1.150	-1.598
19.755	-1.150	-1.605
19.811	-1.150	-1.612
19.855	-1.160	-1.619
19.906	-1.160	-1.627
19.962	-1.160	-1.637
20.005	-1.170	-1.646
20.064	-1.170	-1.653
20.111	-1.170	-1.660
20.156	-1.180	-1.666
20.212	-1.180	-1.674
20.253	-1.180	-1.683
20.304	-1.180	-1.692
20.356	-1.190	-1.700
20.404	-1.190	-1.707
20.455	-1.190	-1.713
20.514	-1.200	-1.721
20.555	-1.200	-1.729
20.607	-1.200	-1.738
20.654	-1.210	-1.747
20.706	-1.210	-1.755
20.753	-1.210	-1.760
20.804	-1.220	-1.768
20.856	-1.220	-1.776
20.905	-1.220	-1.784
20.956	-1.230	-1.793
21.003	-1.230	-1.801
21.055	-1.230	-1.808
21.113	-1.230	-1.814
21.154	-1.240	-1.822
21.206	-1.240	-1.830
21.255	-1.240	-1.839
21.307	-1.250	-1.848
21.357	-1.250	-1.856
21.405	-1.250	-1.860
21.447	-1.150	-1.864
21.495	-1.030	-1.823
21.545	-0.900	-1.482
21.595	-0.750	-1.071
21.645	-0.580	-0.692
21.693	-0.400	-0.363
21.743	-0.220	-0.242
21.801	-0.040	-0.057
21.846	0.000	0.001
21.891	0.000	-0.005
21.937	0.000	-0.005
21.987	0.000	-0.004
22.034	0.000	-0.004
22.085	0.000	-0.004
22.139	0.000	-0.004
22.189	0.000	-0.004
22.237	0.000	-0.003
22.289	0.000	-0.003
22.339	0.000	-0.003
22.385	0.000	-0.003
22.435	0.000	-0.003
22.489	0.000	-0.003
22.540	0.000	-0.003
22.589	0.000	-0.003
22.639	0.000	-0.002
22.685	0.000	-0.002
22.737	0.000	-0.002
22.787	0.000	-0.002
22.835	0.000	-0.002
22.885	0.000	-0.002
22.939	0.000	-0.002
22.989	0.000	-0.002
23.035	0.000	-0.002
23.085	0.000	-0.002
23.137	0.000	-0.002
23.186	0.000	-0.002
23.236	0.000	-0.002
23.285	0.000	-0.002
23.335	0.000	-0.001
23.386	0.000	-0.002
23.436	0.000	-0.002
23.489	0.000	-0.002
23.539	0.000	-0.001
23.585	0.000	-0.001
23.638	0.000	-0.001
23.689	0.000	-0.001
23.739	0.000	-0.001
23.789	0.000	-0.001
23.836	0.000	-0.001
23.886	0.000	-0.001
23.937	0.000	-0.001
23.987	0.000	-0.001
24.036	0.000	-0.001
24.088	0.000	-0.001
24.137	0.000	-0.001
24.189	0.000	-0.001
24.239	0.000	-0.001
24.287	0.000	-0.001
24.337	0.000	-0.001
24.385	0.000	-0.001
24.435	0.000	-0.001
24.486	0.000	-0.001
24.539	0.000	-0.001
24.589	0.000	-0.001
24.639	0.000	-0.001
24.689	0.000	-0.001
24.737	0.000	-0.001
24.787	0.000	-0.001
24.839	0.000	-0.001
24.889	0.000	-0.001
24.935	0.000	-0.001
24.986	0.000	-0.001
25.036	0.000	-0.001
25.085	0.000	-0.001
25.135	0.000	-0.001
