Time(s)	Extension(mm)	Load(N)
0.001	0.000	0.001
0.018	0.000	0.001
0.037	0.000	0.001
0.087	0.000	0.001
0.138	0.000	0.001
0.190	0.000	0.001
0.236	0.000	0.001
0.290	0.000	0.001
0.338	0.000	0.001
0.387	0.000	0.001
0.437	0.000	0.001
0.487	0.000	0.001
0.539	0.000	0.001
0.590	0.000	0.001
0.640	0.000	0.001
0.688	0.000	0.001
0.737	0.000	0.001
0.788	0.000	0.001
0.837	0.000	0.001
0.888	0.000	0.001
0.938	0.000	0.001
0.990	0.000	0.001
1.040	0.000	0.001
1.087	0.000	0.001
1.137	0.000	0.001
1.187	0.000	0.001
1.238	0.000	0.001
1.287	0.000	0.001
1.338	0.000	0.001
1.388	0.000	0.001
1.436	0.000	0.001
1.486	0.000	0.001
1.537	0.000	0.001
1.588	0.000	0.001
1.638	0.000	0.001
1.688	0.000	0.001
1.737	0.000	0.001
1.786	0.000	0.001
1.836	0.000	0.001
1.886	0.000	0.001
1.936	0.000	0.001
1.988	0.000	0.001
2.038	0.000	0.001
2.088	0.000	0.001
2.136	0.000	0.001
2.185	0.000	0.001
2.235	0.000	0.001
2.286	0.000	0.001
2.337	0.000	0.001
2.388	0.000	0.001
2.437	0.000	0.001
2.486	0.000	0.001
2.536	0.000	0.001
2.585	0.000	0.001
2.635	0.000	0.001
2.687	0.000	0.001
2.736	0.000	0.001
2.787	0.000	0.001
2.837	0.000	0.001
2.885	0.000	0.001
2.936	0.000	0.001
2.985	0.000	0.001
3.036	0.000	0.001
3.086	0.000	0.001
3.136	0.000	0.001
3.186	0.000	0.001
3.239	0.000	0.001
3.290	0.000	0.001
3.343	-0.000	0.001
3.405	-0.000	0.001
3.456	-0.000	0.001
3.505	-0.010	0.001
3.556	-0.010	0.001
3.606	-0.010	0.001
3.658	-0.010	0.001
3.705	-0.010	0.001
3.757	-0.010	0.000
3.806	-0.020	0.001
3.863	-0.020	0.001
3.905	-0.020	0.001
3.955	-0.020	0.001
4.007	-0.020	0.001
4.054	-0.020	0.001
4.105	-0.030	0.001
4.155	-0.030	0.000
4.206	-0.030	0.001
4.263	-0.030	0.001
4.308	-0.030	0.001
4.355	-0.030	0.001
4.407	-0.040	0.001
4.458	-0.040	0.001
4.507	-0.040	0.001
4.558	-0.040	0.001
4.607	-0.040	0.001
4.658	-0.040	0.001
4.708	-0.050	0.001
4.759	-0.050	0.001
4.806	-0.050	0.001
4.855	-0.050	0.001
4.906	-0.050	0.001
4.958	-0.050	0.001
5.009	-0.060	0.000
5.058	-0.060	0.001
5.109	-0.060	0.001
5.156	-0.060	0.001
5.214	-0.060	0.001
5.256	-0.060	0.001
5.307	-0.070	0.001
5.358	-0.070	0.001
5.409	-0.070	0.001
5.459	-0.070	0.001
5.506	-0.070	0.001
5.557	-0.070	0.001
5.607	-0.080	0.001
5.658	-0.080	0.001
5.709	-0.080	0.001
5.759	-0.080	0.001
5.814	-0.080	0.001
5.857	-0.080	0.001
5.907	-0.090	0.001
5.957	-0.090	0.001
6.008	-0.090	0.001
6.055	-0.090	0.000
6.109	-0.090	0.001
6.155	-0.090	0.001
6.207	-0.100	0.001
6.258	-0.100	0.001
6.307	-0.100	0.001
6.358	-0.100	0.001
6.405	-0.100	0.001
6.457	-0.100	0.001
6.507	-0.110	0.001
6.558	-0.110	0.001
6.609	-0.110	0.000
6.658	-0.110	0.001
6.709	-0.110	0.001
6.756	-0.110	0.000
6.806	-0.120	0.001
6.856	-0.120	0.001
6.907	-0.120	0.001
6.959	-0.120	0.001
7.017	-0.120	0.001
7.059	-0.120	0.001
7.106	-0.130	0.001
7.157	-0.130	0.001
7.206	-0.130	0.001
7.257	-0.130	0.001
7.309	-0.130	0.001
7.359	-0.130	0.001
7.408	-0.140	0.001
7.464	-0.140	0.001
7.506	-0.140	0.001
7.556	-0.140	0.001
7.607	-0.140	0.001
7.658	-0.140	0.001
7.709	-0.150	0.001
7.757	-0.150	0.001
7.809	-0.150	0.000
7.856	-0.150	0.001
7.914	-0.150	0.001
7.955	-0.150	-0.000
8.007	-0.160	-0.001
8.058	-0.160	-0.002
8.108	-0.160	-0.003
8.159	-0.160	-0.003
8.209	-0.160	-0.004
8.263	-0.160	-0.004
8.309	-0.170	-0.005
8.356	-0.170	-0.006
8.407	-0.170	-0.006
8.457	-0.170	-0.007
8.508	-0.170	-0.007
8.558	-0.170	-0.007
8.609	-0.180	-0.008
8.659	-0.180	-0.008
8.714	-0.180	-0.008
8.757	-0.180	-0.009
8.815	-0.180	-0.009
8.857	-0.180	-0.010
8.907	-0.190	-0.010
8.958	-0.190	-0.010
9.008	-0.190	-0.011
9.059	-0.190	-0.012
9.106	-0.190	-0.012
9.157	-0.190	-0.012
9.207	-0.200	-0.013
9.266	-0.200	-0.013
9.308	-0.200	-0.013
9.358	-0.200	-0.014
9.409	-0.200	-0.015
9.457	-0.200	-0.015
9.507	-0.210	-0.016
9.557	-0.210	-0.016
9.608	-0.210	-0.016
9.658	-0.210	-0.017
9.716	-0.210	-0.017
9.757	-0.210	-0.018
9.809	-0.220	-0.019
9.863	-0.220	-0.019
9.909	-0.220	-0.019
9.955	-0.220	-0.020
10.009	-0.220	-0.020
10.056	-0.220	-0.021
10.105	-0.230	-0.021
10.157	-0.230	-0.022
10.207	-0.230	-0.022
10.257	-0.230	-0.023
10.308	-0.230	-0.023
10.357	-0.230	-0.023
10.408	-0.240	-0.024
10.457	-0.240	-0.024
10.509	-0.240	-0.024
10.555	-0.240	-0.025
10.609	-0.240	-0.025
10.655	-0.240	-0.025
10.710	-0.250	-0.026
10.756	-0.250	-0.026
10.805	-0.250	-0.027
10.856	-0.250	-0.027
10.907	-0.250	-0.028
10.958	-0.250	-0.029
11.007	-0.260	-0.029
11.066	-0.260	-0.030
11.107	-0.260	-0.030
11.157	-0.260	-0.031
11.208	-0.260	-0.032
11.259	-0.260	-0.032
11.305	-0.270	-0.033
11.359	-0.270	-0.034
11.405	-0.270	-0.034
11.455	-0.270	-0.035
11.509	-0.270	-0.035
11.555	-0.270	-0.035
11.607	-0.280	-0.036
11.657	-0.280	-0.037
11.707	-0.280	-0.037
11.757	-0.280	-0.038
11.807	-0.280	-0.038
11.858	-0.280	-0.039
11.907	-0.290	-0.040
11.959	-0.290	-0.041
12.014	-0.290	-0.041
12.059	-0.290	-0.041
12.113	-0.290	-0.042
12.159	-0.290	-0.042
12.214	-0.300	-0.042
12.259	-0.300	-0.043
12.305	-0.300	-0.043
12.357	-0.300	-0.044
12.415	-0.300	-0.045
12.457	-0.300	-0.046
12.506	-0.310	-0.046
12.557	-0.310	-0.047
12.607	-0.310	-0.048
12.657	-0.310	-0.048
12.709	-0.310	-0.048
12.759	-0.310	-0.049
12.809	-0.320	-0.049
12.867	-0.320	-0.050
12.909	-0.320	-0.051
12.958	-0.320	-0.051
13.009	-0.320	-0.052
13.055	-0.320	-0.053
13.106	-0.330	-0.054
13.155	-0.330	-0.054
13.207	-0.330	-0.055
13.256	-0.330	-0.055
13.313	-0.330	-0.056
13.356	-0.330	-0.056
13.407	-0.340	-0.057
13.457	-0.340	-0.057
13.507	-0.340	-0.058
13.557	-0.340	-0.059
13.607	-0.340	-0.059
13.658	-0.340	-0.061
13.707	-0.350	-0.061
13.759	-0.350	-0.062
13.805	-0.350	-0.062
13.859	-0.350	-0.063
13.909	-0.350	-0.064
13.959	-0.350	-0.064
14.014	-0.360	-0.064
14.059	-0.360	-0.065
14.105	-0.360	-0.066
14.157	-0.360	-0.067
14.215	-0.360	-0.068
14.257	-0.360	-0.069
14.306	-0.370	-0.070
14.357	-0.370	-0.070
14.407	-0.370	-0.071
14.457	-0.370	-0.071
14.509	-0.370	-0.072
14.556	-0.370	-0.072
14.605	-0.380	-0.073
14.659	-0.380	-0.074
14.705	-0.380	-0.075
14.763	-0.380	-0.076
14.806	-0.380	-0.077
14.857	-0.380	-0.078
14.908	-0.390	-0.080
14.957	-0.390	-0.081
15.009	-0.390	-0.082
15.058	-0.390	-0.083
15.117	-0.390	-0.085
15.158	-0.390	-0.085
15.209	-0.400	-0.087
15.256	-0.400	-0.088
15.305	-0.400	-0.089
15.356	-0.400	-0.091
15.405	-0.400	-0.093
15.457	-0.400	-0.095
15.506	-0.410	-0.096
15.557	-0.410	-0.098
15.608	-0.410	-0.100
15.657	-0.410	-0.100
15.708	-0.410	-0.102
15.758	-0.410	-0.103
15.813	-0.420	-0.104
15.865	-0.420	-0.106
15.909	-0.420	-0.107
15.957	-0.420	-0.109
16.016	-0.420	-0.111
16.059	-0.420	-0.113
16.114	-0.430	-0.115
16.157	-0.430	-0.116
16.209	-0.430	-0.118
16.264	-0.430	-0.119
16.309	-0.430	-0.121
16.365	-0.430	-0.122
16.407	-0.440	-0.123
16.466	-0.440	-0.125
16.514	-0.440	-0.127
16.565	-0.440	-0.129
16.608	-0.440	-0.131
16.665	-0.440	-0.133
16.708	-0.450	-0.136
16.759	-0.450	-0.138
16.815	-0.450	-0.139
16.857	-0.450	-0.141
16.917	-0.450	-0.143
16.964	-0.450	-0.144
17.008	-0.460	-0.146
17.064	-0.460	-0.148
17.115	-0.460	-0.151
17.158	-0.460	-0.154
17.209	-0.460	-0.157
17.257	-0.460	-0.160
17.308	-0.470	-0.163
17.364	-0.470	-0.166
17.407	-0.470	-0.169
17.458	-0.470	-0.171
17.514	-0.470	-0.173
17.556	-0.470	-0.175
17.609	-0.480	-0.178
17.659	-0.480	-0.180
17.715	-0.480	-0.183
17.759	-0.480	-0.186
17.813	-0.480	-0.189
17.857	-0.480	-0.193
17.908	-0.490	-0.196
17.964	-0.490	-0.200
18.015	-0.490	-0.203
18.058	-0.490	-0.206
18.115	-0.490	-0.209
18.159	-0.490	-0.211
18.209	-0.500	-0.214
18.269	-0.500	-0.217
18.307	-0.500	-0.220
18.358	-0.500	-0.224
18.414	-0.500	-0.228
18.458	-0.500	-0.232
18.514	-0.510	-0.236
18.564	-0.510	-0.240
18.608	-0.510	-0.244
18.659	-0.510	-0.247
18.719	-0.510	-0.249
18.757	-0.510	-0.253
18.813	-0.520	-0.255
18.857	-0.520	-0.258
18.907	-0.520	-0.262
18.959	-0.520	-0.266
19.014	-0.520	-0.270
19.058	-0.520	-0.274
19.109	-0.530	-0.279
19.165	-0.530	-0.283
19.209	-0.530	-0.286
19.263	-0.530	-0.290
19.307	-0.530	-0.293
19.358	-0.530	-0.296
19.413	-0.540	-0.298
19.464	-0.540	-0.302
19.508	-0.540	-0.305
19.564	-0.540	-0.310
19.615	-0.540	-0.314
19.659	-0.540	-0.319
19.713	-0.550	-0.323
19.757	-0.550	-0.328
19.808	-0.550	-0.331
19.863	-0.550	-0.334
19.908	-0.550	-0.337
19.964	-0.550	-0.340
20.015	-0.560	-0.343
20.066	-0.560	-0.346
20.109	-0.560	-0.350
20.163	-0.560	-0.355
20.207	-0.560	-0.359
20.263	-0.560	-0.364
20.307	-0.570	-0.369
20.357	-0.570	-0.373
20.413	-0.570	-0.378
20.465	-0.570	-0.381
20.515	-0.570	-0.384
20.559	-0.570	-0.387
20.607	-0.580	-0.391
20.659	-0.580	-0.395
20.709	-0.580	-0.399
20.756	-0.580	-0.404
20.807	-0.580	-0.409
20.863	-0.580	-0.415
20.915	-0.590	-0.420
20.959	-0.590	-0.425
21.014	-0.590	-0.429
21.057	-0.590	-0.433
21.108	-0.590	-0.436
21.159	-0.590	-0.440
21.215	-0.600	-0.444
21.257	-0.600	-0.448
21.309	-0.600	-0.453
21.357	-0.600	-0.458
21.417	-0.600	-0.463
21.464	-0.600	-0.469
21.507	-0.610	-0.474
21.559	-0.610	-0.479
21.609	-0.610	-0.484
21.657	-0.610	-0.488
21.709	-0.610	-0.492
21.757	-0.610	-0.496
21.807	-0.620	-0.500
21.867	-0.620	-0.504
21.914	-0.620	-0.509
21.957	-0.620	-0.515
22.009	-0.620	-0.520
22.066	-0.620	-0.526
22.109	-0.630	-0.532
22.160	-0.630	-0.537
22.216	-0.630	-0.542
22.259	-0.630	-0.546
22.318	-0.630	-0.550
22.365	-0.630	-0.554
22.410	-0.640	-0.558
22.465	-0.640	-0.562
22.516	-0.640	-0.567
22.560	-0.640	-0.573
22.614	-0.640	-0.579
22.657	-0.640	-0.585
22.709	-0.650	-0.592
22.766	-0.650	-0.597
22.809	-0.650	-0.603
22.860	-0.650	-0.607
22.916	-0.650	-0.611
22.957	-0.650	-0.614
23.011	-0.660	-0.619
23.065	-0.660	-0.624
23.109	-0.660	-0.629
23.166	-0.660	-0.635
23.217	-0.660	-0.642
23.260	-0.660	-0.649
23.315	-0.670	-0.656
23.359	-0.670	-0.662
23.410	-0.670	-0.668
23.466	-0.670	-0.673
23.510	-0.670	-0.677
23.557	-0.670	-0.682
23.608	-0.680	-0.686
23.669	-0.680	-0.691
23.706	-0.680	-0.697
23.759	-0.680	-0.703
23.814	-0.680	-0.710
23.859	-0.680	-0.718
23.916	-0.690	-0.725
23.966	-0.690	-0.732
24.010	-0.690	-0.737
24.065	-0.690	-0.743
24.118	-0.690	-0.747
24.159	-0.690	-0.751
24.216	-0.700	-0.756
24.260	-0.700	-0.762
24.314	-0.700	-0.767
24.357	-0.700	-0.773
24.410	-0.700	-0.780
24.466	-0.700	-0.788
24.507	-0.710	-0.795
24.565	-0.710	-0.802
24.608	-0.710	-0.808
24.660	-0.710	-0.814
24.716	-0.710	-0.819
24.757	-0.710	-0.824
24.810	-0.720	-0.829
24.865	-0.720	-0.834
24.909	-0.720	-0.840
24.966	-0.720	-0.846
25.017	-0.720	-0.853
25.059	-0.720	-0.861
25.116	-0.730	-0.869
25.158	-0.730	-0.876
25.210	-0.730	-0.882
25.257	-0.730	-0.889
25.310	-0.730	-0.894
25.358	-0.730	-0.899
25.409	-0.740	-0.904
25.460	-0.740	-0.909
25.508	-0.740	-0.915
25.560	-0.740	-0.922
25.607	-0.740	-0.929
25.660	-0.740	-0.936
25.708	-0.750	-0.944
25.759	-0.750	-0.951
25.808	-0.750	-0.959
25.859	-0.750	-0.966
25.919	-0.750	-0.972
25.958	-0.750	-0.977
26.011	-0.760	-0.982
26.058	-0.760	-0.987
26.108	-0.760	-0.993
26.164	-0.760	-1.000
26.216	-0.760	-1.007
26.260	-0.760	-1.015
26.310	-0.770	-1.022
26.358	-0.770	-1.030
26.415	-0.770	-1.037
26.466	-0.770	-1.044
26.509	-0.770	-1.051
26.564	-0.770	-1.056
26.607	-0.780	-1.061
26.659	-0.780	-1.066
26.716	-0.780	-1.072
26.760	-0.780	-1.078
26.820	-0.780	-1.085
26.857	-0.780	-1.093
26.910	-0.790	-1.101
26.966	-0.790	-1.109
27.008	-0.790	-1.117
27.060	-0.790	-1.124
27.109	-0.790	-1.131
27.165	-0.790	-1.136
27.206	-0.800	-1.141
27.268	-0.800	-1.146
27.315	-0.800	-1.152
27.357	-0.800	-1.159
27.410	-0.800	-1.166
27.457	-0.800	-1.174
27.510	-0.810	-1.183
27.565	-0.810	-1.191
27.609	-0.810	-1.198
27.664	-0.810	-1.206
27.716	-0.810	-1.211
27.759	-0.810	-1.217
27.816	-0.820	-1.222
27.860	-0.820	-1.227
27.910	-0.820	-1.233
27.957	-0.820	-1.239
28.010	-0.820	-1.247
28.065	-0.820	-1.255
28.106	-0.830	-1.264
28.160	-0.830	-1.273
28.206	-0.830	-1.280
28.257	-0.830	-1.287
28.310	-0.830	-1.293
28.365	-0.830	-1.299
28.407	-0.840	-1.304
28.459	-0.840	-1.310
28.515	-0.840	-1.315
28.559	-0.840	-1.322
28.619	-0.840	-1.329
28.666	-0.840	-1.337
28.707	-0.850	-1.347
28.760	-0.850	-1.354
28.814	-0.850	-1.362
28.857	-0.850	-1.369
28.914	-0.850	-1.375
28.957	-0.850	-1.381
29.008	-0.860	-1.386
29.068	-0.860	-1.392
29.116	-0.860	-1.398
29.156	-0.860	-1.404
29.209	-0.860	-1.412
29.266	-0.860	-1.420
29.309	-0.870	-1.428
29.360	-0.870	-1.437
29.415	-0.870	-1.444
29.457	-0.870	-1.451
29.518	-0.870	-1.458
29.564	-0.870	-1.464
29.608	-0.880	-1.470
29.660	-0.880	-1.475
29.715	-0.880	-1.481
29.757	-0.880	-1.487
29.809	-0.880	-1.495
29.865	-0.880	-1.502
29.906	-0.890	-1.511
29.960	-0.890	-1.519
30.016	-0.890	-1.526
30.056	-0.890	-1.535
30.110	-0.890	-1.541
30.164	-0.890	-1.547
30.206	-0.900	-1.553
30.257	-0.900	-1.558
30.310	-0.900	-1.564
30.359	-0.900	-1.570
30.409	-0.900	-1.577
30.449	-0.800	-1.580
30.498	-0.680	-1.508
30.548	-0.560	-0.955
30.596	-0.410	-0.423
30.646	-0.260	-0.251
30.697	-0.110	-0.120
30.746	0.000	-0.006
30.794	0.000	-0.003
30.838	0.000	-0.004
30.889	0.000	-0.003
30.938	0.000	-0.003
30.988	0.000	-0.003
31.038	0.000	-0.003
31.088	0.000	-0.003
31.142	0.000	-0.003
31.192	0.000	-0.003
31.240	0.000	-0.002
31.288	0.000	-0.002
31.338	0.000	-0.002
31.390	0.000	-0.001
31.439	0.000	-0.002
31.492	0.000	-0.001
31.542	0.000	-0.001
31.590	0.000	-0.002
31.642	0.000	-0.001
31.690	0.000	-0.001
31.740	0.000	-0.001
31.791	0.000	-0.000
31.838	0.000	-0.001
31.888	0.000	-0.001
31.942	0.000	-0.000
31.992	0.000	-0.001
32.040	0.000	-0.000
32.090	0.000	-0.000
32.140	0.000	-0.001
32.187	0.000	-0.000
32.238	0.000	-0.000
32.290	0.000	-0.000
32.340	0.000	0.000
32.387	0.000	-0.001
32.442	0.000	-0.000
32.492	0.000	0.000
32.539	0.000	-0.000
32.592	0.000	0.000
32.634	0.000	-0.000
32.689	0.000	-0.000
32.738	0.000	0.000
32.785	0.000	-0.000
32.840	0.000	0.000
32.887	0.000	0.000
32.936	0.000	0.000
32.988	0.000	0.000
33.038	0.000	0.000
33.089	0.000	0.000
33.136	0.000	0.000
33.188	0.000	0.000
33.235	0.000	0.000
33.285	0.000	0.000
33.337	0.000	0.000
33.385	0.000	0.000
33.437	0.000	0.000
33.487	0.000	0.000
33.536	0.000	0.000
33.587	0.000	0.000
33.635	0.000	0.000
33.690	0.000	0.000
33.738	0.000	0.000
33.785	0.000	0.000
33.838	0.000	0.000
33.888	0.000	0.000
33.939	0.000	0.000
33.988	0.000	0.000
34.038	0.000	0.000
34.086	0.000	0.000
34.137	0.000	0.000
34.190	0.000	0.000
34.239	0.000	0.000
34.287	0.000	0.000
34.337	0.000	0.000
34.389	0.000	0.000
34.440	0.000	0.000
34.487	0.000	0.000
34.537	0.000	0.000
34.589	0.000	0.000
34.639	0.000	0.000
34.689	0.000	0.000
34.741	0.000	0.000
34.790	0.000	0.000
34.842	0.000	0.000
34.890	0.000	0.000
34.939	0.000	0.000
34.990	0.000	0.000
35.039	0.000	0.000
35.091	0.000	0.000
35.140	0.000	0.000
35.192	0.000	0.000
35.242	0.000	0.000
35.289	0.000	0.000
35.339	0.000	0.000
35.389	0.000	0.000
35.440	0.000	0.000
35.490	0.000	0.000
35.542	0.000	0.000
35.590	0.000	0.000
35.639	0.000	0.000
35.689	0.000	0.000
35.739	0.000	0.000
35.792	0.000	0.000
35.840	0.000	0.000
35.891	0.000	0.000
35.940	0.000	0.000
