Time(s)	Extension(mm)	Load(N)
0.001	0.000	0.001
0.023	0.000	0.001
0.052	0.000	0.001
0.104	0.000	0.001
0.153	0.000	0.001
0.206	0.000	0.001
0.256	0.000	0.001
0.304	0.000	0.001
0.357	0.000	0.001
0.401	0.000	0.001
0.454	0.000	0.001
0.502	0.000	0.001
0.556	0.000	0.001
0.604	0.000	0.001
0.652	0.000	0.001
0.706	0.000	0.001
0.757	0.000	0.001
0.804	0.000	0.001
0.852	0.000	0.001
0.904	0.000	0.001
0.954	0.000	0.001
1.008	0.000	0.001
1.056	0.000	0.001
1.103	0.000	0.001
1.154	0.000	0.001
1.203	0.000	0.001
1.254	0.000	0.001
1.305	0.000	0.001
1.358	0.000	0.001
1.405	0.000	0.001
1.452	0.000	0.001
1.504	0.000	0.001
1.557	0.000	0.001
1.604	0.000	0.001
1.654	0.000	0.001
1.707	0.000	0.001
1.755	0.000	0.001
1.802	0.000	0.001
1.853	0.000	0.001
1.906	0.000	0.001
1.954	0.000	0.001
2.008	0.000	0.001
2.057	0.000	0.001
2.104	0.000	0.001
2.158	0.000	0.001
2.203	0.000	0.001
2.255	0.000	0.001
2.303	0.000	0.001
2.357	0.000	0.001
2.407	0.000	0.001
2.453	0.000	0.001
2.507	0.000	0.001
2.552	0.000	0.001
2.605	0.000	0.001
2.653	0.000	0.001
2.705	0.000	0.001
2.755	0.000	0.001
2.802	0.000	0.001
2.857	0.000	0.001
2.904	0.000	0.001
2.955	0.000	0.001
3.003	0.000	0.001
3.055	0.000	0.001
3.105	0.000	0.001
3.152	0.000	0.001
3.207	0.000	0.001
3.253	0.000	0.001
3.304	0.000	0.001
3.358	0.000	0.001
3.404	0.000	0.001
3.454	0.000	0.001
3.507	0.000	0.001
3.555	0.000	0.001
3.603	0.000	0.001
3.653	0.000	0.001
3.707	0.000	0.001
3.754	0.000	0.001
3.808	0.000	0.001
3.857	0.000	0.001
3.905	0.000	0.001
3.953	0.000	0.001
4.003	0.000	0.001
4.055	0.000	0.001
4.103	0.000	0.001
4.157	0.000	0.001
4.206	0.000	0.001
4.253	0.000	0.001
4.308	0.000	0.001
4.353	0.000	0.001
4.405	0.000	0.001
4.453	0.000	0.001
4.506	0.000	0.001
4.555	0.000	0.001
4.602	0.000	0.001
4.657	0.000	0.001
4.704	0.000	0.001
4.755	0.000	0.001
4.803	0.000	0.001
4.856	0.000	0.001
4.905	0.000	0.001
4.954	0.000	0.001
5.008	0.000	0.001
5.055	0.000	0.001
5.106	0.000	0.001
5.153	0.000	0.001
5.207	0.000	0.001
5.256	0.000	0.001
5.303	0.000	0.001
5.357	0.000	0.001
5.404	0.000	0.001
5.455	0.000	0.001
5.502	0.000	0.001
5.557	0.000	0.001
5.604	0.000	0.001
5.653	0.000	0.001
5.707	0.000	0.001
5.754	0.000	0.001
5.804	0.000	0.001
5.858	0.000	0.001
5.905	0.000	0.001
5.952	0.000	0.001
6.003	0.000	0.001
6.055	0.000	0.001
6.104	0.000	0.001
6.154	0.000	0.001
6.208	0.000	0.001
6.254	0.000	0.001
6.308	0.000	0.001
6.357	0.000	0.001
6.404	0.000	0.001
6.452	0.000	0.001
6.505	0.000	0.001
6.557	0.000	0.001
6.604	0.000	0.001
6.658	0.000	0.001
6.707	0.000	0.001
6.754	0.000	0.001
6.802	0.000	0.001
6.855	0.000	0.001
6.907	0.000	0.001
6.953	0.000	0.001
7.007	0.000	0.001
7.056	0.000	0.001
7.104	0.000	0.001
7.158	0.000	0.001
7.205	0.000	0.001
7.254	0.000	0.001
7.303	0.000	0.001
7.356	0.000	0.001
7.404	0.000	0.001
7.453	0.000	0.001
7.507	0.000	0.001
7.554	0.000	0.001
7.604	0.000	0.001
7.658	0.000	0.001
7.705	0.000	0.001
7.753	0.000	0.001
7.803	0.000	0.001
7.855	0.000	0.001
7.904	0.000	0.001
7.954	0.000	0.001
8.008	0.000	0.001
8.055	0.000	0.001
8.102	0.000	0.001
8.157	0.000	0.001
8.204	0.000	0.001
8.253	0.000	0.001
8.305	0.000	0.001
8.357	0.000	0.001
8.405	0.000	0.001
8.458	0.000	0.001
8.507	0.000	0.001
8.554	0.000	0.001
8.602	0.000	0.001
8.654	0.000	0.001
8.707	0.000	0.001
8.754	0.000	0.001
8.808	0.000	0.001
8.857	0.000	0.001
8.904	0.000	0.001
8.958	0.000	0.001
9.005	0.000	0.001
9.055	0.000	0.001
9.103	0.000	0.001
9.157	0.000	0.001
9.204	0.000	0.001
9.253	0.000	0.001
9.308	0.000	0.001
9.355	0.000	0.001
9.405	0.000	0.001
9.452	0.000	0.001
9.507	0.000	0.001
9.553	0.000	0.001
9.603	0.000	0.001
9.655	0.000	0.001
9.704	0.000	0.001
9.754	0.000	0.001
9.808	0.000	0.001
9.855	0.000	0.001
9.902	0.000	0.001
9.958	0.000	0.001
10.005	0.000	0.001
10.053	0.000	0.001
10.107	0.000	0.001
10.158	0.000	0.001
10.205	0.000	0.001
10.252	0.000	0.001
10.308	0.000	0.001
10.354	0.000	0.001
10.403	0.000	0.001
10.455	0.000	0.001
10.507	0.000	0.001
10.554	0.000	0.001
10.608	0.000	0.001
10.657	0.000	0.001
10.704	0.000	0.001
10.752	0.000	0.001
10.805	0.000	0.001
10.855	0.000	0.001
10.903	0.000	0.001
10.957	0.000	0.001
11.004	0.000	0.001
11.054	0.000	0.001
11.108	0.000	0.001
11.154	0.000	0.001
11.205	0.000	0.001
11.253	0.000	0.001
11.306	0.000	0.001
11.353	0.000	0.001
11.403	0.000	0.001
11.456	0.000	0.001
11.504	0.000	0.001
11.554	0.000	0.001
11.608	0.000	0.001
11.655	0.000	0.001
11.702	0.000	0.001
11.753	0.000	0.001
11.809	-0.000	0.001
11.874	-0.000	0.001
11.922	-0.000	0.001
11.972	-0.010	0.001
12.025	-0.010	0.001
12.071	-0.010	0.001
12.130	-0.010	0.001
12.172	-0.010	0.001
12.225	-0.010	0.001
12.272	-0.020	0.001
12.322	-0.020	0.001
12.373	-0.020	0.001
12.421	-0.020	0.001
12.475	-0.020	0.001
12.522	-0.020	0.001
12.574	-0.030	0.001
12.626	-0.030	0.001
12.675	-0.030	0.001
12.721	-0.030	0.001
12.773	-0.030	0.001
12.825	-0.030	0.001
12.874	-0.040	0.001
12.930	-0.040	0.001
12.973	-0.040	0.001
13.022	-0.040	0.001
13.073	-0.040	0.001
13.125	-0.040	0.001
13.171	-0.050	0.001
13.229	-0.050	0.001
13.272	-0.050	0.001
13.324	-0.050	0.001
13.383	-0.050	0.001
13.425	-0.050	0.001
13.471	-0.060	0.001
13.522	-0.060	0.001
13.571	-0.060	0.001
13.622	-0.060	0.001
13.673	-0.060	0.001
13.724	-0.060	0.001
13.773	-0.070	0.001
13.825	-0.070	0.001
13.872	-0.070	0.001
13.921	-0.070	0.001
13.972	-0.070	0.001
14.023	-0.070	0.001
14.074	-0.080	0.001
14.124	-0.080	0.001
14.175	-0.080	0.001
14.222	-0.080	0.001
14.279	-0.080	0.001
14.322	-0.080	0.001
14.374	-0.090	0.001
14.425	-0.090	0.001
14.475	-0.090	0.001
14.525	-0.090	0.001
14.572	-0.090	0.001
14.623	-0.090	0.001
14.672	-0.100	0.001
14.724	-0.100	0.001
14.780	-0.100	0.001
14.825	-0.100	0.001
14.872	-0.100	0.001
14.923	-0.100	0.001
14.974	-0.110	0.001
15.023	-0.110	0.001
15.075	-0.110	0.001
15.121	-0.110	0.001
15.175	-0.110	0.001
15.221	-0.110	0.001
15.273	-0.120	0.001
15.323	-0.120	0.001
15.373	-0.120	0.001
15.423	-0.120	0.001
15.475	-0.120	0.000
15.515	-0.120	-0.002
15.573	-0.130	-0.003
15.625	-0.130	-0.005
15.671	-0.130	-0.005
15.729	-0.130	-0.006
15.772	-0.130	-0.007
15.821	-0.130	-0.008
15.872	-0.140	-0.009
15.922	-0.140	-0.009
15.973	-0.140	-0.010
16.025	-0.140	-0.011
16.071	-0.140	-0.012
16.130	-0.140	-0.013
16.179	-0.150	-0.013
16.222	-0.150	-0.015
16.272	-0.150	-0.015
16.323	-0.150	-0.016
16.375	-0.150	-0.017
16.430	-0.150	-0.017
16.479	-0.160	-0.018
16.525	-0.160	-0.019
16.571	-0.160	-0.020
16.621	-0.160	-0.020
16.672	-0.160	-0.021
16.724	-0.160	-0.022
16.775	-0.170	-0.023
16.825	-0.170	-0.023
16.880	-0.170	-0.024
16.921	-0.170	-0.025
16.975	-0.170	-0.025
17.021	-0.170	-0.026
17.073	-0.180	-0.026
17.124	-0.180	-0.027
17.174	-0.180	-0.027
17.225	-0.180	-0.028
17.275	-0.180	-0.028
17.321	-0.180	-0.029
17.371	-0.190	-0.030
17.423	-0.190	-0.030
17.474	-0.190	-0.031
17.524	-0.190	-0.031
17.575	-0.190	-0.032
17.625	-0.190	-0.032
17.675	-0.200	-0.033
17.725	-0.200	-0.033
17.771	-0.200	-0.034
17.823	-0.200	-0.034
17.882	-0.200	-0.035
17.924	-0.200	-0.035
17.974	-0.210	-0.036
18.025	-0.210	-0.037
18.074	-0.210	-0.037
18.125	-0.210	-0.038
18.171	-0.210	-0.038
18.222	-0.210	-0.039
18.272	-0.220	-0.039
18.330	-0.220	-0.040
18.372	-0.220	-0.040
18.429	-0.220	-0.041
18.472	-0.220	-0.042
18.524	-0.220	-0.042
18.574	-0.230	-0.043
18.624	-0.230	-0.044
18.675	-0.230	-0.044
18.724	-0.230	-0.045
18.782	-0.230	-0.045
18.824	-0.230	-0.046
18.876	-0.240	-0.046
18.926	-0.240	-0.047
18.976	-0.240	-0.047
19.026	-0.240	-0.048
19.075	-0.240	-0.049
19.126	-0.240	-0.049
19.176	-0.250	-0.050
19.231	-0.250	-0.051
19.273	-0.250	-0.052
19.323	-0.250	-0.052
19.373	-0.250	-0.053
19.423	-0.250	-0.053
19.473	-0.260	-0.054
19.522	-0.260	-0.054
19.574	-0.260	-0.055
19.625	-0.260	-0.056
19.683	-0.260	-0.057
19.724	-0.260	-0.058
19.774	-0.270	-0.059
19.825	-0.270	-0.060
19.874	-0.270	-0.061
19.924	-0.270	-0.062
19.976	-0.270	-0.063
20.022	-0.270	-0.064
20.076	-0.280	-0.064
20.126	-0.280	-0.065
20.176	-0.280	-0.067
20.226	-0.280	-0.068
20.276	-0.280	-0.069
20.324	-0.280	-0.071
20.374	-0.290	-0.072
20.423	-0.290	-0.074
20.474	-0.290	-0.076
20.524	-0.290	-0.077
20.582	-0.290	-0.079
20.624	-0.290	-0.080
20.676	-0.300	-0.081
20.726	-0.300	-0.082
20.776	-0.300	-0.084
20.826	-0.300	-0.086
20.876	-0.300	-0.088
20.922	-0.300	-0.090
20.972	-0.310	-0.092
21.023	-0.310	-0.094
21.074	-0.310	-0.096
21.124	-0.310	-0.098
21.174	-0.310	-0.100
21.224	-0.310	-0.102
21.274	-0.320	-0.103
21.326	-0.320	-0.104
21.382	-0.320	-0.106
21.426	-0.320	-0.108
21.481	-0.320	-0.110
21.525	-0.320	-0.113
21.580	-0.330	-0.115
21.624	-0.330	-0.117
21.675	-0.330	-0.120
21.732	-0.330	-0.121
21.778	-0.330	-0.123
21.832	-0.330	-0.125
21.874	-0.340	-0.126
21.935	-0.340	-0.128
21.982	-0.340	-0.130
22.025	-0.340	-0.132
22.081	-0.340	-0.134
22.126	-0.340	-0.137
22.181	-0.350	-0.139
22.232	-0.350	-0.141
22.276	-0.350	-0.144
22.330	-0.350	-0.146
22.373	-0.350	-0.147
22.415	-0.250	-0.148
22.466	-0.130	-0.133
22.515	-0.010	-0.089
22.562	0.000	0.000
22.602	0.000	0.001
22.655	0.000	0.000
22.705	0.000	0.000
22.754	0.000	0.001
22.805	0.000	0.001
22.854	0.000	0.000
22.906	0.000	0.000
22.956	0.000	0.001
23.007	0.000	0.001
23.057	0.000	0.001
23.105	0.000	0.001
23.156	0.000	0.001
23.206	0.000	0.001
23.253	0.000	0.001
23.303	0.000	0.001
23.356	0.000	0.001
23.405	0.000	0.001
23.453	0.000	0.001
23.503	0.000	0.001
23.554	0.000	0.001
23.605	0.000	0.001
23.656	0.000	0.001
23.707	0.000	0.001
23.757	0.000	0.001
23.805	0.000	0.001
23.855	0.000	0.001
23.905	0.000	0.001
23.955	0.000	0.001
24.008	0.000	0.001
24.058	0.000	0.001
24.105	0.000	0.001
24.156	0.000	0.001
24.205	0.000	0.001
24.256	0.000	0.001
24.306	0.000	0.001
24.353	0.000	0.001
24.403	0.000	0.001
24.454	0.000	0.001
24.504	0.000	0.001
24.558	0.000	0.001
24.603	0.000	0.001
24.658	0.000	0.001
24.704	0.000	0.001
24.753	0.000	0.001
24.804	0.000	0.001
24.853	0.000	0.001
24.906	0.000	0.001
24.956	0.000	0.001
25.007	0.000	0.001
25.054	0.000	0.001
25.103	0.000	0.001
25.154	0.000	0.001
25.203	0.000	0.001
25.256	0.000	0.001
25.309	0.000	0.001
25.356	0.000	0.001
25.406	0.000	0.001
25.458	0.000	0.001
25.504	0.000	0.001
25.557	0.000	0.001
25.605	0.000	0.001
25.655	0.000	0.001
25.705	0.000	0.001
25.755	0.000	0.001
25.807	0.000	0.001
25.856	0.000	0.001
25.908	0.000	0.001
25.955	0.000	0.001
26.005	0.000	0.001
26.055	0.000	0.001
26.104	0.000	0.001
26.155	0.000	0.001
26.206	0.000	0.001
26.256	0.000	0.001
26.306	0.000	0.001
26.354	0.000	0.001
26.405	0.000	0.001
26.454	0.000	0.001
26.506	0.000	0.001
26.555	0.000	0.001
26.606	0.000	0.001
26.656	0.000	0.001
26.704	0.000	0.001
26.754	0.000	0.001
26.804	0.000	0.001
26.856	0.000	0.001
26.905	0.000	0.001
26.956	0.000	0.001
27.005	0.000	0.001
27.055	0.000	0.001
27.104	0.000	0.001
27.154	0.000	0.001
27.204	0.000	0.001
27.256	0.000	0.001
27.306	0.000	0.001
27.355	0.000	0.001
27.404	0.000	0.001
27.454	0.000	0.001
27.504	0.000	0.001
27.553	0.000	0.001
27.605	0.000	0.001
27.654	0.000	0.001
27.705	0.000	0.001
27.754	0.000	0.001
27.808	0.000	0.001
27.853	0.000	0.001
27.908	0.000	0.001
27.954	0.000	0.001
28.004	0.000	0.001
28.055	0.000	0.001
28.104	0.000	0.001
28.158	0.000	0.001
28.203	0.000	0.001
28.257	0.000	0.001
28.304	0.000	0.001
28.354	0.000	0.001
28.404	0.000	0.001
28.477	0.000	0.001
28.510	0.000	0.001
28.575	0.000	0.001
28.606	0.000	0.001
28.658	0.000	0.001
