Time(s)	Extension(mm)	Load(N)
0.001	0.000	0.001
0.017	0.000	0.001
0.047	0.000	0.001
0.097	0.000	0.001
0.149	0.000	0.001
0.200	0.000	0.001
0.250	0.000	0.000
0.297	0.000	0.001
0.347	0.000	0.001
0.397	0.000	0.000
0.447	0.000	0.001
0.499	0.000	0.000
0.549	0.000	0.001
0.599	0.000	0.001
0.650	0.000	0.001
0.697	0.000	0.001
0.747	0.000	0.001
0.801	-0.000	0.000
0.865	-0.000	0.001
0.917	-0.000	0.001
0.965	-0.010	0.001
1.016	-0.010	0.000
1.066	-0.010	0.001
1.118	-0.010	0.001
1.166	-0.010	0.001
1.225	-0.010	0.001
1.268	-0.020	0.000
1.315	-0.020	0.000
1.366	-0.020	0.001
1.417	-0.020	0.000
1.468	-0.020	0.001
1.515	-0.020	0.000
1.567	-0.030	0.001
1.616	-0.030	0.001
1.672	-0.030	0.000
1.715	-0.030	0.001
1.765	-0.030	0.000
1.816	-0.030	0.001
1.868	-0.040	0.000
1.923	-0.040	0.001
1.968	-0.040	0.000
2.015	-0.040	0.001
2.067	-0.040	0.000
2.126	-0.040	0.001
2.168	-0.050	0.000
2.215	-0.050	0.000
2.266	-0.050	0.001
2.315	-0.050	0.000
2.363	-0.050	0.000
2.407	-0.050	-0.001
2.467	-0.060	-0.002
2.517	-0.060	-0.002
2.573	-0.060	-0.002
2.615	-0.060	-0.003
2.664	-0.060	-0.003
2.715	-0.060	-0.004
2.765	-0.070	-0.004
2.816	-0.070	-0.005
2.866	-0.070	-0.005
2.918	-0.070	-0.005
2.965	-0.070	-0.006
3.023	-0.070	-0.006
3.065	-0.080	-0.006
3.115	-0.080	-0.006
3.166	-0.080	-0.007
3.216	-0.080	-0.007
3.267	-0.080	-0.007
3.323	-0.080	-0.007
3.366	-0.090	-0.008
3.415	-0.090	-0.008
3.474	-0.090	-0.009
3.516	-0.090	-0.009
3.566	-0.090	-0.009
3.618	-0.090	-0.009
3.665	-0.100	-0.009
3.716	-0.100	-0.010
3.766	-0.100	-0.010
3.817	-0.100	-0.010
3.868	-0.100	-0.010
3.926	-0.100	-0.011
3.972	-0.110	-0.011
4.016	-0.110	-0.012
4.067	-0.110	-0.012
4.116	-0.110	-0.012
4.167	-0.110	-0.012
4.217	-0.110	-0.012
4.268	-0.120	-0.013
4.322	-0.120	-0.013
4.366	-0.120	-0.013
4.417	-0.120	-0.013
4.467	-0.120	-0.014
4.518	-0.120	-0.014
4.569	-0.130	-0.015
4.623	-0.130	-0.015
4.673	-0.130	-0.015
4.716	-0.130	-0.015
4.767	-0.130	-0.016
4.826	-0.130	-0.015
4.868	-0.140	-0.016
4.918	-0.140	-0.016
4.972	-0.140	-0.017
5.023	-0.140	-0.016
5.065	-0.140	-0.017
5.117	-0.140	-0.017
5.168	-0.150	-0.017
5.218	-0.150	-0.017
5.276	-0.150	-0.018
5.322	-0.150	-0.018
5.368	-0.150	-0.018
5.415	-0.150	-0.018
5.466	-0.160	-0.018
5.518	-0.160	-0.019
5.568	-0.160	-0.019
5.623	-0.160	-0.019
5.672	-0.160	-0.019
5.722	-0.160	-0.020
5.765	-0.170	-0.020
5.816	-0.170	-0.020
5.868	-0.170	-0.020
5.917	-0.170	-0.020
5.968	-0.170	-0.020
6.018	-0.170	-0.021
6.065	-0.180	-0.021
6.115	-0.180	-0.021
6.166	-0.180	-0.021
6.218	-0.180	-0.021
6.267	-0.180	-0.021
6.318	-0.180	-0.022
6.368	-0.190	-0.022
6.423	-0.190	-0.022
6.473	-0.190	-0.022
6.516	-0.190	-0.023
6.567	-0.190	-0.023
6.625	-0.190	-0.023
6.667	-0.200	-0.023
6.718	-0.200	-0.023
6.768	-0.200	-0.024
6.818	-0.200	-0.023
6.865	-0.200	-0.024
6.916	-0.200	-0.024
6.968	-0.210	-0.024
7.017	-0.210	-0.024
7.075	-0.210	-0.025
7.117	-0.210	-0.025
7.166	-0.210	-0.025
7.217	-0.210	-0.025
7.272	-0.220	-0.025
7.315	-0.220	-0.026
7.364	-0.220	-0.026
7.415	-0.220	-0.026
7.465	-0.220	-0.027
7.523	-0.220	-0.026
7.564	-0.230	-0.027
7.616	-0.230	-0.027
7.667	-0.230	-0.027
7.716	-0.230	-0.027
7.766	-0.230	-0.028
7.816	-0.230	-0.028
7.867	-0.240	-0.028
7.916	-0.240	-0.028
7.968	-0.240	-0.028
8.014	-0.240	-0.028
8.068	-0.240	-0.029
8.114	-0.240	-0.029
8.168	-0.250	-0.029
8.214	-0.250	-0.029
8.264	-0.250	-0.030
8.315	-0.250	-0.030
8.366	-0.250	-0.030
8.424	-0.250	-0.030
8.466	-0.260	-0.030
8.516	-0.260	-0.031
8.566	-0.260	-0.031
8.616	-0.260	-0.031
8.667	-0.260	-0.032
8.718	-0.260	-0.032
8.764	-0.270	-0.032
8.814	-0.270	-0.032
8.868	-0.270	-0.033
8.922	-0.270	-0.033
8.968	-0.270	-0.033
9.014	-0.270	-0.034
9.066	-0.280	-0.034
9.116	-0.280	-0.034
9.166	-0.280	-0.035
9.217	-0.280	-0.035
9.266	-0.280	-0.036
9.325	-0.280	-0.036
9.366	-0.290	-0.037
9.418	-0.290	-0.037
9.468	-0.290	-0.038
9.518	-0.290	-0.038
9.568	-0.290	-0.038
9.619	-0.290	-0.039
9.665	-0.300	-0.039
9.716	-0.300	-0.039
9.767	-0.300	-0.040
9.817	-0.300	-0.040
9.867	-0.300	-0.041
9.917	-0.300	-0.041
9.967	-0.310	-0.042
10.017	-0.310	-0.042
10.067	-0.310	-0.043
10.118	-0.310	-0.043
10.169	-0.310	-0.043
10.219	-0.310	-0.044
10.269	-0.320	-0.044
10.321	-0.320	-0.045
10.369	-0.320	-0.045
10.419	-0.320	-0.046
10.465	-0.320	-0.046
10.516	-0.320	-0.047
10.567	-0.330	-0.047
10.616	-0.330	-0.048
10.675	-0.330	-0.048
10.716	-0.330	-0.048
10.766	-0.330	-0.048
10.816	-0.330	-0.049
10.868	-0.340	-0.049
10.919	-0.340	-0.050
10.968	-0.340	-0.050
11.019	-0.340	-0.051
11.069	-0.340	-0.052
11.127	-0.340	-0.052
11.168	-0.350	-0.052
11.215	-0.350	-0.053
11.266	-0.350	-0.053
11.315	-0.350	-0.053
11.366	-0.350	-0.053
11.415	-0.350	-0.054
11.466	-0.360	-0.054
11.516	-0.360	-0.055
11.567	-0.360	-0.055
11.618	-0.360	-0.055
11.667	-0.360	-0.055
11.718	-0.360	-0.056
11.767	-0.370	-0.056
11.818	-0.370	-0.056
11.867	-0.370	-0.056
11.919	-0.370	-0.057
11.965	-0.370	-0.057
12.019	-0.370	-0.057
12.065	-0.380	-0.057
12.119	-0.380	-0.058
12.165	-0.380	-0.058
12.215	-0.380	-0.059
12.265	-0.380	-0.059
12.317	-0.380	-0.059
12.367	-0.390	-0.059
12.417	-0.390	-0.060
12.475	-0.390	-0.060
12.517	-0.390	-0.060
12.566	-0.390	-0.060
12.617	-0.390	-0.060
12.668	-0.400	-0.061
12.719	-0.400	-0.061
12.768	-0.400	-0.061
12.819	-0.400	-0.062
12.869	-0.400	-0.062
12.915	-0.400	-0.063
12.969	-0.410	-0.063
13.016	-0.410	-0.063
13.067	-0.410	-0.063
13.116	-0.410	-0.063
13.167	-0.410	-0.064
13.215	-0.410	-0.064
13.266	-0.420	-0.064
13.315	-0.420	-0.064
13.367	-0.420	-0.065
13.417	-0.420	-0.066
13.466	-0.420	-0.066
13.517	-0.420	-0.066
13.566	-0.430	-0.066
13.617	-0.430	-0.067
13.666	-0.430	-0.067
13.716	-0.430	-0.067
13.767	-0.430	-0.067
13.825	-0.430	-0.068
13.867	-0.440	-0.068
13.917	-0.440	-0.069
13.967	-0.440	-0.069
14.016	-0.440	-0.070
14.067	-0.440	-0.070
14.118	-0.440	-0.070
14.169	-0.450	-0.070
14.218	-0.450	-0.071
14.276	-0.450	-0.071
14.317	-0.450	-0.071
14.367	-0.450	-0.072
14.417	-0.450	-0.072
14.469	-0.460	-0.072
14.519	-0.460	-0.073
14.568	-0.460	-0.073
14.619	-0.460	-0.074
14.669	-0.460	-0.074
14.727	-0.460	-0.074
14.768	-0.470	-0.074
14.815	-0.470	-0.075
14.866	-0.470	-0.075
14.919	-0.470	-0.076
14.969	-0.470	-0.076
15.019	-0.470	-0.076
15.073	-0.480	-0.077
15.119	-0.480	-0.077
15.165	-0.480	-0.077
15.216	-0.480	-0.078
15.265	-0.480	-0.078
15.316	-0.480	-0.079
15.365	-0.490	-0.079
15.415	-0.490	-0.080
15.465	-0.490	-0.079
15.515	-0.490	-0.080
15.567	-0.490	-0.080
15.624	-0.490	-0.081
15.666	-0.500	-0.081
15.716	-0.500	-0.082
15.767	-0.500	-0.083
15.816	-0.500	-0.084
15.866	-0.500	-0.085
15.918	-0.500	-0.085
15.968	-0.510	-0.086
16.017	-0.510	-0.086
16.075	-0.510	-0.087
16.117	-0.510	-0.088
16.166	-0.510	-0.088
16.217	-0.510	-0.089
16.267	-0.520	-0.089
16.318	-0.520	-0.091
16.367	-0.520	-0.091
16.418	-0.520	-0.092
16.468	-0.520	-0.093
16.525	-0.520	-0.094
16.567	-0.530	-0.095
16.618	-0.530	-0.095
16.669	-0.530	-0.096
16.718	-0.530	-0.097
16.768	-0.530	-0.097
16.817	-0.530	-0.098
16.868	-0.540	-0.098
16.918	-0.540	-0.099
16.969	-0.540	-0.100
17.015	-0.540	-0.101
17.069	-0.540	-0.102
17.126	-0.540	-0.103
17.167	-0.550	-0.103
17.219	-0.550	-0.104
17.274	-0.550	-0.104
17.317	-0.550	-0.105
17.374	-0.550	-0.106
17.425	-0.550	-0.107
17.468	-0.560	-0.107
17.523	-0.560	-0.108
17.567	-0.560	-0.109
17.618	-0.560	-0.110
17.674	-0.560	-0.111
17.718	-0.560	-0.111
17.774	-0.570	-0.112
17.817	-0.570	-0.113
17.876	-0.570	-0.113
17.920	-0.570	-0.114
17.974	-0.570	-0.115
18.022	-0.570	-0.115
18.074	-0.580	-0.116
18.117	-0.580	-0.117
18.168	-0.580	-0.118
18.225	-0.580	-0.119
18.267	-0.580	-0.119
18.327	-0.580	-0.120
18.374	-0.590	-0.121
18.419	-0.590	-0.121
18.474	-0.590	-0.122
18.525	-0.590	-0.122
18.569	-0.590	-0.124
18.620	-0.590	-0.124
18.667	-0.600	-0.125
18.718	-0.600	-0.126
18.775	-0.600	-0.127
18.819	-0.600	-0.128
18.869	-0.600	-0.128
18.916	-0.600	-0.129
18.967	-0.610	-0.130
19.023	-0.610	-0.130
19.075	-0.610	-0.131
19.125	-0.610	-0.131
19.175	-0.610	-0.132
19.225	-0.610	-0.133
19.269	-0.620	-0.134
19.324	-0.620	-0.135
19.367	-0.620	-0.135
19.419	-0.620	-0.136
19.474	-0.620	-0.137
19.518	-0.620	-0.138
19.574	-0.630	-0.139
19.616	-0.630	-0.139
19.676	-0.630	-0.139
19.719	-0.630	-0.140
19.774	-0.630	-0.141
19.818	-0.630	-0.142
19.874	-0.640	-0.143
19.917	-0.640	-0.144
19.968	-0.640	-0.144
20.025	-0.640	-0.145
20.067	-0.640	-0.146
20.127	-0.640	-0.147
20.173	-0.650	-0.147
20.218	-0.650	-0.148
20.273	-0.650	-0.148
20.324	-0.650	-0.149
20.368	-0.650	-0.149
20.419	-0.650	-0.151
20.475	-0.660	-0.151
20.520	-0.660	-0.152
20.574	-0.660	-0.153
20.618	-0.660	-0.154
20.669	-0.660	-0.155
20.725	-0.660	-0.156
20.767	-0.670	-0.157
20.823	-0.670	-0.157
20.875	-0.670	-0.158
20.918	-0.670	-0.159
20.967	-0.670	-0.159
21.026	-0.670	-0.160
21.070	-0.680	-0.161
21.125	-0.680	-0.162
21.168	-0.680	-0.163
21.219	-0.680	-0.164
21.267	-0.680	-0.165
21.323	-0.680	-0.166
21.367	-0.690	-0.167
21.418	-0.690	-0.167
21.478	-0.690	-0.168
21.516	-0.690	-0.168
21.567	-0.690	-0.169
21.619	-0.690	-0.170
21.667	-0.700	-0.171
21.723	-0.700	-0.172
21.775	-0.700	-0.173
21.819	-0.700	-0.174
21.873	-0.700	-0.175
21.924	-0.700	-0.176
21.967	-0.710	-0.177
22.024	-0.710	-0.177
22.068	-0.710	-0.178
22.119	-0.710	-0.178
22.175	-0.710	-0.179
22.217	-0.710	-0.180
22.274	-0.720	-0.181
22.325	-0.720	-0.182
22.369	-0.720	-0.183
22.425	-0.720	-0.184
22.467	-0.720	-0.185
22.520	-0.720	-0.185
22.574	-0.730	-0.187
22.617	-0.730	-0.187
22.669	-0.730	-0.188
22.725	-0.730	-0.188
22.770	-0.730	-0.190
22.824	-0.730	-0.190
22.867	-0.740	-0.191
22.919	-0.740	-0.192
22.975	-0.740	-0.193
23.017	-0.740	-0.194
23.069	-0.740	-0.195
23.117	-0.740	-0.196
23.169	-0.750	-0.197
23.224	-0.750	-0.197
23.275	-0.750	-0.198
23.319	-0.750	-0.199
23.373	-0.750	-0.200
23.417	-0.750	-0.200
23.474	-0.760	-0.202
23.517	-0.760	-0.202
23.568	-0.760	-0.203
23.625	-0.760	-0.205
23.667	-0.760	-0.205
23.727	-0.760	-0.206
23.774	-0.770	-0.207
23.818	-0.770	-0.208
23.874	-0.770	-0.208
23.925	-0.770	-0.209
23.968	-0.770	-0.210
24.019	-0.770	-0.211
24.067	-0.780	-0.212
24.120	-0.780	-0.213
24.175	-0.780	-0.214
24.218	-0.780	-0.215
24.269	-0.780	-0.216
24.325	-0.780	-0.217
24.367	-0.790	-0.217
24.419	-0.790	-0.218
24.474	-0.790	-0.219
24.518	-0.790	-0.220
24.574	-0.790	-0.220
24.625	-0.790	-0.222
24.669	-0.800	-0.222
24.724	-0.800	-0.223
24.767	-0.800	-0.224
24.819	-0.800	-0.226
24.875	-0.800	-0.226
24.919	-0.800	-0.227
24.975	-0.810	-0.228
25.017	-0.810	-0.229
25.077	-0.810	-0.229
25.124	-0.810	-0.230
25.175	-0.810	-0.231
25.219	-0.810	-0.232
25.275	-0.820	-0.233
25.319	-0.820	-0.234
25.369	-0.820	-0.235
25.417	-0.820	-0.236
25.468	-0.820	-0.237
25.527	-0.820	-0.237
25.574	-0.830	-0.238
25.618	-0.830	-0.239
25.673	-0.830	-0.240
25.724	-0.830	-0.240
25.767	-0.830	-0.241
25.818	-0.830	-0.242
25.874	-0.840	-0.243
25.916	-0.840	-0.244
25.969	-0.840	-0.246
26.025	-0.840	-0.246
26.067	-0.840	-0.247
26.118	-0.840	-0.248
26.169	-0.850	-0.249
26.225	-0.850	-0.249
26.267	-0.850	-0.251
26.318	-0.850	-0.251
26.366	-0.850	-0.252
26.426	-0.850	-0.253
26.469	-0.860	-0.254
26.524	-0.860	-0.255
26.567	-0.860	-0.256
26.618	-0.860	-0.257
26.670	-0.860	-0.258
26.717	-0.860	-0.259
26.769	-0.870	-0.260
26.823	-0.870	-0.260
26.875	-0.870	-0.261
26.917	-0.870	-0.262
26.968	-0.870	-0.263
27.024	-0.870	-0.264
27.068	-0.880	-0.265
27.124	-0.880	-0.266
27.175	-0.880	-0.267
27.219	-0.880	-0.268
27.270	-0.880	-0.269
27.329	-0.880	-0.270
27.367	-0.890	-0.271
27.420	-0.890	-0.271
27.476	-0.890	-0.272
27.518	-0.890	-0.273
27.569	-0.890	-0.274
27.620	-0.890	-0.275
27.676	-0.900	-0.276
27.718	-0.900	-0.277
27.770	-0.900	-0.278
27.818	-0.900	-0.280
27.868	-0.900	-0.280
27.920	-0.900	-0.281
27.970	-0.910	-0.282
28.017	-0.910	-0.283
28.068	-0.910	-0.283
28.120	-0.910	-0.284
28.168	-0.910	-0.285
28.227	-0.910	-0.286
28.270	-0.920	-0.287
28.324	-0.920	-0.289
28.368	-0.920	-0.289
28.418	-0.920	-0.291
28.470	-0.920	-0.292
28.518	-0.920	-0.293
28.570	-0.930	-0.293
28.620	-0.930	-0.294
28.675	-0.930	-0.295
28.718	-0.930	-0.296
28.769	-0.930	-0.297
28.820	-0.930	-0.298
28.868	-0.940	-0.299
28.920	-0.940	-0.300
28.970	-0.940	-0.301
29.018	-0.940	-0.302
29.068	-0.940	-0.303
29.128	-0.940	-0.304
29.174	-0.950	-0.305
29.219	-0.950	-0.305
29.270	-0.950	-0.307
29.325	-0.950	-0.307
29.368	-0.950	-0.308
29.420	-0.950	-0.309
29.475	-0.960	-0.311
29.526	-0.960	-0.312
29.570	-0.960	-0.313
29.625	-0.960	-0.314
29.668	-0.960	-0.315
29.719	-0.960	-0.315
29.770	-0.970	-0.317
29.826	-0.970	-0.317
29.868	-0.970	-0.318
29.920	-0.970	-0.319
29.968	-0.970	-0.320
30.028	-0.970	-0.321
30.074	-0.980	-0.322
30.125	-0.980	-0.324
30.168	-0.980	-0.325
30.219	-0.980	-0.326
30.275	-0.980	-0.327
30.319	-0.980	-0.328
30.375	-0.990	-0.328
30.425	-0.990	-0.329
30.476	-0.990	-0.330
30.519	-0.990	-0.331
30.570	-0.990	-0.332
30.626	-0.990	-0.333
30.670	-1.000	-0.334
30.726	-1.000	-0.336
30.767	-1.000	-0.336
30.820	-1.000	-0.338
30.874	-1.000	-0.338
30.925	-1.000	-0.340
30.968	-1.010	-0.340
31.025	-1.010	-0.341
31.069	-1.010	-0.342
31.120	-1.010	-0.343
31.175	-1.010	-0.343
31.218	-1.010	-0.345
31.270	-1.020	-0.346
31.325	-1.020	-0.347
31.369	-1.020	-0.348
31.425	-1.020	-0.349
31.476	-1.020	-0.350
31.519	-1.020	-0.351
31.570	-1.030	-0.352
31.626	-1.030	-0.353
31.668	-1.030	-0.354
31.724	-1.030	-0.355
31.768	-1.030	-0.356
31.828	-1.030	-0.357
31.876	-1.040	-0.358
31.918	-1.040	-0.359
31.970	-1.040	-0.360
32.024	-1.040	-0.361
32.068	-1.040	-0.363
32.120	-1.040	-0.363
32.168	-1.050	-0.364
32.219	-1.050	-0.365
32.279	-1.050	-0.366
32.326	-1.050	-0.367
32.368	-1.050	-0.368
32.420	-1.050	-0.369
32.468	-1.060	-0.370
32.520	-1.060	-0.371
32.574	-1.060	-0.372
32.618	-1.060	-0.373
32.670	-1.060	-0.374
32.729	-1.060	-0.375
32.768	-1.070	-0.376
32.820	-1.070	-0.377
32.868	-1.070	-0.378
32.918	-1.070	-0.379
32.970	-1.070	-0.380
33.025	-1.070	-0.381
33.070	-1.080	-0.382
33.120	-1.080	-0.383
33.177	-1.080	-0.384
33.220	-1.080	-0.386
33.275	-1.080	-0.387
33.318	-1.080	-0.388
33.370	-1.090	-0.389
33.426	-1.090	-0.389
33.476	-1.090	-0.390
33.520	-1.090	-0.391
33.568	-1.090	-0.392
33.627	-1.090	-0.393
33.675	-1.100	-0.394
33.726	-1.100	-0.396
33.769	-1.100	-0.397
33.820	-1.100	-0.398
33.876	-1.100	-0.399
33.920	-1.100	-0.400
33.976	-1.110	-0.401
34.018	-1.110	-0.402
34.078	-1.110	-0.402
34.125	-1.110	-0.403
34.176	-1.110	-0.405
34.219	-1.110	-0.405
34.276	-1.120	-0.407
34.319	-1.120	-0.408
34.370	-1.120	-0.410
34.426	-1.120	-0.410
34.468	-1.120	-0.412
34.528	-1.120	-0.412
34.575	-1.130	-0.413
34.619	-1.130	-0.414
34.675	-1.130	-0.415
34.726	-1.130	-0.416
34.770	-1.130	-0.417
34.820	-1.130	-0.418
34.876	-1.140	-0.419
34.919	-1.140	-0.421
34.975	-1.140	-0.422
35.018	-1.140	-0.423
35.070	-1.140	-0.424
35.125	-1.140	-0.425
35.168	-1.150	-0.425
35.220	-1.150	-0.427
35.270	-1.150	-0.427
35.318	-1.150	-0.428
35.374	-1.150	-0.429
35.425	-1.150	-0.431
35.468	-1.160	-0.432
35.520	-1.160	-0.433
35.575	-1.160	-0.434
35.618	-1.160	-0.435
35.670	-1.160	-0.436
35.726	-1.160	-0.437
35.770	-1.170	-0.438
35.820	-1.170	-0.439
35.868	-1.170	-0.440
35.918	-1.170	-0.441
35.970	-1.170	-0.442
36.025	-1.170	-0.443
36.070	-1.180	-0.444
36.126	-1.180	-0.445
36.176	-1.180	-0.447
36.220	-1.180	-0.448
36.275	-1.180	-0.449
36.326	-1.180	-0.450
36.368	-1.190	-0.451
36.426	-1.190	-0.452
36.469	-1.190	-0.452
36.520	-1.190	-0.454
36.575	-1.190	-0.454
36.618	-1.190	-0.456
36.670	-1.200	-0.457
36.726	-1.200	-0.458
36.769	-1.200	-0.460
36.825	-1.200	-0.460
36.876	-1.200	-0.462
36.920	-1.200	-0.463
36.970	-1.210	-0.463
37.018	-1.210	-0.464
37.068	-1.210	-0.465
37.124	-1.210	-0.466
37.169	-1.210	-0.467
37.228	-1.210	-0.469
37.275	-1.220	-0.469
37.318	-1.220	-0.471
37.370	-1.220	-0.472
37.425	-1.220	-0.473
37.468	-1.220	-0.474
37.525	-1.220	-0.475
37.568	-1.230	-0.476
37.619	-1.230	-0.477
37.680	-1.230	-0.478
37.717	-1.230	-0.479
37.768	-1.230	-0.480
37.820	-1.230	-0.481
37.868	-1.240	-0.482
37.920	-1.240	-0.483
37.975	-1.240	-0.485
38.018	-1.240	-0.486
38.070	-1.240	-0.487
38.130	-1.240	-0.488
38.168	-1.250	-0.489
38.225	-1.250	-0.489
38.268	-1.250	-0.490
38.318	-1.250	-0.491
38.374	-1.250	-0.492
38.426	-1.250	-0.493
38.469	-1.260	-0.495
38.521	-1.260	-0.496
38.577	-1.260	-0.498
38.620	-1.260	-0.499
38.675	-1.260	-0.500
38.718	-1.260	-0.501
38.770	-1.270	-0.502
38.826	-1.270	-0.502
38.876	-1.270	-0.503
38.920	-1.270	-0.504
38.968	-1.270	-0.505
39.027	-1.270	-0.506
39.074	-1.280	-0.508
39.126	-1.280	-0.509
39.170	-1.280	-0.511
39.220	-1.280	-0.512
39.276	-1.280	-0.513
39.320	-1.280	-0.514
39.376	-1.290	-0.515
39.418	-1.290	-0.515
39.478	-1.290	-0.516
39.525	-1.290	-0.517
39.576	-1.290	-0.519
39.619	-1.290	-0.519
39.676	-1.300	-0.521
39.719	-1.300	-0.522
39.770	-1.300	-0.524
39.826	-1.300	-0.525
39.869	-1.300	-0.526
39.928	-1.300	-0.526
39.975	-1.310	-0.528
40.020	-1.310	-0.528
40.076	-1.310	-0.529
40.117	-1.310	-0.530
40.170	-1.310	-0.532
40.225	-1.310	-0.532
40.269	-1.320	-0.534
40.320	-1.320	-0.535
40.377	-1.320	-0.537
40.421	-1.320	-0.537
40.475	-1.320	-0.539
40.518	-1.320	-0.539
40.570	-1.330	-0.541
40.626	-1.330	-0.541
40.667	-1.330	-0.542
40.721	-1.330	-0.543
40.768	-1.330	-0.544
40.828	-1.330	-0.545
40.875	-1.340	-0.547
40.917	-1.340	-0.548
40.970	-1.340	-0.549
41.025	-1.340	-0.551
41.068	-1.340	-0.552
41.125	-1.340	-0.552
41.169	-1.350	-0.554
41.220	-1.350	-0.554
41.280	-1.350	-0.555
41.317	-1.350	-0.556
41.369	-1.350	-0.558
41.425	-1.350	-0.559
41.469	-1.360	-0.560
41.526	-1.360	-0.561
41.576	-1.360	-0.563
41.620	-1.360	-0.564
41.676	-1.360	-0.565
41.726	-1.360	-0.566
41.769	-1.370	-0.567
41.835	-1.370	-0.568
41.870	-1.370	-0.568
41.920	-1.370	-0.569
41.976	-1.370	-0.571
42.018	-1.370	-0.572
42.074	-1.380	-0.573
42.126	-1.380	-0.575
42.170	-1.380	-0.576
42.226	-1.380	-0.577
42.267	-1.380	-0.578
42.320	-1.380	-0.579
42.375	-1.390	-0.579
42.417	-1.390	-0.581
42.470	-1.390	-0.581
42.526	-1.390	-0.583
42.570	-1.390	-0.583
42.630	-1.390	-0.585
42.668	-1.400	-0.586
42.720	-1.400	-0.588
42.776	-1.400	-0.589
42.816	-1.400	-0.590
42.870	-1.400	-0.591
42.917	-1.400	-0.592
42.970	-1.410	-0.593
43.025	-1.410	-0.594
43.076	-1.410	-0.595
43.119	-1.410	-0.596
43.171	-1.410	-0.597
43.226	-1.410	-0.598
43.270	-1.420	-0.599
43.326	-1.420	-0.601
43.368	-1.420	-0.602
43.425	-1.420	-0.603
43.476	-1.420	-0.604
43.527	-1.420	-0.605
43.570	-1.430	-0.606
43.617	-1.430	-0.607
43.670	-1.430	-0.608
43.725	-1.430	-0.609
43.768	-1.430	-0.610
43.820	-1.430	-0.611
43.876	-1.440	-0.613
43.917	-1.440	-0.614
43.975	-1.440	-0.616
44.017	-1.440	-0.616
44.070	-1.440	-0.618
44.125	-1.440	-0.619
44.176	-1.450	-0.620
44.220	-1.450	-0.620
44.270	-1.450	-0.621
44.318	-1.450	-0.622
44.375	-1.450	-0.624
44.426	-1.450	-0.624
44.468	-1.460	-0.626
44.520	-1.460	-0.628
44.577	-1.460	-0.629
44.619	-1.460	-0.630
44.671	-1.460	-0.631
44.718	-1.460	-0.632
44.775	-1.470	-0.633
44.827	-1.470	-0.633
44.878	-1.470	-0.635
44.921	-1.470	-0.635
44.976	-1.470	-0.637
45.018	-1.470	-0.638
45.076	-1.480	-0.639
45.119	-1.480	-0.641
45.171	-1.480	-0.642
45.227	-1.480	-0.643
45.268	-1.480	-0.644
45.329	-1.480	-0.645
45.376	-1.490	-0.646
45.421	-1.490	-0.647
45.477	-1.490	-0.647
45.527	-1.490	-0.649
45.570	-1.490	-0.650
45.621	-1.490	-0.652
45.669	-1.500	-0.653
45.720	-1.500	-0.654
45.777	-1.500	-0.655
45.820	-1.500	-0.657
45.871	-1.500	-0.657
45.927	-1.500	-0.658
45.970	-1.510	-0.659
46.025	-1.510	-0.660
46.077	-1.510	-0.661
46.121	-1.510	-0.662
46.167	-1.510	-0.663
46.228	-1.510	-0.665
46.272	-1.520	-0.666
46.327	-1.520	-0.667
46.371	-1.520	-0.669
46.422	-1.520	-0.669
46.477	-1.520	-0.671
46.521	-1.520	-0.671
46.567	-1.530	-0.672
46.619	-1.530	-0.673
46.680	-1.530	-0.674
46.727	-1.530	-0.675
46.769	-1.530	-0.677
46.821	-1.530	-0.678
46.870	-1.540	-0.679
46.926	-1.540	-0.680
46.976	-1.540	-0.682
47.020	-1.540	-0.683
47.071	-1.540	-0.684
47.126	-1.540	-0.685
47.168	-1.550	-0.686
47.227	-1.550	-0.686
47.270	-1.550	-0.688
47.321	-1.550	-0.688
47.377	-1.550	-0.690
47.419	-1.550	-0.691
47.475	-1.560	-0.692
47.527	-1.560	-0.694
47.571	-1.560	-0.695
47.627	-1.560	-0.696
47.669	-1.560	-0.697
47.721	-1.560	-0.698
47.776	-1.570	-0.699
47.819	-1.570	-0.700
47.871	-1.570	-0.700
47.927	-1.570	-0.702
47.971	-1.570	-0.703
48.031	-1.570	-0.704
48.069	-1.580	-0.706
48.121	-1.580	-0.707
48.177	-1.580	-0.708
48.217	-1.580	-0.709
48.271	-1.580	-0.710
48.318	-1.580	-0.711
48.371	-1.590	-0.712
48.426	-1.590	-0.713
48.478	-1.590	-0.714
48.521	-1.590	-0.715
48.575	-1.590	-0.716
48.619	-1.590	-0.717
48.676	-1.600	-0.719
48.719	-1.600	-0.720
48.771	-1.600	-0.721
48.827	-1.600	-0.723
48.869	-1.600	-0.724
48.929	-1.600	-0.725
48.976	-1.610	-0.725
49.021	-1.610	-0.727
49.077	-1.610	-0.727
49.118	-1.610	-0.728
49.171	-1.610	-0.729
49.226	-1.610	-0.731
49.269	-1.620	-0.732
49.321	-1.620	-0.734
49.378	-1.620	-0.735
49.421	-1.620	-0.736
49.476	-1.620	-0.737
49.518	-1.620	-0.738
49.571	-1.630	-0.739
49.626	-1.630	-0.740
49.677	-1.630	-0.740
49.721	-1.630	-0.742
49.769	-1.630	-0.743
49.829	-1.630	-0.744
49.876	-1.640	-0.746
49.917	-1.640	-0.747
49.971	-1.640	-0.748
50.026	-1.640	-0.749
50.067	-1.640	-0.750
50.121	-1.640	-0.751
50.177	-1.650	-0.752
50.218	-1.650	-0.753
50.279	-1.650	-0.754
50.325	-1.650	-0.755
50.376	-1.650	-0.756
50.419	-1.650	-0.757
50.476	-1.660	-0.759
50.519	-1.660	-0.760
50.569	-1.660	-0.762
50.621	-1.660	-0.762
50.676	-1.660	-0.763
50.725	-1.660	-0.764
50.767	-1.670	-0.765
50.821	-1.670	-0.766
50.875	-1.670	-0.767
50.926	-1.670	-0.768
50.967	-1.670	-0.770
51.018	-1.670	-0.771
51.071	-1.680	-0.772
51.121	-1.680	-0.773
51.177	-1.680	-0.775
51.219	-1.680	-0.776
51.270	-1.680	-0.777
51.321	-1.680	-0.777
51.371	-1.690	-0.778
51.427	-1.690	-0.779
51.467	-1.690	-0.780
51.520	-1.690	-0.781
51.575	-1.690	-0.783
51.625	-1.690	-0.784
51.667	-1.700	-0.785
51.719	-1.700	-0.787
51.770	-1.700	-0.788
51.821	-1.700	-0.789
51.876	-1.700	-0.790
51.919	-1.700	-0.791
51.971	-1.710	-0.791
52.021	-1.710	-0.793
52.081	-1.710	-0.793
52.117	-1.710	-0.795
52.167	-1.710	-0.796
52.219	-1.710	-0.798
52.275	-1.720	-0.798
52.327	-1.720	-0.800
52.367	-1.720	-0.801
52.419	-1.720	-0.802
52.471	-1.720	-0.803
52.529	-1.720	-0.804
52.575	-1.730	-0.805
52.618	-1.730	-0.806
52.671	-1.730	-0.807
52.721	-1.730	-0.808
52.775	-1.730	-0.809
52.827	-1.730	-0.810
52.869	-1.740	-0.812
52.918	-1.740	-0.813
52.971	-1.740	-0.815
53.017	-1.740	-0.815
53.067	-1.740	-0.817
53.119	-1.740	-0.817
53.171	-1.750	-0.818
53.221	-1.750	-0.819
53.271	-1.750	-0.820
53.317	-1.750	-0.821
53.371	-1.750	-0.822
53.429	-1.750	-0.824
53.475	-1.760	-0.825
53.526	-1.760	-0.826
53.569	-1.760	-0.827
53.619	-1.760	-0.829
53.671	-1.760	-0.829
53.726	-1.760	-0.831
53.768	-1.770	-0.831
53.818	-1.770	-0.832
53.878	-1.770	-0.833
53.921	-1.770	-0.834
53.971	-1.770	-0.835
54.026	-1.770	-0.837
54.070	-1.780	-0.838
54.121	-1.780	-0.840
54.171	-1.780	-0.841
54.227	-1.780	-0.842
54.267	-1.780	-0.843
54.327	-1.780	-0.844
54.370	-1.790	-0.845
54.426	-1.790	-0.845
54.468	-1.790	-0.847
54.518	-1.790	-0.848
54.570	-1.790	-0.849
54.620	-1.790	-0.850
54.677	-1.800	-0.852
54.717	-1.800	-0.853
54.769	-1.800	-0.854
54.821	-1.800	-0.855
54.871	-1.800	-0.856
54.919	-1.800	-0.857
54.969	-1.810	-0.858
55.019	-1.810	-0.859
55.071	-1.810	-0.860
55.127	-1.810	-0.861
55.169	-1.810	-0.862
55.229	-1.810	-0.864
55.271	-1.820	-0.865
55.321	-1.820	-0.866
55.368	-1.820	-0.867
55.419	-1.820	-0.869
55.470	-1.820	-0.869
55.517	-1.820	-0.870
55.569	-1.830	-0.871
55.619	-1.830	-0.872
55.680	-1.830	-0.873
55.721	-1.830	-0.874
55.771	-1.830	-0.875
55.818	-1.830	-0.876
55.870	-1.840	-0.878
55.927	-1.840	-0.879
55.977	-1.840	-0.881
56.019	-1.840	-0.881
56.069	-1.840	-0.883
56.129	-1.840	-0.883
56.171	-1.850	-0.884
56.219	-1.850	-0.885
56.271	-1.850	-0.886
56.320	-1.850	-0.887
56.372	-1.850	-0.889
56.417	-1.850	-0.890
56.469	-1.860	-0.891
56.519	-1.860	-0.893
56.571	-1.860	-0.893
56.619	-1.860	-0.895
56.669	-1.860	-0.896
56.720	-1.860	-0.897
56.771	-1.870	-0.897
56.827	-1.870	-0.898
56.867	-1.870	-0.899
56.919	-1.870	-0.900
56.967	-1.870	-0.902
57.021	-1.870	-0.903
57.069	-1.880	-0.904
57.119	-1.880	-0.905
57.170	-1.880	-0.907
57.221	-1.880	-0.908
57.277	-1.880	-0.909
57.319	-1.880	-0.909
57.371	-1.890	-0.911
57.421	-1.890	-0.911
57.471	-1.890	-0.912
57.518	-1.890	-0.914
57.569	-1.890	-0.915
57.619	-1.890	-0.916
57.667	-1.900	-0.918
57.719	-1.900	-0.919
57.769	-1.900	-0.920
57.821	-1.900	-0.921
57.872	-1.900	-0.922
57.927	-1.900	-0.923
57.968	-1.910	-0.923
58.021	-1.910	-0.925
58.067	-1.910	-0.926
58.117	-1.910	-0.927
58.169	-1.910	-0.928
58.219	-1.910	-0.929
58.271	-1.920	-0.931
58.317	-1.920	-0.932
58.369	-1.920	-0.933
58.421	-1.920	-0.934
58.471	-1.920	-0.936
58.518	-1.920	-0.936
58.569	-1.930	-0.937
58.619	-1.930	-0.938
58.671	-1.930	-0.939
58.727	-1.930	-0.940
58.769	-1.930	-0.942
58.829	-1.930	-0.943
58.871	-1.940	-0.944
58.922	-1.940	-0.946
58.969	-1.940	-0.947
59.019	-1.940	-0.948
59.070	-1.940	-0.949
59.117	-1.940	-0.950
59.169	-1.950	-0.951
59.219	-1.950	-0.951
59.279	-1.950	-0.953
59.326	-1.950	-0.954
59.376	-1.950	-0.956
59.419	-1.950	-0.957
59.471	-1.960	-0.958
59.525	-1.960	-0.960
59.575	-1.960	-0.961
59.619	-1.960	-0.962
59.669	-1.960	-0.963
59.727	-1.960	-0.964
59.770	-1.970	-0.965
59.826	-1.970	-0.965
59.869	-1.970	-0.967
59.919	-1.970	-0.968
59.970	-1.970	-0.970
60.021	-1.970	-0.970
60.075	-1.980	-0.972
60.126	-1.980	-0.973
60.169	-1.980	-0.975
60.221	-1.980	-0.975
60.271	-1.980	-0.976
60.326	-1.980	-0.977
60.377	-1.990	-0.978
60.419	-1.990	-0.979
60.469	-1.990	-0.980
60.521	-1.990	-0.982
60.576	-1.990	-0.983
60.627	-1.990	-0.984
60.669	-2.000	-0.985
60.719	-2.000	-0.987
60.771	-2.000	-0.987
60.821	-2.000	-0.989
60.878	-2.000	-0.990
60.919	-2.000	-0.990
60.971	-2.010	-0.991
61.021	-2.010	-0.992
61.081	-2.010	-0.993
61.126	-2.010	-0.994
61.168	-2.010	-0.996
61.219	-2.010	-0.997
61.271	-2.020	-0.999
61.327	-2.020	-1.000
61.376	-2.020	-1.001
61.419	-2.020	-1.002
61.470	-2.020	-1.002
61.529	-2.020	-1.003
61.572	-2.030	-1.005
61.619	-2.030	-1.006
61.670	-2.030	-1.007
61.721	-2.030	-1.008
61.775	-2.030	-1.009
61.826	-2.030	-1.010
61.869	-2.040	-1.012
61.919	-2.040	-1.013
61.971	-2.040	-1.014
62.018	-2.040	-1.015
62.069	-2.040	-1.016
62.120	-2.040	-1.016
62.171	-2.050	-1.017
62.222	-2.050	-1.019
62.276	-2.050	-1.020
62.320	-2.050	-1.021
62.372	-2.050	-1.022
62.430	-2.050	-1.024
62.477	-2.060	-1.024
62.520	-2.060	-1.027
62.570	-2.060	-1.027
62.620	-2.060	-1.028
62.672	-2.060	-1.029
62.728	-2.060	-1.030
62.770	-2.070	-1.030
62.820	-2.070	-1.032
62.880	-2.070	-1.032
62.926	-2.070	-1.034
62.977	-2.070	-1.035
63.019	-2.070	-1.036
63.072	-2.080	-1.038
63.126	-2.080	-1.039
63.176	-2.080	-1.040
63.220	-2.080	-1.041
63.270	-2.080	-1.042
63.329	-2.080	-1.043
63.372	-2.090	-1.044
63.428	-2.090	-1.045
63.470	-2.090	-1.046
63.520	-2.090	-1.047
63.572	-2.090	-1.049
63.626	-2.090	-1.050
63.669	-2.100	-1.051
63.719	-2.100	-1.052
63.773	-2.100	-1.053
63.828	-2.100	-1.055
63.868	-2.100	-1.055
63.920	-2.100	-1.056
63.972	-2.110	-1.057
64.026	-2.110	-1.058
64.077	-2.110	-1.059
64.119	-2.110	-1.060
64.172	-2.110	-1.061
64.223	-2.110	-1.063
64.268	-2.120	-1.064
64.319	-2.120	-1.065
64.372	-2.120	-1.066
64.422	-2.120	-1.067
64.476	-2.120	-1.068
64.519	-2.120	-1.069
64.572	-2.130	-1.070
64.622	-2.130	-1.071
64.682	-2.130	-1.072
64.718	-2.130	-1.073
64.769	-2.130	-1.075
64.821	-2.130	-1.076
64.877	-2.140	-1.077
64.919	-2.140	-1.079
64.969	-2.140	-1.079
65.022	-2.140	-1.081
65.076	-2.140	-1.081
65.126	-2.140	-1.082
65.169	-2.150	-1.083
65.222	-2.150	-1.084
65.277	-2.150	-1.085
65.327	-2.150	-1.087
65.369	-2.150	-1.088
65.420	-2.150	-1.089
65.472	-2.160	-1.090
65.522	-2.160	-1.092
65.569	-2.160	-1.093
65.622	-2.160	-1.094
65.672	-2.160	-1.095
65.727	-2.160	-1.095
65.778	-2.170	-1.096
65.819	-2.170	-1.097
65.870	-2.170	-1.099
65.922	-2.170	-1.100
65.969	-2.170	-1.101
66.029	-2.170	-1.102
66.071	-2.180	-1.104
66.122	-2.180	-1.105
66.177	-2.180	-1.106
66.228	-2.180	-1.107
66.270	-2.180	-1.108
66.322	-2.180	-1.108
66.368	-2.190	-1.109
66.419	-2.190	-1.110
66.479	-2.190	-1.111
66.522	-2.190	-1.112
66.572	-2.190	-1.114
66.627	-2.190	-1.115
66.671	-2.200	-1.117
66.722	-2.200	-1.118
66.772	-2.200	-1.119
66.819	-2.200	-1.120
66.870	-2.200	-1.121
66.929	-2.200	-1.122
66.972	-2.210	-1.123
67.018	-2.210	-1.123
67.070	-2.210	-1.125
67.121	-2.210	-1.126
67.172	-2.210	-1.127
67.227	-2.210	-1.129
67.269	-2.220	-1.130
67.320	-2.220	-1.131
67.372	-2.220	-1.132
67.428	-2.220	-1.133
67.468	-2.220	-1.134
67.520	-2.220	-1.135
67.572	-2.230	-1.136
67.626	-2.230	-1.137
67.677	-2.230	-1.138
67.719	-2.230	-1.139
67.772	-2.230	-1.140
67.831	-2.230	-1.142
67.878	-2.240	-1.143
67.918	-2.240	-1.144
67.971	-2.240	-1.145
68.022	-2.240	-1.146
68.076	-2.240	-1.147
68.120	-2.240	-1.148
68.172	-2.250	-1.149
68.222	-2.250	-1.150
68.281	-2.250	-1.151
68.318	-2.250	-1.152
68.368	-2.250	-1.153
68.421	-2.250	-1.155
68.477	-2.260	-1.156
68.518	-2.260	-1.158
68.569	-2.260	-1.159
68.622	-2.260	-1.160
68.672	-2.260	-1.161
68.726	-2.260	-1.161
68.768	-2.270	-1.162
68.822	-2.270	-1.163
68.876	-2.270	-1.164
68.927	-2.270	-1.166
68.969	-2.270	-1.167
69.019	-2.270	-1.168
69.072	-2.280	-1.169
69.122	-2.280	-1.170
69.178	-2.280	-1.172
69.221	-2.280	-1.173
69.272	-2.280	-1.174
69.326	-2.280	-1.175
69.377	-2.290	-1.175
69.419	-2.290	-1.177
69.470	-2.290	-1.177
69.522	-2.290	-1.179
69.568	-2.290	-1.180
69.628	-2.290	-1.182
69.670	-2.300	-1.183
69.722	-2.300	-1.184
69.777	-2.300	-1.186
69.827	-2.300	-1.187
69.869	-2.300	-1.187
69.922	-2.300	-1.188
69.978	-2.310	-1.189
70.018	-2.310	-1.190
70.078	-2.310	-1.191
70.122	-2.310	-1.192
70.172	-2.310	-1.194
70.227	-2.310	-1.195
70.270	-2.320	-1.196
70.322	-2.320	-1.198
70.372	-2.320	-1.199
70.427	-2.320	-1.199
70.468	-2.320	-1.201
70.528	-2.320	-1.202
70.571	-2.330	-1.202
70.627	-2.330	-1.203
70.672	-2.330	-1.204
70.720	-2.330	-1.206
70.772	-2.330	-1.207
70.822	-2.330	-1.209
70.868	-2.340	-1.210
70.919	-2.340	-1.211
70.972	-2.340	-1.212
71.027	-2.340	-1.213
71.078	-2.340	-1.213
71.119	-2.340	-1.215
71.171	-2.350	-1.215
71.222	-2.350	-1.217
71.272	-2.350	-1.218
71.318	-2.350	-1.219
71.372	-2.350	-1.220
71.430	-2.350	-1.222
71.477	-2.360	-1.223
71.528	-2.360	-1.224
71.570	-2.360	-1.225
71.621	-2.360	-1.226
71.672	-2.360	-1.227
71.718	-2.360	-1.228
71.771	-2.370	-1.228
71.822	-2.370	-1.230
71.881	-2.370	-1.231
71.927	-2.370	-1.232
71.977	-2.370	-1.233
72.019	-2.370	-1.235
72.072	-2.380	-1.236
72.128	-2.380	-1.237
72.168	-2.380	-1.238
72.221	-2.380	-1.239
72.272	-2.380	-1.240
72.331	-2.380	-1.241
72.377	-2.390	-1.242
72.422	-2.390	-1.243
72.472	-2.390	-1.245
72.526	-2.390	-1.245
72.578	-2.390	-1.247
72.618	-2.390	-1.248
72.672	-2.400	-1.249
72.724	-2.400	-1.250
72.778	-2.400	-1.252
72.819	-2.400	-1.253
72.862	-2.400	-1.253
72.910	-2.290	-1.254
72.958	-2.170	-1.235
73.012	-2.030	-1.143
73.060	-1.890	-1.038
73.108	-1.720	-0.935
73.162	-1.540	-0.824
73.220	-1.340	-0.706
73.260	-1.130	-0.582
73.316	-0.920	-0.453
73.362	-0.710	-0.327
73.409	-0.500	-0.266
73.458	-0.320	-0.169
73.508	-0.140	-0.077
73.566	0.000	-0.023
73.606	0.000	-0.004
73.650	0.000	-0.003
73.700	0.000	-0.003
73.750	0.000	-0.003
73.800	0.000	-0.003
73.850	0.000	-0.002
73.900	0.000	-0.002
73.954	0.000	-0.002
74.004	0.000	-0.001
74.052	0.000	-0.002
74.100	0.000	-0.001
74.151	0.000	-0.001
74.202	0.000	-0.002
74.251	0.000	-0.001
74.304	0.000	-0.001
74.355	0.000	-0.001
74.402	0.000	-0.001
74.454	0.000	-0.001
74.502	0.000	-0.001
74.552	0.000	-0.001
74.602	0.000	-0.001
74.650	0.000	-0.001
74.700	0.000	-0.001
74.752	0.000	-0.000
74.802	0.000	-0.001
74.851	0.000	-0.000
74.901	0.000	-0.000
74.952	0.000	-0.000
75.000	0.000	-0.000
75.054	0.000	-0.000
75.102	0.000	-0.000
75.152	0.000	-0.001
75.200	0.000	-0.000
75.250	0.000	0.000
75.299	0.000	-0.000
75.354	0.000	-0.000
75.400	0.000	-0.000
75.471	0.000	0.000
75.498	0.000	0.000
75.549	0.000	0.000
75.600	0.000	0.000
75.649	0.000	0.000
75.700	0.000	0.000
75.749	0.000	0.000
75.801	0.000	-0.000
75.852	0.000	-0.000
75.906	0.000	0.000
75.972	0.000	0.000
76.000	0.000	0.000
76.047	0.000	0.000
76.100	0.000	0.000
76.147	0.000	0.000
76.199	0.000	0.000
76.247	0.000	0.000
76.299	0.000	0.000
76.351	0.000	0.000
76.398	0.000	0.000
76.459	0.000	0.000
76.517	0.000	0.000
76.551	0.000	0.000
76.598	0.000	0.000
76.660	0.000	0.000
76.701	0.000	0.000
76.749	0.000	0.000
76.798	0.000	0.000
76.849	0.000	0.000
76.897	0.000	0.000
76.949	0.000	0.000
76.999	0.000	0.000
77.049	0.000	0.000
77.098	0.000	0.000
77.153	0.000	0.000
77.223	0.000	0.000
77.256	0.000	0.000
77.299	0.000	0.000
77.350	0.000	0.000
77.397	0.000	0.000
77.449	0.000	0.000
77.497	0.000	0.000
77.551	0.000	0.000
77.601	0.000	0.000
77.647	0.000	0.000
77.700	0.000	0.000
77.749	0.000	0.000
77.802	0.000	0.000
77.858	0.000	0.000
77.900	0.000	0.000
77.958	0.000	0.000
77.998	0.000	0.000
78.050	0.000	0.000
78.100	0.000	0.000
78.148	0.000	0.000
78.200	0.000	0.000
78.251	0.000	0.000
78.298	0.000	0.000
78.351	0.000	0.000
78.398	0.000	0.000
78.451	0.000	0.000
78.527	0.000	0.000
78.562	0.000	0.000
78.614	0.000	0.000
78.650	0.000	0.000
78.700	0.000	0.000
78.749	0.000	0.000
78.801	0.000	0.000
78.849	0.000	0.000
78.897	0.000	0.000
78.952	0.000	0.000
79.001	0.000	0.000
79.052	0.000	0.000
79.101	0.000	0.000
79.149	0.000	0.000
79.201	0.000	0.000
79.252	0.000	0.000
79.299	0.000	0.000
79.350	0.000	0.000
79.400	0.000	0.000
79.451	0.000	0.000
79.500	0.000	0.000
79.550	0.000	0.000
79.601	0.000	0.000
79.655	0.000	0.000
79.701	0.000	0.000
79.751	0.000	0.000
79.802	0.000	0.000
79.851	0.000	0.000
