Time(s)	Extension(mm)	Load(N)
0.001	0.000	0.000
0.019	0.000	0.000
0.038	0.000	0.000
0.087	0.000	0.000
0.138	0.000	0.000
0.188	0.000	0.000
0.240	0.000	0.000
0.286	0.000	0.000
0.340	0.000	0.000
0.388	0.000	0.000
0.437	0.000	0.000
0.488	0.000	0.000
0.537	0.000	0.000
0.590	0.000	0.000
0.640	0.000	0.000
0.685	0.000	0.000
0.738	0.000	0.000
0.788	0.000	0.000
0.838	0.000	0.000
0.887	0.000	0.000
0.940	0.000	0.000
0.990	0.000	0.000
1.040	0.000	0.000
1.090	0.000	0.000
1.138	0.000	0.000
1.188	0.000	0.000
1.245	-0.000	0.000
1.307	-0.000	0.000
1.359	-0.000	0.000
1.407	-0.010	0.000
1.458	-0.010	0.000
1.509	-0.010	0.000
1.556	-0.010	0.000
1.608	-0.010	0.000
1.658	-0.010	0.000
1.705	-0.020	0.000
1.757	-0.020	0.000
1.808	-0.020	0.001
1.863	-0.020	0.000
1.903	-0.020	0.000
1.955	-0.020	0.000
2.007	-0.030	0.000
2.056	-0.030	0.001
2.108	-0.030	0.000
2.155	-0.030	0.000
2.205	-0.030	0.000
2.255	-0.030	0.000
2.308	-0.040	0.000
2.358	-0.040	0.000
2.405	-0.040	0.001
2.456	-0.040	0.000
2.506	-0.040	0.000
2.565	-0.040	0.000
2.607	-0.050	0.000
2.656	-0.050	0.001
2.708	-0.050	0.000
2.757	-0.050	0.000
2.808	-0.050	0.000
2.854	-0.050	0.000
2.903	-0.060	0.001
2.958	-0.060	0.000
3.013	-0.060	0.000
3.056	-0.060	0.000
3.104	-0.060	0.000
3.152	-0.060	0.001
3.204	-0.070	0.000
3.256	-0.070	0.000
3.306	-0.070	0.000
3.356	-0.070	0.000
3.405	-0.070	0.001
3.464	-0.070	0.000
3.503	-0.080	0.001
3.556	-0.080	0.000
3.606	-0.080	0.000
3.656	-0.080	0.000
3.706	-0.080	0.000
3.748	-0.080	0.000
3.808	-0.090	0.000
3.856	-0.090	0.000
3.908	-0.090	0.001
3.954	-0.090	0.000
4.004	-0.090	0.000
4.055	-0.090	0.000
4.104	-0.100	0.000
4.156	-0.100	0.001
4.206	-0.100	0.000
4.256	-0.100	0.001
4.308	-0.100	0.000
4.358	-0.100	0.000
4.413	-0.110	0.001
4.456	-0.110	0.000
4.506	-0.110	0.000
4.556	-0.110	0.000
4.606	-0.110	0.000
4.658	-0.110	0.000
4.704	-0.120	0.000
4.754	-0.120	0.001
4.806	-0.120	0.000
4.854	-0.120	0.001
4.908	-0.120	0.000
4.948	-0.120	0.000
5.008	-0.130	0.000
5.062	-0.130	0.000
5.108	-0.130	0.000
5.155	-0.130	0.000
5.206	-0.130	0.001
5.264	-0.130	0.000
5.306	-0.140	0.000
5.355	-0.140	0.001
5.406	-0.140	0.000
5.454	-0.140	0.001
5.504	-0.140	0.000
5.556	-0.140	0.000
5.606	-0.150	0.000
5.656	-0.150	0.000
5.708	-0.150	0.000
5.759	-0.150	0.000
5.808	-0.150	0.000
5.854	-0.150	0.000
5.906	-0.160	0.000
5.956	-0.160	-0.000
6.007	-0.160	-0.002
6.058	-0.160	-0.003
6.107	-0.160	-0.004
6.166	-0.160	-0.005
6.207	-0.170	-0.006
6.256	-0.170	-0.006
6.306	-0.170	-0.007
6.356	-0.170	-0.008
6.406	-0.170	-0.008
6.456	-0.170	-0.009
6.508	-0.180	-0.009
6.558	-0.180	-0.009
6.613	-0.180	-0.010
6.656	-0.180	-0.010
6.705	-0.180	-0.011
6.756	-0.180	-0.012
6.806	-0.190	-0.012
6.858	-0.190	-0.013
6.908	-0.190	-0.013
6.958	-0.190	-0.014
7.006	-0.190	-0.014
7.064	-0.190	-0.015
7.106	-0.200	-0.015
7.156	-0.200	-0.015
7.208	-0.200	-0.016
7.258	-0.200	-0.016
7.308	-0.200	-0.017
7.356	-0.200	-0.017
7.406	-0.210	-0.018
7.456	-0.210	-0.019
7.514	-0.210	-0.019
7.556	-0.210	-0.019
7.606	-0.210	-0.020
7.656	-0.210	-0.020
7.708	-0.220	-0.020
7.763	-0.220	-0.020
7.808	-0.220	-0.021
7.854	-0.220	-0.021
7.904	-0.220	-0.022
7.958	-0.220	-0.023
8.005	-0.230	-0.023
8.056	-0.230	-0.024
8.107	-0.230	-0.024
8.157	-0.230	-0.025
8.206	-0.230	-0.025
8.257	-0.230	-0.025
8.308	-0.240	-0.026
8.358	-0.240	-0.026
8.408	-0.240	-0.027
8.454	-0.240	-0.027
8.508	-0.240	-0.028
8.555	-0.240	-0.029
8.604	-0.250	-0.029
8.655	-0.250	-0.030
8.704	-0.250	-0.030
8.756	-0.250	-0.031
8.807	-0.250	-0.031
8.866	-0.250	-0.031
8.907	-0.260	-0.032
8.956	-0.260	-0.032
9.007	-0.260	-0.033
9.057	-0.260	-0.033
9.108	-0.260	-0.034
9.162	-0.260	-0.034
9.205	-0.270	-0.034
9.254	-0.270	-0.035
9.308	-0.270	-0.035
9.354	-0.270	-0.035
9.409	-0.270	-0.035
9.454	-0.270	-0.035
9.506	-0.280	-0.036
9.557	-0.280	-0.035
9.607	-0.280	-0.036
9.658	-0.280	-0.036
9.707	-0.280	-0.036
9.765	-0.280	-0.036
9.807	-0.290	-0.036
9.859	-0.290	-0.037
9.909	-0.290	-0.037
9.959	-0.290	-0.037
10.009	-0.290	-0.037
10.059	-0.290	-0.037
10.114	-0.300	-0.037
10.159	-0.300	-0.037
10.207	-0.300	-0.037
10.257	-0.300	-0.037
10.307	-0.300	-0.038
10.357	-0.300	-0.039
10.407	-0.310	-0.039
10.457	-0.310	-0.040
10.507	-0.310	-0.041
10.558	-0.310	-0.041
10.609	-0.310	-0.042
10.667	-0.310	-0.042
10.709	-0.320	-0.043
10.759	-0.320	-0.043
10.809	-0.320	-0.044
10.859	-0.320	-0.044
10.909	-0.320	-0.045
10.957	-0.320	-0.046
11.007	-0.330	-0.046
11.057	-0.330	-0.047
11.115	-0.330	-0.047
11.157	-0.330	-0.048
11.206	-0.330	-0.048
11.257	-0.330	-0.048
11.308	-0.340	-0.049
11.359	-0.340	-0.049
11.408	-0.340	-0.050
11.459	-0.340	-0.050
11.509	-0.340	-0.051
11.567	-0.340	-0.052
11.608	-0.350	-0.053
11.659	-0.350	-0.053
11.706	-0.350	-0.053
11.760	-0.350	-0.054
11.806	-0.350	-0.054
11.860	-0.350	-0.055
11.907	-0.360	-0.055
11.956	-0.360	-0.056
12.008	-0.360	-0.057
12.057	-0.360	-0.057
12.107	-0.360	-0.058
12.157	-0.360	-0.059
12.207	-0.370	-0.060
12.257	-0.370	-0.060
12.307	-0.370	-0.061
12.359	-0.370	-0.061
12.410	-0.370	-0.062
12.459	-0.370	-0.062
12.510	-0.380	-0.063
12.559	-0.380	-0.064
12.610	-0.380	-0.064
12.660	-0.380	-0.065
12.710	-0.380	-0.066
12.757	-0.380	-0.067
12.808	-0.390	-0.068
12.857	-0.390	-0.069
12.915	-0.390	-0.069
12.957	-0.390	-0.070
13.007	-0.390	-0.070
13.057	-0.390	-0.071
13.110	-0.400	-0.071
13.164	-0.400	-0.072
13.209	-0.400	-0.073
13.257	-0.400	-0.074
13.306	-0.400	-0.075
13.363	-0.400	-0.076
13.406	-0.410	-0.076
13.457	-0.410	-0.077
13.508	-0.410	-0.078
13.557	-0.410	-0.079
13.608	-0.410	-0.079
13.657	-0.410	-0.080
13.708	-0.420	-0.081
13.757	-0.420	-0.082
13.810	-0.420	-0.083
13.859	-0.420	-0.085
13.908	-0.420	-0.086
13.959	-0.420	-0.088
14.008	-0.430	-0.089
14.059	-0.430	-0.091
14.107	-0.430	-0.092
14.159	-0.430	-0.093
14.205	-0.430	-0.094
14.259	-0.430	-0.095
14.309	-0.440	-0.096
14.359	-0.440	-0.098
14.409	-0.440	-0.099
14.459	-0.440	-0.101
14.509	-0.440	-0.104
14.557	-0.440	-0.106
14.609	-0.450	-0.108
14.664	-0.450	-0.110
14.715	-0.450	-0.112
14.759	-0.450	-0.114
14.809	-0.450	-0.115
14.865	-0.450	-0.117
14.909	-0.460	-0.118
14.965	-0.460	-0.121
15.007	-0.460	-0.123
15.064	-0.460	-0.125
15.115	-0.460	-0.128
15.167	-0.460	-0.131
15.209	-0.470	-0.133
15.258	-0.470	-0.135
15.309	-0.470	-0.137
15.365	-0.470	-0.138
15.408	-0.470	-0.140
15.459	-0.470	-0.142
15.515	-0.480	-0.144
15.557	-0.480	-0.146
15.610	-0.480	-0.148
15.657	-0.480	-0.151
15.707	-0.480	-0.154
15.760	-0.480	-0.157
15.815	-0.490	-0.159
15.858	-0.490	-0.162
15.909	-0.490	-0.164
15.965	-0.490	-0.166
16.010	-0.490	-0.168
16.057	-0.490	-0.169
16.107	-0.500	-0.171
16.159	-0.500	-0.173
16.214	-0.500	-0.176
16.265	-0.500	-0.179
16.308	-0.500	-0.181
16.365	-0.500	-0.184
16.408	-0.510	-0.187
16.459	-0.510	-0.190
16.519	-0.510	-0.191
16.557	-0.510	-0.193
16.609	-0.510	-0.195
16.664	-0.510	-0.197
16.709	-0.520	-0.199
16.764	-0.520	-0.201
16.815	-0.520	-0.204
16.858	-0.520	-0.206
16.910	-0.520	-0.210
16.957	-0.520	-0.212
17.007	-0.530	-0.215
17.064	-0.530	-0.218
17.107	-0.530	-0.220
17.159	-0.530	-0.222
17.213	-0.530	-0.224
17.265	-0.530	-0.226
17.309	-0.540	-0.228
17.360	-0.540	-0.230
17.417	-0.540	-0.233
17.459	-0.540	-0.236
17.514	-0.540	-0.239
17.557	-0.540	-0.242
17.608	-0.550	-0.245
17.664	-0.550	-0.248
17.715	-0.550	-0.250
17.759	-0.550	-0.252
17.807	-0.550	-0.254
17.867	-0.550	-0.256
17.910	-0.560	-0.259
17.964	-0.560	-0.261
18.008	-0.560	-0.264
18.059	-0.560	-0.268
18.115	-0.560	-0.272
18.159	-0.560	-0.275
18.215	-0.570	-0.279
18.257	-0.570	-0.282
18.317	-0.570	-0.284
18.360	-0.570	-0.287
18.413	-0.570	-0.289
18.457	-0.570	-0.292
18.509	-0.580	-0.294
18.557	-0.580	-0.297
18.607	-0.580	-0.301
18.664	-0.580	-0.305
18.715	-0.580	-0.309
18.766	-0.580	-0.312
18.809	-0.590	-0.317
18.857	-0.590	-0.320
18.910	-0.590	-0.323
18.963	-0.590	-0.325
19.007	-0.590	-0.328
19.059	-0.590	-0.331
19.115	-0.600	-0.334
19.157	-0.600	-0.337
19.209	-0.600	-0.341
19.257	-0.600	-0.344
19.307	-0.600	-0.349
19.359	-0.600	-0.353
19.415	-0.610	-0.357
19.457	-0.610	-0.360
19.508	-0.610	-0.363
19.565	-0.610	-0.366
19.608	-0.610	-0.369
19.667	-0.610	-0.372
19.715	-0.620	-0.374
19.758	-0.620	-0.378
19.809	-0.620	-0.382
19.865	-0.620	-0.386
19.908	-0.620	-0.390
19.965	-0.620	-0.394
20.008	-0.630	-0.398
20.059	-0.630	-0.402
20.119	-0.630	-0.405
20.157	-0.630	-0.408
20.207	-0.630	-0.411
20.259	-0.630	-0.414
20.307	-0.640	-0.417
20.359	-0.640	-0.421
20.414	-0.640	-0.425
20.458	-0.640	-0.429
20.509	-0.640	-0.434
20.569	-0.640	-0.438
20.607	-0.650	-0.442
20.659	-0.650	-0.446
20.707	-0.650	-0.449
20.757	-0.650	-0.452
20.809	-0.650	-0.455
20.865	-0.650	-0.458
20.908	-0.660	-0.462
20.959	-0.660	-0.466
21.016	-0.660	-0.469
21.060	-0.660	-0.474
21.114	-0.660	-0.479
21.157	-0.660	-0.484
21.209	-0.670	-0.488
21.264	-0.670	-0.493
21.315	-0.670	-0.496
21.359	-0.670	-0.499
21.407	-0.670	-0.502
21.467	-0.670	-0.505
21.514	-0.680	-0.509
21.565	-0.680	-0.512
21.609	-0.680	-0.517
21.659	-0.680	-0.522
21.707	-0.680	-0.527
21.765	-0.680	-0.532
21.808	-0.690	-0.537
21.859	-0.690	-0.541
21.919	-0.690	-0.545
21.957	-0.690	-0.548
22.010	-0.690	-0.551
22.065	-0.690	-0.555
22.109	-0.700	-0.559
22.165	-0.700	-0.562
22.207	-0.700	-0.567
22.264	-0.700	-0.572
22.306	-0.700	-0.578
22.367	-0.700	-0.583
22.414	-0.710	-0.588
22.459	-0.710	-0.593
22.514	-0.710	-0.597
22.565	-0.710	-0.601
22.609	-0.710	-0.605
22.664	-0.710	-0.608
22.707	-0.720	-0.612
22.759	-0.720	-0.616
22.816	-0.720	-0.621
22.859	-0.720	-0.627
22.915	-0.720	-0.632
22.956	-0.720	-0.638
23.009	-0.730	-0.644
23.065	-0.730	-0.649
23.107	-0.730	-0.653
23.159	-0.730	-0.657
23.208	-0.730	-0.661
23.267	-0.730	-0.665
23.315	-0.740	-0.669
23.356	-0.740	-0.674
23.409	-0.740	-0.678
23.465	-0.740	-0.684
23.508	-0.740	-0.690
23.565	-0.740	-0.696
23.609	-0.750	-0.702
23.659	-0.750	-0.707
23.714	-0.750	-0.713
23.758	-0.750	-0.717
23.810	-0.750	-0.721
23.865	-0.750	-0.725
23.910	-0.760	-0.730
23.956	-0.760	-0.735
24.008	-0.760	-0.739
24.064	-0.760	-0.745
24.108	-0.760	-0.751
24.168	-0.760	-0.757
24.215	-0.770	-0.764
24.259	-0.770	-0.770
24.315	-0.770	-0.775
24.365	-0.770	-0.780
24.410	-0.770	-0.784
24.464	-0.770	-0.789
24.508	-0.780	-0.793
24.559	-0.780	-0.798
24.616	-0.780	-0.803
24.659	-0.780	-0.808
24.715	-0.780	-0.815
24.758	-0.780	-0.822
24.810	-0.790	-0.828
24.866	-0.790	-0.834
24.907	-0.790	-0.840
24.964	-0.790	-0.845
25.007	-0.790	-0.849
25.068	-0.790	-0.853
25.116	-0.800	-0.858
25.157	-0.800	-0.862
25.210	-0.800	-0.868
25.265	-0.800	-0.874
25.308	-0.800	-0.880
25.356	-0.800	-0.887
25.409	-0.810	-0.894
25.466	-0.810	-0.900
25.517	-0.810	-0.905
25.561	-0.810	-0.910
25.615	-0.810	-0.914
25.657	-0.810	-0.918
25.707	-0.820	-0.923
25.759	-0.820	-0.927
25.809	-0.820	-0.933
25.858	-0.820	-0.939
25.909	-0.820	-0.946
25.959	-0.820	-0.953
26.008	-0.830	-0.961
26.065	-0.830	-0.966
26.107	-0.830	-0.972
26.158	-0.830	-0.976
26.210	-0.830	-0.980
26.265	-0.830	-0.985
26.308	-0.840	-0.989
26.359	-0.840	-0.994
26.415	-0.840	-1.000
26.458	-0.840	-1.006
26.509	-0.840	-1.013
26.565	-0.840	-1.019
26.607	-0.850	-1.026
26.659	-0.850	-1.031
26.709	-0.850	-1.037
26.765	-0.850	-1.042
26.812	-0.850	-1.046
26.869	-0.850	-1.051
26.906	-0.860	-1.055
26.959	-0.860	-1.060
27.014	-0.860	-1.065
27.065	-0.860	-1.071
27.109	-0.860	-1.078
27.166	-0.860	-1.085
27.209	-0.870	-1.092
27.260	-0.870	-1.097
27.320	-0.870	-1.103
27.358	-0.870	-1.108
27.410	-0.870	-1.112
27.473	-0.870	-1.117
27.510	-0.880	-1.122
27.565	-0.880	-1.126
27.616	-0.880	-1.131
27.660	-0.880	-1.137
27.711	-0.880	-1.144
27.765	-0.880	-1.151
27.808	-0.890	-1.157
27.866	-0.890	-1.163
27.909	-0.890	-1.169
27.960	-0.890	-1.174
28.016	-0.890	-1.179
28.056	-0.890	-1.183
28.110	-0.900	-1.188
28.166	-0.900	-1.192
28.209	-0.900	-1.198
28.266	-0.900	-1.203
28.316	-0.900	-1.210
28.360	-0.900	-1.216
28.410	-0.910	-1.223
28.457	-0.910	-1.230
28.508	-0.910	-1.235
28.564	-0.910	-1.241
28.609	-0.910	-1.246
28.668	-0.910	-1.250
28.715	-0.920	-1.254
28.758	-0.920	-1.259
28.811	-0.920	-1.264
28.865	-0.920	-1.270
28.908	-0.920	-1.276
28.964	-0.920	-1.283
29.008	-0.930	-1.290
29.060	-0.930	-1.296
29.120	-0.930	-1.302
29.156	-0.930	-1.308
29.208	-0.930	-1.312
29.260	-0.930	-1.317
29.307	-0.940	-1.321
29.360	-0.940	-1.326
29.414	-0.940	-1.330
29.457	-0.940	-1.336
29.509	-0.940	-1.343
29.570	-0.940	-1.350
29.616	-0.950	-1.357
29.660	-0.950	-1.363
29.716	-0.950	-1.369
29.766	-0.950	-1.375
29.810	-0.950	-1.379
29.861	-0.950	-1.384
29.906	-0.960	-1.388
29.959	-0.960	-1.392
30.016	-0.960	-1.398
30.058	-0.960	-1.404
30.109	-0.960	-1.410
30.165	-0.960	-1.417
30.216	-0.970	-1.424
30.260	-0.970	-1.430
30.310	-0.970	-1.436
30.366	-0.970	-1.442
30.410	-0.970	-1.446
30.470	-0.970	-1.450
30.506	-0.980	-1.455
30.559	-0.980	-1.459
30.610	-0.980	-1.464
30.665	-0.980	-1.471
30.708	-0.980	-1.477
30.764	-0.980	-1.484
30.808	-0.990	-1.490
30.859	-0.990	-1.497
30.919	-0.990	-1.503
30.956	-0.990	-1.508
31.008	-0.990	-1.512
31.060	-0.990	-1.517
31.108	-1.000	-1.521
31.160	-1.000	-1.526
31.215	-1.000	-1.531
31.259	-1.000	-1.537
31.310	-1.000	-1.544
31.370	-1.000	-1.550
31.408	-1.010	-1.557
31.465	-1.010	-1.563
31.508	-1.010	-1.569
31.560	-1.010	-1.574
31.615	-1.010	-1.579
31.658	-1.010	-1.584
31.711	-1.020	-1.588
31.766	-1.020	-1.593
31.810	-1.020	-1.598
31.866	-1.020	-1.603
31.907	-1.020	-1.610
31.960	-1.020	-1.616
32.015	-1.030	-1.624
32.058	-1.030	-1.630
32.110	-1.030	-1.636
32.166	-1.030	-1.642
32.210	-1.030	-1.647
32.270	-1.030	-1.652
32.308	-1.040	-1.656
32.360	-1.040	-1.660
32.416	-1.040	-1.665
32.466	-1.040	-1.670
32.510	-1.040	-1.676
32.557	-1.040	-1.683
32.610	-1.050	-1.690
32.660	-1.050	-1.697
32.717	-1.050	-1.703
32.759	-1.050	-1.708
32.810	-1.050	-1.714
32.858	-1.050	-1.718
32.911	-1.060	-1.722
32.958	-1.060	-1.727
33.008	-1.060	-1.732
33.057	-1.060	-1.737
33.108	-1.060	-1.743
33.170	-1.060	-1.749
33.206	-1.070	-1.757
33.261	-1.070	-1.763
33.308	-1.070	-1.770
33.358	-1.070	-1.775
33.410	-1.070	-1.780
33.458	-1.070	-1.785
33.510	-1.080	-1.790
33.566	-1.080	-1.793
33.610	-1.080	-1.799
33.666	-1.080	-1.803
33.708	-1.080	-1.809
33.760	-1.080	-1.816
33.816	-1.090	-1.822
33.859	-1.090	-1.830
33.911	-1.090	-1.836
33.958	-1.090	-1.842
34.011	-1.090	-1.848
34.067	-1.090	-1.852
34.109	-1.100	-1.857
34.161	-1.100	-1.861
34.208	-1.100	-1.865
34.258	-1.100	-1.871
34.306	-1.100	-1.874
34.350	-1.000	-1.876
34.400	-0.880	-1.815
34.448	-0.740	-1.369
34.506	-0.600	-0.857
34.546	-0.450	-0.436
34.600	-0.300	-0.264
34.650	-0.160	-0.155
34.701	-0.050	-0.019
34.746	0.000	-0.003
34.794	0.000	-0.004
34.840	0.000	-0.004
34.889	0.000	-0.004
34.938	0.000	-0.004
34.988	0.000	-0.004
35.039	0.000	-0.003
35.089	0.000	-0.003
35.142	0.000	-0.003
35.192	0.000	-0.003
35.240	0.000	-0.003
35.290	0.000	-0.002
35.340	0.000	-0.003
35.390	0.000	-0.002
35.440	0.000	-0.002
35.492	0.000	-0.002
35.543	0.000	-0.002
35.590	0.000	-0.002
35.641	0.000	-0.002
35.690	0.000	-0.002
35.740	0.000	-0.002
35.792	0.000	-0.001
35.838	0.000	-0.002
35.888	0.000	-0.001
35.940	0.000	-0.001
35.990	0.000	-0.001
36.038	0.000	-0.001
36.088	0.000	-0.001
36.139	0.000	-0.001
36.189	0.000	-0.001
36.242	0.000	-0.001
36.290	0.000	-0.000
36.340	0.000	-0.001
36.388	0.000	-0.001
36.438	0.000	-0.001
36.489	0.000	-0.001
36.539	0.000	-0.000
36.592	0.000	-0.001
36.642	0.000	-0.000
36.687	0.000	0.000
36.738	0.000	-0.001
36.788	0.000	-0.000
36.838	0.000	-0.000
36.888	0.000	-0.000
36.939	0.000	-0.000
36.989	0.000	-0.000
37.043	0.000	-0.000
37.093	0.000	-0.000
37.140	0.000	-0.000
37.191	0.000	0.000
37.237	0.000	-0.000
37.290	0.000	0.000
37.337	0.000	-0.000
37.387	0.000	-0.000
37.443	0.000	0.000
37.488	0.000	0.000
37.535	0.000	0.000
37.588	0.000	0.000
37.637	0.000	0.000
37.688	0.000	0.000
37.737	0.000	0.000
37.788	0.000	0.000
37.839	0.000	0.000
37.886	0.000	0.000
37.939	0.000	0.000
37.986	0.000	0.000
38.036	0.000	0.000
38.088	0.000	0.000
38.136	0.000	0.000
38.186	0.000	0.000
38.238	0.000	0.000
38.286	0.000	0.000
38.337	0.000	0.000
38.387	0.000	0.000
38.438	0.000	0.000
38.487	0.000	0.000
38.537	0.000	0.000
38.588	0.000	0.000
38.637	0.000	0.000
38.688	0.000	0.000
