30.92	-27.528	0
30.938	-27.498	0
30.956	-27.468	0
30.975	-27.438	0
30.993	-27.409	0
31.011	-27.38	0
31.03	-27.347	0
31.048	-27.319	0
31.067	-27.287	0
31.084	-27.258	0
31.102	-27.228	0
31.12	-27.199	0
31.139	-27.167	0
31.157	-27.137	0
31.175	-27.107	0
31.192	-27.077	0
31.209	-27.049	0
31.229	-27.015	0
31.245	-26.988	0
31.264	-26.955	0
31.282	-26.926	0
31.299	-26.896	0
31.317	-26.866	0
31.335	-26.835	0
31.352	-26.805	0
31.37	-26.774	0
31.387	-26.745	0
31.405	-26.714	0
31.423	-26.684	0
31.44	-26.654	0
31.458	-26.622	0
31.475	-26.593	0
31.494	-26.56	0
31.51	-26.532	0
31.527	-26.501	0
31.544	-26.471	0
31.562	-26.439	0
31.578	-26.411	0
31.596	-26.379	0
31.614	-26.349	0
31.63	-26.318	0
31.648	-26.288	0
31.665	-26.257	0
31.681	-26.227	0
31.699	-26.195	0
31.715	-26.167	0
31.732	-26.135	0
31.75	-26.104	0
31.766	-26.074	0
31.783	-26.043	0
31.799	-26.013	0
31.817	-25.982	0
31.834	-25.95	0
31.85	-25.921	0
31.867	-25.89	0
31.883	-25.859	0
31.9	-25.828	0
31.917	-25.797	0
31.933	-25.768	0
31.95	-25.736	0
31.965	-25.707	0
31.983	-25.673	0
31.999	-25.645	0
32.015	-25.613	0
32.031	-25.583	0
32.048	-25.551	0
32.065	-25.52	0
32.08	-25.49	0
32.096	-25.46	0
32.112	-25.429	0
32.129	-25.397	0
32.145	-25.366	0
32.161	-25.336	0
32.178	-25.303	0
32.192	-25.275	0
32.21	-25.241	0
32.225	-25.212	0
32.241	-25.181	0
32.256	-25.151	0
32.273	-25.118	0
32.288	-25.089	0
32.304	-25.058	0
32.32	-25.026	0
32.336	-24.994	0
32.351	-24.965	0
32.366	-24.934	0
32.382	-24.902	0
32.398	-24.87	0
32.413	-24.84	0
32.429	-24.809	0
32.445	-24.776	0
32.459	-24.749	0
32.476	-24.714	0
32.49	-24.686	0
32.506	-24.653	0
32.521	-24.623	0
32.537	-24.589	0
32.551	-24.561	0
32.567	-24.528	0
32.582	-24.496	0
32.597	-24.467	0
32.612	-24.435	0
32.627	-24.404	0
32.641	-24.374	0
32.658	-24.34	0
32.672	-24.31	0
32.687	-24.279	0
32.702	-24.247	0
32.717	-24.216	0
32.731	-24.186	0
32.746	-24.154	0
32.761	-24.123	0
32.776	-24.09	0
32.791	-24.059	0
32.805	-24.029	0
32.82	-23.997	0
32.834	-23.966	0
32.848	-23.936	0
32.863	-23.903	0
32.878	-23.871	0
32.892	-23.841	0
32.907	-23.809	0
32.921	-23.778	0
32.935	-23.747	0
32.95	-23.713	0
32.964	-23.684	0
32.978	-23.652	0
32.993	-23.619	0
33.006	-23.59	0
33.02	-23.558	0
33.035	-23.525	0
33.049	-23.494	0
33.062	-23.464	0
33.078	-23.43	0
33.091	-23.399	0
33.104	-23.371	0
33.119	-23.335	0
33.132	-23.306	0
33.147	-23.274	0
33.16	-23.242	0
33.174	-23.211	0
33.188	-23.179	0
33.201	-23.148	0
33.215	-23.116	0
33.228	-23.087	0
33.243	-23.052	0
33.256	-23.02	0
33.269	-22.991	0
33.284	-22.957	0
33.297	-22.926	0
33.309	-22.896	0
33.324	-22.862	0
33.336	-22.833	0
33.35	-22.799	0
33.363	-22.769	0
33.377	-22.736	0
33.389	-22.707	0
33.404	-22.671	0
33.416	-22.642	0
33.429	-22.61	0
33.442	-22.578	0
33.455	-22.546	0
33.469	-22.514	0
33.482	-22.482	0
33.494	-22.452	0
33.507	-22.419	0
33.52	-22.387	0
33.533	-22.356	0
33.546	-22.323	0
33.558	-22.294	0
33.572	-22.259	0
33.584	-22.229	0
33.597	-22.197	0
33.61	-22.164	0
33.622	-22.133	0
33.634	-22.101	0
33.647	-22.07	0
33.66	-22.036	0
33.672	-22.006	0
33.684	-21.974	0
33.697	-21.941	0
33.709	-21.911	0
33.722	-21.877	0
33.733	-21.848	0
33.746	-21.814	0
33.758	-21.784	0
33.771	-21.749	0
33.782	-21.72	0
33.796	-21.685	0
33.807	-21.656	0
33.819	-21.624	0
33.832	-21.59	0
33.843	-21.56	0
33.855	-21.526	0
33.867	-21.495	0
33.879	-21.462	0
33.891	-21.431	0
33.902	-21.401	0
33.915	-21.366	0
33.926	-21.337	0
33.938	-21.302	0
33.95	-21.271	0
33.961	-21.24	0
33.973	-21.208	0
33.984	-21.176	0
33.996	-21.143	0
34.008	-21.11	0
34.019	-21.079	0
34.031	-21.047	0
34.042	-21.015	0
34.053	-20.983	0
34.064	-20.954	0
34.076	-20.918	0
34.088	-20.886	0
34.098	-20.855	0
34.11	-20.823	0
34.121	-20.79	0
34.132	-20.759	0
34.143	-20.726	0
34.154	-20.695	0
34.166	-20.661	0
34.176	-20.631	0
34.187	-20.6	0
34.199	-20.565	0
34.209	-20.534	0
34.22	-20.501	0
34.231	-20.469	0
34.241	-20.439	0
34.253	-20.403	0
34.263	-20.375	0
34.274	-20.34	0
34.285	-20.309	0
34.295	-20.278	0
34.306	-20.243	0
34.316	-20.214	0
34.327	-20.179	0
34.337	-20.149	0
34.348	-20.116	0
34.358	-20.083	0
34.369	-20.051	0
34.379	-20.019	0
34.389	-19.988	0
34.401	-19.952	0
34.41	-19.923	0
34.42	-19.892	0
34.431	-19.858	0
34.441	-19.826	0
34.451	-19.794	0
34.461	-19.761	0
34.471	-19.73	0
34.481	-19.697	0
34.491	-19.663	0
34.501	-19.632	0
34.51	-19.604	0
34.521	-19.566	0
34.53	-19.536	0
34.54	-19.504	0
34.55	-19.473	0
34.56	-19.439	0
34.569	-19.407	0
34.58	-19.373	0
34.589	-19.343	0
34.598	-19.31	0
34.608	-19.276	0
34.617	-19.247	0
34.627	-19.213	0
34.636	-19.182	0
34.646	-19.148	0
34.655	-19.116	0
34.665	-19.083	0
34.674	-19.053	0
34.684	-19.017	0
34.692	-18.988	0
34.702	-18.954	0
34.711	-18.923	0
34.72	-18.892	0
34.73	-18.857	0
34.739	-18.824	0
34.747	-18.795	0
34.757	-18.761	0
34.766	-18.729	0
34.774	-18.697	0
34.784	-18.663	0
34.792	-18.632	0
34.801	-18.598	0
34.81	-18.567	0
34.818	-18.536	0
34.828	-18.502	0
34.836	-18.469	0
34.845	-18.437	0
34.854	-18.405	0
34.862	-18.374	0
34.871	-18.339	0
34.879	-18.31	0
34.888	-18.274	0
34.896	-18.244	0
34.905	-18.211	0
34.913	-18.179	0
34.921	-18.147	0
34.93	-18.113	0
34.938	-18.081	0
34.947	-18.049	0
34.954	-18.019	0
34.963	-17.985	0
34.971	-17.952	0
34.979	-17.92	0
34.987	-17.887	0
34.996	-17.854	0
35.003	-17.824	0
35.011	-17.79	0
35.019	-17.758	0
35.027	-17.725	0
35.035	-17.693	0
35.043	-17.662	0
35.05	-17.63	0
35.059	-17.593	0
35.066	-17.565	0
35.074	-17.532	0
35.082	-17.498	0
35.089	-17.467	0
35.097	-17.433	0
35.104	-17.403	0
35.112	-17.369	0
35.12	-17.337	0
35.127	-17.307	0
35.135	-17.272	0
35.142	-17.24	0
35.15	-17.206	0
35.157	-17.175	0
35.164	-17.143	0
35.171	-17.113	0
35.179	-17.078	0
35.186	-17.045	0
35.193	-17.014	0
35.2	-16.981	0
35.207	-16.95	0
35.215	-16.915	0
35.221	-16.884	0
35.228	-16.853	0
35.235	-16.818	0
35.242	-16.787	0
35.249	-16.755	0
35.256	-16.721	0
35.263	-16.69	0
35.269	-16.658	0
35.276	-16.625	0
35.283	-16.594	0
35.29	-16.558	0
35.296	-16.528	0
35.303	-16.497	0
35.31	-16.463	0
35.316	-16.433	0
35.323	-16.398	0
35.329	-16.366	0
35.336	-16.331	0
35.342	-16.301	0
35.348	-16.27	0
35.355	-16.237	0
35.361	-16.204	0
35.367	-16.171	0
35.373	-16.141	0
35.38	-16.108	0
35.386	-16.073	0
35.392	-16.043	0
35.398	-16.012	0
35.404	-15.978	0
35.411	-15.943	0
35.416	-15.915	0
35.422	-15.883	0
35.428	-15.848	0
35.434	-15.816	0
35.44	-15.784	0
35.446	-15.752	0
35.451	-15.721	0
35.458	-15.684	0
35.463	-15.657	0
35.469	-15.622	0
35.474	-15.589	0
35.48	-15.559	0
35.485	-15.527	0
35.491	-15.492	0
35.496	-15.462	0
35.502	-15.427	0
35.507	-15.396	0
35.512	-15.366	0
35.518	-15.33	0
35.523	-15.301	0
35.529	-15.266	0
35.534	-15.237	0
35.539	-15.201	0
35.544	-15.171	0
35.55	-15.138	0
35.555	-15.107	0
35.56	-15.072	0
35.565	-15.043	0
35.57	-15.009	0
35.575	-14.978	0
35.58	-14.943	0
35.585	-14.912	0
35.59	-14.881	0
35.594	-14.85	0
35.599	-14.815	0
35.604	-14.784	0
35.609	-14.752	0
35.614	-14.718	0
35.618	-14.689	0
35.623	-14.656	0
35.628	-14.622	0
35.632	-14.589	0
35.636	-14.559	0
35.641	-14.526	0
35.645	-14.497	0
35.65	-14.461	0
35.654	-14.43	0
35.659	-14.396	0
35.663	-14.368	0
35.667	-14.332	0
35.672	-14.301	0
35.676	-14.269	0
35.68	-14.238	0
35.684	-14.204	0
35.688	-14.173	0
35.692	-14.142	0
35.697	-14.107	0
35.7	-14.077	0
35.704	-14.044	0
35.708	-14.014	0
35.712	-13.979	0
35.716	-13.947	0
35.72	-13.917	0
35.724	-13.884	0
35.728	-13.852	0
35.731	-13.82	0
35.735	-13.788	0
35.739	-13.757	0
35.742	-13.722	0
35.746	-13.693	0
35.749	-13.661	0
35.753	-13.627	0
35.756	-13.597	0
35.76	-13.565	0
35.763	-13.533	0
35.767	-13.499	0
35.77	-13.469	0
35.773	-13.438	0
35.777	-13.402	0
35.78	-13.374	0
35.783	-13.34	0
35.786	-13.309	0
35.789	-13.276	0
35.792	-13.246	0
35.795	-13.214	0
35.799	-13.18	0
35.802	-13.149	0
35.804	-13.118	0
35.807	-13.087	0
35.81	-13.053	0
35.813	-13.023	0
35.816	-12.99	0
35.819	-12.958	0
35.821	-12.928	0
35.824	-12.894	0
35.827	-12.863	0
35.83	-12.831	0
35.832	-12.8	0
35.835	-12.768	0
35.837	-12.736	0
35.84	-12.706	0
35.842	-12.67	0
35.845	-12.642	0
35.847	-12.61	0
35.849	-12.578	0
35.852	-12.546	0
35.854	-12.515	0
35.856	-12.481	0
35.858	-12.452	0
35.861	-12.42	0
35.863	-12.387	0
35.865	-12.357	0
35.867	-12.323	0
35.869	-12.293	0
35.871	-12.261	0
35.873	-12.231	0
35.875	-12.198	0
35.877	-12.167	0
35.879	-12.136	0
35.881	-12.104	0
35.882	-12.073	0
35.884	-12.041	0
35.886	-12.008	0
35.888	-11.978	0
35.889	-11.946	0
35.891	-11.915	0
35.892	-11.886	0
35.894	-11.851	0
35.896	-11.821	0
35.897	-11.791	0
35.899	-11.756	0
35.9	-11.729	0
35.901	-11.696	0
35.903	-11.665	0
35.904	-11.63	0
35.905	-11.603	0
35.906	-11.571	0
35.907	-11.54	0
35.909	-11.507	0
35.91	-11.477	0
35.911	-11.448	0
35.912	-11.411	0
35.913	-11.386	0
35.914	-11.351	0
35.915	-11.325	0
35.916	-11.287	0
35.917	-11.262	0
35.918	-11.226	0
35.918	-11.196	0
35.919	-11.168	0
35.92	-11.132	0
35.92	-11.105	0
35.921	-11.074	0
35.922	-11.044	0
35.922	-11.012	0
35.923	-10.976	0
35.923	-10.951	0
35.924	-10.919	0
35.924	-10.889	0
35.925	-10.857	0
35.925	-10.826	0
35.925	-10.794	0
35.926	-10.765	0
35.926	-10.733	0
35.926	-10.705	0
35.926	-10.672	0
35.927	-10.641	0
35.927	-10.612	0
35.927	-10.577	0
35.927	-10.552	0
35.927	-10.519	0
35.927	-10.486	0
35.927	-10.46	0
35.927	-10.428	0
35.926	-10.396	0
35.926	-10.366	0
35.926	-10.336	0
35.926	-10.306	0
35.926	-10.274	0
35.925	-10.248	0
35.925	-10.214	0
35.925	-10.183	0
35.924	-10.153	0
35.924	-10.127	0
35.923	-10.094	0
35.923	-10.061	0
35.922	-10.033	0
35.921	-10.003	0
35.921	-9.9734	0
35.92	-9.9418	0
35.919	-9.9147	0
35.919	-9.8805	0
35.918	-9.8516	0
35.917	-9.8227	0
35.916	-9.7955	0
35.915	-9.7623	0
35.914	-9.7316	0
35.913	-9.7036	0
35.912	-9.6738	0
35.911	-9.6433	0
35.91	-9.6126	0
35.909	-9.5846	0
35.908	-9.5532	0
35.907	-9.5243	0
35.906	-9.4954	0
35.905	-9.4674	0
35.903	-9.4369	0
35.902	-9.4045	0
35.9	-9.3765	0
35.899	-9.3495	0
35.898	-9.3189	0
35.896	-9.2874	0
35.895	-9.2578	0
35.893	-9.2306	0
35.892	-9.201	0
35.89	-9.1721	0
35.888	-9.1408	0
35.887	-9.1136	0
35.885	-9.0866	0
35.883	-9.0544	0
35.881	-9.0246	0
35.88	-8.9994	0
35.878	-8.9671	0
35.876	-8.9402	0
35.874	-8.9121	0
35.872	-8.879	0
35.87	-8.8555	0
35.868	-8.8259	0
35.866	-8.7936	0
35.864	-8.7693	0
35.862	-8.7395	0
35.859	-8.7099	0
35.857	-8.6803	0
35.855	-8.6533	0
35.853	-8.6275	0
35.85	-8.5961	0
35.848	-8.5675	0
35.846	-8.5407	0
35.843	-8.513	0
35.841	-8.4871	0
35.838	-8.4549	0
35.835	-8.4257	0
35.833	-8.3987	0
35.83	-8.3723	0
35.828	-8.3436	0
35.825	-8.3163	0
35.822	-8.284	0
35.819	-8.2601	0
35.817	-8.2327	0
35.814	-8.2035	0
35.811	-8.1748	0
35.808	-8.1484	0
35.805	-8.1191	0
35.802	-8.0918	0
35.799	-8.0643	0
35.796	-8.0332	0
35.793	-8.0077	0
35.79	-7.9802	0
35.786	-7.953	0
35.783	-7.9274	0
35.78	-7.8965	0
35.777	-7.8691	0
35.773	-7.8392	0
35.77	-7.8165	0
35.767	-7.7874	0
35.763	-7.7591	0
35.76	-7.733	0
35.756	-7.701	0
35.753	-7.6786	0
35.749	-7.6487	0
35.746	-7.6243	0
35.742	-7.5954	0
35.738	-7.5682	0
35.734	-7.5383	0
35.731	-7.5138	0
35.727	-7.4851	0
35.723	-7.4582	0
35.719	-7.4303	0
35.715	-7.4059	0
35.711	-7.378	0
35.707	-7.351	0
35.703	-7.3213	0
35.699	-7.297	0
35.695	-7.2687	0
35.691	-7.2411	0
35.687	-7.2177	0
35.682	-7.1884	0
35.678	-7.1608	0
35.674	-7.1359	0
35.67	-7.1092	0
35.665	-7.0812	0
35.661	-7.0557	0
35.657	-7.0286	0
35.652	-7.0019	0
35.648	-6.9753	0
35.643	-6.9496	0
35.639	-6.9236	0
35.634	-6.8953	0
35.629	-6.8692	0
35.625	-6.8438	0
35.621	-6.8202	0
35.615	-6.7894	0
35.611	-6.7666	0
35.606	-6.7386	0
35.601	-6.7127	0
35.596	-6.6877	0
35.592	-6.6624	0
35.586	-6.6336	0
35.582	-6.6086	0
35.577	-6.5848	0
35.571	-6.5565	0
35.567	-6.5343	0
35.561	-6.5054	0
35.556	-6.4799	0
35.551	-6.4552	0
35.546	-6.4307	0
35.541	-6.4064	0
35.536	-6.38	0
35.531	-6.3534	0
35.525	-6.3281	0
35.52	-6.3036	0
35.515	-6.2812	0
35.509	-6.251	0
35.504	-6.2303	0
35.499	-6.2049	0
35.493	-6.1789	0
35.488	-6.1548	0
35.483	-6.1308	0
35.477	-6.1065	0
35.471	-6.0811	0
35.466	-6.0567	0
35.461	-6.0344	0
35.455	-6.0091	0
35.448	-5.9815	0
35.444	-5.9629	0
35.437	-5.9353	0
35.433	-5.9152	0
35.426	-5.8891	0
35.421	-5.8657	0
35.415	-5.8427	0
35.409	-5.8179	0
35.404	-5.7987	0
35.397	-5.771	0
35.392	-5.7509	0
35.386	-5.7268	0
35.38	-5.7038	0
35.375	-5.6834	0
35.369	-5.659	0
35.363	-5.6389	0
35.357	-5.6153	0
35.351	-5.594	0
35.345	-5.5704	0
35.34	-5.5529	0
35.334	-5.529	0
35.328	-5.5061	0
35.322	-5.4871	0
35.316	-5.4646	0
35.312	-5.448	0
35.304	-5.4227	0
35.299	-5.4055	0
35.294	-5.3859	0
35.288	-5.3674	0
35.283	-5.3472	0
35.277	-5.327	0
35.271	-5.3086	0
35.266	-5.293	0
35.261	-5.2733	0
35.254	-5.2516	0
35.25	-5.2402	0
35.244	-5.2194	0
35.239	-5.2048	0
35.234	-5.1875	0
35.23	-5.1736	0
35.224	-5.1569	0
35.221	-5.1451	0
35.215	-5.1292	0
35.211	-5.1148	0
35.206	-5.1021	0
35.202	-5.0897	0
35.199	-5.079	0
35.196	-5.0706	0
35.191	-5.0554	0
35.184	-5.0378	0
35.175	-5.012	0
35.166	-4.987	0
35.16	-4.9693	0
35.151	-4.9441	0
35.146	-4.9287	0
35.139	-4.9096	0
35.133	-4.8938	0
35.127	-4.8776	0
35.12	-4.8582	0
35.115	-4.8452	0
35.108	-4.8257	0
35.1	-4.8047	0
35.093	-4.7885	0
35.084	-4.765	0
35.075	-4.7411	0
35.066	-4.7177	0
35.057	-4.6937	0
35.046	-4.666	0
35.035	-4.6387	0
35.022	-4.6063	0
35.012	-4.5807	0
34.998	-4.5456	0
34.984	-4.5108	0
34.971	-4.4775	0
34.956	-4.4389	0
34.941	-4.4024	0
34.923	-4.3552	0
34.906	-4.3135	0
34.888	-4.2685	0
34.866	-4.2115	0
34.843	-4.1539	0
34.823	-4.1015	0
34.796	-4.0323	0
34.769	-3.9613	0
34.739	-3.8814	0
34.707	-3.7953	0
34.671	-3.6967	0
34.633	-3.5886	0
34.589	-3.4621	0
34.54	-3.3167	0
34.49	-3.1579	0
34.433	-2.9687	0
34.371	-2.7514	0
34.306	-2.4994	0
34.24	-2.2159	0
34.174	-1.8889	0
34.112	-1.5189	0
34.059	-1.1052	0
34.021	-0.6642	0
34.002	-0.1935	0
34.004	0.28906	0
34.029	0.76314	0
34.075	1.2292	0
34.136	1.6567	0
34.209	2.0526	0
34.287	2.4015	0
34.367	2.7152	0
34.446	2.9893	0
34.52	3.2246	0
34.589	3.4296	0
34.653	3.6091	0
34.713	3.769	0
34.767	3.9071	0
34.815	4.0274	0
34.86	4.1352	0
34.901	4.2329	0
34.938	4.3191	0
34.974	4.4003	0
35.004	4.4685	0
35.035	4.537	0
35.063	4.5977	0
35.088	4.6532	0
35.112	4.705	0
35.136	4.7565	0
35.158	4.8049	0
35.178	4.8471	0
35.199	4.8917	0
35.217	4.9302	0
35.236	4.9705	0
35.254	5.0092	0
35.271	5.0448	0
35.288	5.0793	0
35.305	5.1156	0
35.32	5.1476	0
35.337	5.1821	0
35.351	5.2131	0
35.366	5.244	0
35.381	5.2747	0
35.396	5.3073	0
35.41	5.3366	0
35.423	5.3638	0
35.438	5.3959	0
35.451	5.4231	0
35.465	5.4526	0
35.478	5.4809	0
35.492	5.5093	0
35.505	5.537	0
35.518	5.5645	0
35.531	5.5925	0
35.544	5.6208	0
35.556	5.6466	0
35.568	5.6731	0
35.582	5.7029	0
35.593	5.7262	0
35.606	5.7549	0
35.619	5.7815	0
35.632	5.8091	0
35.644	5.8351	0
35.656	5.8612	0
35.668	5.8874	0
35.68	5.9151	0
35.692	5.9398	0
35.705	5.9684	0
35.717	5.9942	0
35.728	6.0199	0
35.74	6.0462	0
35.752	6.0724	0
35.764	6.0997	0
35.777	6.1271	0
35.787	6.1502	0
35.8	6.1794	0
35.811	6.2036	0
35.823	6.2305	0
35.835	6.2575	0
35.847	6.2835	0
35.858	6.3096	0
35.87	6.3359	0
35.882	6.3626	0
35.893	6.3888	0
35.905	6.4158	0
35.916	6.4413	0
35.928	6.4681	0
35.94	6.4955	0
35.952	6.5219	0
35.963	6.547	0
35.975	6.575	0
35.986	6.6004	0
35.997	6.6273	0
36.009	6.6537	0
36.021	6.6816	0
36.032	6.7073	0
36.043	6.7346	0
36.054	6.7599	0
36.066	6.788	0
36.077	6.8136	0
36.089	6.841	0
36.099	6.8666	0
36.109	6.8901	0
36.121	6.9174	0
36.129	6.9377	0
36.141	6.9666	0
36.15	6.9881	0
36.16	7.0103	0
36.169	7.0335	0
36.178	7.0558	0
36.188	7.0783	0
36.196	7.098	0
36.204	7.1179	0
36.212	7.1386	0
36.219	7.1558	0
36.226	7.174	0
36.233	7.1915	0
36.239	7.2062	0
36.245	7.221	0
36.251	7.2352	0
36.256	7.2489	0
36.261	7.261	0
36.265	7.273	0
36.269	7.2826	0
36.274	7.2955	0
36.278	7.3079	0
36.283	7.3215	0
36.288	7.3349	0
36.293	7.3479	0
36.3	7.367	0
36.306	7.3838	0
36.313	7.404	0
36.32	7.4232	0
36.327	7.4452	0
36.336	7.4689	0
36.344	7.494	0
36.352	7.5173	0
36.361	7.544	0
36.371	7.5708	0
36.379	7.5961	0
36.389	7.6236	0
36.398	7.6521	0
36.407	7.6797	0
36.418	7.7098	0
36.426	7.7357	0
36.437	7.7673	0
36.446	7.7958	0
36.456	7.8249	0
36.466	7.8562	0
36.476	7.8851	0
36.485	7.9141	0
36.496	7.9456	0
36.506	7.976	0
36.515	8.0049	0
36.526	8.0376	0
36.535	8.0672	0
36.545	8.0982	0
36.555	8.1282	0
36.565	8.1591	0
36.575	8.1897	0
36.586	8.2231	0
36.595	8.2504	0
36.605	8.2838	0
36.615	8.3151	0
36.625	8.3461	0
36.635	8.3755	0
36.645	8.4087	0
36.655	8.4392	0
36.664	8.4687	0
36.675	8.502	0
36.685	8.5327	0
36.695	8.5638	0
36.704	8.5947	0
36.714	8.6269	0
36.724	8.6564	0
36.734	8.6887	0
36.743	8.719	0
36.753	8.7512	0
36.763	8.7811	0
36.772	8.8124	0
36.782	8.8443	0
36.792	8.8757	0
36.801	8.9056	0
36.811	8.9368	0
36.821	8.9695	0
36.83	8.9986	0
36.84	9.0299	0
36.849	9.0617	0
36.859	9.092	0
36.868	9.1247	0
36.877	9.1543	0
36.887	9.1847	0
36.896	9.217	0
36.905	9.2462	0
36.915	9.2794	0
36.924	9.3083	0
36.933	9.3385	0
36.943	9.3711	0
36.952	9.4007	0
36.961	9.4322	0
36.97	9.4626	0
36.979	9.4946	0
36.988	9.5239	0
36.997	9.5546	0
37.006	9.5852	0
37.015	9.6164	0
37.025	9.6479	0
37.033	9.678	0
37.042	9.7081	0
37.051	9.7381	0
37.06	9.7702	0
37.069	9.8005	0
37.077	9.8292	0
37.086	9.8612	0
37.095	9.8922	0
37.103	9.9216	0
37.112	9.9531	0
37.121	9.9839	0
37.129	10.013	0
37.138	10.044	0
37.147	10.075	0
37.155	10.104	0
37.164	10.135	0
37.172	10.166	0
37.181	10.196	0
37.189	10.227	0
37.197	10.256	0
37.206	10.288	0
37.214	10.317	0
37.223	10.349	0
37.231	10.378	0
37.239	10.408	0
37.247	10.438	0
37.255	10.469	0
37.264	10.501	0
37.272	10.53	0
37.28	10.56	0
37.288	10.589	0
37.296	10.621	0
37.304	10.65	0
37.312	10.681	0
37.32	10.712	0
37.328	10.741	0
37.336	10.773	0
37.344	10.802	0
37.351	10.831	0
37.359	10.862	0
37.367	10.893	0
37.375	10.924	0
37.382	10.953	0
37.39	10.983	0
37.398	11.014	0
37.406	11.044	0
37.413	11.074	0
37.421	11.104	0
37.429	11.135	0
37.436	11.164	0
37.443	11.195	0
37.451	11.226	0
37.458	11.255	0
37.466	11.285	0
37.473	11.316	0
37.48	11.345	0
37.488	11.376	0
37.495	11.408	0
37.502	11.437	0
37.509	11.466	0
37.517	11.497	0
37.524	11.528	0
37.531	11.558	0
37.538	11.588	0
37.545	11.618	0
37.552	11.648	0
37.559	11.679	0
37.567	11.71	0
37.573	11.738	0
37.58	11.769	0
37.587	11.801	0
37.594	11.831	0
37.601	11.86	0
37.608	11.89	0
37.615	11.923	0
37.621	11.951	0
37.628	11.98	0
37.635	12.014	0
37.641	12.042	0
37.648	12.073	0
37.655	12.104	0
37.661	12.132	0
37.668	12.165	0
37.674	12.195	0
37.681	12.224	0
37.688	12.256	0
37.694	12.285	0
37.7	12.316	0
37.707	12.347	0
37.713	12.377	0
37.719	12.408	0
37.726	12.439	0
37.732	12.467	0
37.738	12.5	0
37.744	12.53	0
37.751	12.56	0
37.757	12.591	0
37.763	12.622	0
37.769	12.652	0
37.775	12.683	0
37.781	12.714	0
37.787	12.744	0
37.793	12.773	0
37.799	12.806	0
37.805	12.836	0
37.811	12.868	0
37.817	12.899	0
37.822	12.927	0
37.829	12.96	0
37.834	12.99	0
37.84	13.02	0
37.846	13.052	0
37.851	13.081	0
37.857	13.114	0
37.863	13.145	0
37.868	13.174	0
37.874	13.206	0
37.879	13.238	0
37.885	13.267	0
37.89	13.298	0
37.896	13.33	0
37.901	13.36	0
37.907	13.392	0
37.912	13.422	0
37.917	13.455	0
37.922	13.485	0
37.928	13.515	0
37.933	13.547	0
37.938	13.578	0
37.943	13.608	0
37.949	13.642	0
37.953	13.671	0
37.959	13.703	0
37.963	13.733	0
37.969	13.766	0
37.974	13.796	0
37.979	13.828	0
37.983	13.859	0
37.988	13.889	0
37.993	13.923	0
37.998	13.954	0
38.003	13.984	0
38.008	14.016	0
38.012	14.047	0
38.017	14.079	0
38.022	14.11	0
38.026	14.14	0
38.031	14.174	0
38.036	14.204	0
38.04	14.238	0
38.045	14.267	0
38.049	14.299	0
38.054	14.331	0
38.058	14.364	0
38.062	14.393	0
38.067	14.427	0
38.071	14.457	0
38.076	14.491	0
38.08	14.52	0
38.084	14.554	0
38.088	14.585	0
38.092	14.617	0
38.097	14.649	0
38.101	14.68	0
38.105	14.713	0
38.109	14.745	0
38.113	14.775	0
38.117	14.809	0
38.121	14.839	0
38.125	14.872	0
38.129	14.905	0
38.133	14.936	0
38.136	14.968	0
38.14	15.001	0
38.144	15.033	0
38.148	15.066	0
38.151	15.097	0
38.155	15.13	0
38.159	15.16	0
38.162	15.195	0
38.166	15.224	0
38.169	15.258	0
38.173	15.291	0
38.176	15.323	0
38.18	15.354	0
38.183	15.389	0
38.187	15.42	0
38.19	15.452	0
38.193	15.486	0
38.197	15.516	0
38.2	15.549	0
38.203	15.583	0
38.206	15.614	0
38.209	15.646	0
38.213	15.681	0
38.216	15.712	0
38.219	15.745	0
38.222	15.777	0
38.225	15.811	0
38.228	15.843	0
38.23	15.874	0
38.233	15.906	0
38.236	15.94	0
38.239	15.973	0
38.242	16.004	0
38.244	16.037	0
38.247	16.071	0
38.25	16.104	0
38.253	16.137	0
38.255	16.169	0
38.258	16.204	0
38.26	16.237	0
38.263	16.269	0
38.266	16.304	0
38.268	16.338	0
38.27	16.371	0
38.273	16.406	0
38.275	16.439	0
38.278	16.475	0
38.28	16.507	0
38.283	16.542	0
38.285	16.574	0
38.287	16.61	0
38.289	16.644	0
38.292	16.678	0
38.294	16.71	0
38.296	16.747	0
38.298	16.78	0
38.3	16.816	0
38.302	16.85	0
38.305	16.884	0
38.307	16.918	0
38.309	16.952	0
38.311	16.988	0
38.313	17.021	0
38.315	17.056	0
38.316	17.089	0
38.318	17.124	0
38.32	17.16	0
38.322	17.193	0
38.324	17.226	0
38.326	17.262	0
38.327	17.296	0
38.329	17.329	0
38.33	17.363	0
38.332	17.398	0
38.334	17.432	0
38.335	17.467	0
38.337	17.5	0
38.338	17.534	0
38.34	17.568	0
38.341	17.602	0
38.342	17.636	0
38.344	17.669	0
38.345	17.703	0
38.346	17.738	0
38.348	17.77	0
38.349	17.804	0
38.35	17.838	0
38.351	17.871	0
38.352	17.905	0
38.353	17.938	0
38.354	17.972	0
38.355	18.004	0
38.356	18.039	0
38.357	18.074	0
38.358	18.107	0
38.359	18.14	0
38.359	18.174	0
38.36	18.208	0
38.361	18.243	0
38.361	18.275	0
38.362	18.309	0
38.363	18.344	0
38.363	18.379	0
38.364	18.411	0
38.364	18.445	0
38.365	18.48	0
38.365	18.514	0
38.365	18.547	0
38.366	18.582	0
38.366	18.615	0
38.366	18.649	0
38.366	18.684	0
38.367	18.718	0
38.367	18.753	0
38.367	18.785	0
38.367	18.82	0
38.367	18.855	0
38.367	18.889	0
38.367	18.923	0
38.367	18.957	0
38.366	18.992	0
38.366	19.026	0
38.366	19.06	0
38.366	19.094	0
38.366	19.128	0
38.365	19.163	0
38.365	19.198	0
38.364	19.232	0
38.364	19.266	0
38.363	19.302	0
38.363	19.336	0
38.362	19.369	0
38.362	19.404	0
38.361	19.44	0
38.36	19.473	0
38.36	19.508	0
38.359	19.543	0
38.358	19.577	0
38.357	19.611	0
38.356	19.647	0
38.356	19.681	0
38.355	19.715	0
38.354	19.749	0
38.353	19.785	0
38.351	19.819	0
38.35	19.854	0
38.349	19.889	0
38.348	19.922	0
38.347	19.96	0
38.346	19.991	0
38.344	20.028	0
38.343	20.062	0
38.341	20.098	0
38.34	20.131	0
38.338	20.167	0
38.337	20.201	0
38.335	20.236	0
38.334	20.271	0
38.332	20.306	0
38.33	20.341	0
38.329	20.376	0
38.327	20.41	0
38.325	20.446	0
38.323	20.48	0
38.321	20.516	0
38.319	20.55	0
38.317	20.586	0
38.315	20.62	0
38.313	20.655	0
38.311	20.69	0
38.309	20.724	0
38.307	20.76	0
38.304	20.797	0
38.302	20.829	0
38.3	20.866	0
38.298	20.901	0
38.295	20.935	0
38.293	20.97	0
38.29	21.005	0
38.288	21.042	0
38.285	21.075	0
38.283	21.11	0
38.28	21.146	0
38.277	21.182	0
38.274	21.217	0
38.272	21.25	0
38.269	21.287	0
38.266	21.323	0
38.263	21.356	0
38.26	21.392	0
38.257	21.427	0
38.254	21.464	0
38.251	21.498	0
38.247	21.534	0
38.244	21.568	0
38.241	21.603	0
38.238	21.639	0
38.234	21.674	0
38.231	21.71	0
38.228	21.745	0
38.224	21.781	0
38.221	21.816	0
38.217	21.852	0
38.214	21.886	0
38.21	21.922	0
38.206	21.957	0
38.202	21.992	0
38.199	22.028	0
38.195	22.064	0
38.191	22.098	0
38.187	22.135	0
38.183	22.169	0
38.179	22.205	0
38.175	22.242	0
38.171	22.276	0
38.167	22.311	0
38.162	22.347	0
38.158	22.384	0
38.154	22.418	0
38.149	22.454	0
38.145	22.49	0
38.141	22.525	0
38.136	22.561	0
38.131	22.596	0
38.127	22.632	0
38.122	22.667	0
38.118	22.702	0
38.113	22.738	0
38.108	22.774	0
38.103	22.81	0
38.098	22.846	0
38.093	22.881	0
38.088	22.918	0
38.083	22.952	0
38.078	22.989	0
38.073	23.024	0
38.068	23.06	0
38.063	23.094	0
38.057	23.133	0
38.052	23.167	0
38.046	23.204	0
38.041	23.24	0
38.035	23.275	0
38.03	23.311	0
38.024	23.348	0
38.018	23.383	0
38.013	23.419	0
38.007	23.456	0
38.001	23.492	0
37.995	23.528	0
37.989	23.563	0
37.983	23.599	0
37.977	23.637	0
37.971	23.672	0
37.965	23.707	0
37.959	23.746	0
37.953	23.78	0
37.946	23.817	0
37.94	23.854	0
37.934	23.888	0
37.927	23.924	0
37.92	23.963	0
37.914	23.998	0
37.907	24.034	0
37.901	24.069	0
37.894	24.107	0
37.887	24.143	0
37.881	24.18	0
37.874	24.215	0
37.867	24.253	0
37.86	24.289	0
37.853	24.325	0
37.846	24.361	0
37.839	24.399	0
37.832	24.434	0
37.824	24.472	0
37.817	24.507	0
37.81	24.544	0
37.803	24.58	0
37.795	24.616	0
37.788	24.654	0
37.78	24.69	0
37.772	24.727	0
37.765	24.762	0
37.757	24.8	0
37.75	24.836	0
37.742	24.873	0
37.734	24.91	0
37.726	24.946	0
37.718	24.984	0
37.711	25.019	0
37.702	25.056	0
37.694	25.093	0
37.686	25.131	0
37.678	25.166	0
37.67	25.204	0
37.662	25.24	0
37.653	25.276	0
37.645	25.314	0
37.637	25.35	0
37.628	25.386	0
37.619	25.424	0
37.611	25.46	0
37.602	25.497	0
37.594	25.535	0
37.585	25.571	0
37.576	25.608	0
37.567	25.645	0
37.558	25.682	0
37.55	25.718	0
37.541	25.754	0
37.531	25.793	0
37.522	25.829	0
37.513	25.866	0
37.504	25.903	0
37.495	25.94	0
37.486	25.977	0
37.477	26.013	0
37.467	26.052	0
37.458	26.087	0
37.448	26.124	0
37.438	26.162	0
37.429	26.198	0
37.419	26.235	0
37.41	26.273	0
37.4	26.31	0
37.39	26.345	0
37.38	26.385	0
37.37	26.421	0
37.361	26.456	0
37.35	26.495	0
37.34	26.532	0
37.331	26.568	0
37.32	26.607	0
37.31	26.643	0
37.3	26.68	0
37.289	26.718	0
37.279	26.754	0
37.269	26.791	0
37.258	26.831	0
37.248	26.864	0
37.237	26.903	0
37.226	26.941	0
37.216	26.977	0
37.205	27.014	0
37.194	27.052	0
37.184	27.089	0
37.173	27.125	0
37.162	27.163	0
37.151	27.2	0
37.14	27.238	0
37.129	27.273	0
37.118	27.313	0
37.107	27.348	0
37.095	27.386	0
37.084	27.424	0
37.073	27.46	0
37.061	27.498	0
37.05	27.536	0
37.039	27.572	0
37.027	27.61	0
37.016	27.646	0
37.003	27.685	0
36.992	27.721	0
36.981	27.758	0
36.968	27.798	0
36.957	27.832	0
36.945	27.87	0
36.933	27.908	0
36.921	27.944	0
36.909	27.983	0
36.897	28.019	0
36.885	28.057	0
36.873	28.094	0
36.86	28.131	0
36.848	28.168	0
36.836	28.206	0
36.823	28.243	0
36.811	28.28	0
36.799	28.318	0
36.786	28.356	0
36.773	28.392	0
36.761	28.43	0
36.748	28.468	0
36.735	28.504	0
36.723	28.541	0
36.71	28.579	0
36.696	28.617	0
36.684	28.654	0
36.671	28.69	0
36.658	28.729	0
36.644	28.766	0
36.631	28.803	0
36.618	28.84	0
36.605	28.878	0
36.592	28.914	0
36.578	28.953	0
36.565	28.99	0
36.551	29.027	0
36.538	29.065	0
36.524	29.102	0
36.51	29.14	0
36.497	29.176	0
36.483	29.214	0
36.469	29.251	0
36.455	29.289	0
36.441	29.326	0
36.428	29.363	0
36.413	29.401	0
36.399	29.438	0
36.386	29.474	0
36.371	29.514	0
36.357	29.55	0
36.343	29.587	0
36.328	29.625	0
36.314	29.662	0
36.3	29.699	0
36.285	29.738	0
36.271	29.774	0
36.256	29.812	0
36.242	29.849	0
36.227	29.886	0
36.212	29.925	0
36.197	29.961	0
36.182	29.999	0
36.168	30.035	0
36.148	30.084	0
