-25.228	28.951	-0
-25.202	28.969	-0
-25.174	28.989	-0
-25.149	29.006	-0
-25.12	29.025	-0
-25.093	29.044	-0
-25.066	29.062	-0
-25.039	29.081	-0
-25.01	29.1	-0
-24.983	29.118	-0
-24.957	29.136	-0
-24.93	29.154	-0
-24.901	29.173	-0
-24.874	29.191	-0
-24.847	29.21	-0
-24.819	29.228	-0
-24.792	29.246	-0
-24.765	29.264	-0
-24.738	29.282	-0
-24.71	29.3	-0
-24.68	29.32	-0
-24.656	29.336	-0
-24.628	29.354	-0
-24.599	29.373	-0
-24.573	29.39	-0
-24.544	29.409	-0
-24.517	29.427	-0
-24.489	29.445	-0
-24.462	29.463	-0
-24.435	29.48	-0
-24.405	29.499	-0
-24.379	29.516	-0
-24.353	29.533	-0
-24.324	29.551	-0
-24.295	29.57	-0
-24.268	29.587	-0
-24.239	29.605	-0
-24.212	29.623	-0
-24.186	29.639	-0
-24.156	29.658	-0
-24.13	29.675	-0
-24.102	29.693	-0
-24.073	29.711	-0
-24.047	29.727	-0
-24.018	29.746	-0
-23.991	29.762	-0
-23.962	29.78	-0
-23.934	29.798	-0
-23.908	29.814	-0
-23.879	29.832	-0
-23.849	29.85	-0
-23.823	29.866	-0
-23.795	29.884	-0
-23.768	29.901	-0
-23.739	29.918	-0
-23.711	29.935	-0
-23.683	29.952	-0
-23.656	29.969	-0
-23.626	29.987	-0
-23.6	30.003	-0
-23.572	30.02	-0
-23.542	30.038	-0
-23.515	30.054	-0
-23.487	30.071	-0
-23.457	30.089	-0
-23.432	30.104	-0
-23.401	30.123	-0
-23.376	30.138	-0
-23.346	30.156	-0
-23.319	30.171	-0
-23.29	30.189	-0
-23.261	30.206	-0
-23.235	30.221	-0
-23.205	30.239	-0
-23.178	30.255	-0
-23.148	30.273	-0
-23.12	30.289	-0
-23.094	30.304	-0
-23.065	30.321	-0
-23.035	30.338	-0
-23.008	30.354	-0
-22.98	30.37	-0
-22.95	30.388	-0
-22.923	30.403	-0
-22.895	30.419	-0
-22.865	30.436	-0
-22.838	30.452	-0
-22.809	30.468	-0
-22.782	30.484	-0
-22.753	30.5	-0
-22.723	30.517	-0
-22.696	30.533	-0
-22.667	30.549	-0
-22.64	30.564	-0
-22.608	30.582	-0
-22.583	30.596	-0
-22.553	30.613	-0
-22.525	30.629	-0
-22.497	30.644	-0
-22.468	30.661	-0
-22.44	30.676	-0
-22.409	30.693	-0
-22.383	30.707	-0
-22.353	30.724	-0
-22.326	30.739	-0
-22.296	30.755	-0
-22.268	30.771	-0
-22.239	30.787	-0
-22.21	30.802	-0
-22.183	30.817	-0
-22.152	30.833	-0
-22.124	30.849	-0
-22.096	30.864	-0
-22.068	30.879	-0
-22.038	30.895	-0
-22.012	30.909	-0
-21.98	30.926	-0
-21.952	30.941	-0
-21.925	30.956	-0
-21.896	30.971	-0
-21.865	30.987	-0
-21.838	31.002	-0
-21.809	31.017	-0
-21.78	31.032	-0
-21.751	31.048	-0
-21.722	31.063	-0
-21.695	31.077	-0
-21.664	31.093	-0
-21.636	31.107	-0
-21.607	31.123	-0
-21.578	31.137	-0
-21.549	31.152	-0
-21.519	31.168	-0
-21.493	31.181	-0
-21.461	31.198	-0
-21.434	31.212	-0
-21.407	31.226	-0
-21.375	31.242	-0
-21.347	31.256	-0
-21.317	31.271	-0
-21.29	31.285	-0
-21.259	31.301	-0
-21.23	31.315	-0
-21.202	31.329	-0
-21.174	31.343	-0
-21.143	31.359	-0
-21.114	31.373	-0
-21.088	31.386	-0
-21.057	31.402	-0
-21.027	31.416	-0
-20.998	31.43	-0
-20.97	31.445	-0
-20.939	31.46	-0
-20.913	31.472	-0
-20.881	31.488	-0
-20.853	31.502	-0
-20.824	31.516	-0
-20.795	31.53	-0
-20.766	31.544	-0
-20.735	31.559	-0
-20.709	31.572	-0
-20.679	31.586	-0
-20.648	31.601	-0
-20.619	31.615	-0
-20.591	31.628	-0
-20.56	31.643	-0
-20.535	31.655	-0
-20.501	31.671	-0
-20.474	31.683	-0
-20.445	31.698	-0
-20.415	31.712	-0
-20.385	31.726	-0
-20.357	31.739	-0
-20.328	31.752	-0
-20.299	31.766	-0
-20.269	31.78	-0
-20.237	31.795	-0
-20.212	31.806	-0
-20.181	31.82	-0
-20.151	31.834	-0
-20.122	31.848	-0
-20.093	31.861	-0
-20.061	31.876	-0
-20.036	31.887	-0
-20.005	31.901	-0
-19.974	31.915	-0
-19.945	31.928	-0
-19.916	31.941	-0
-19.886	31.955	-0
-19.859	31.967	-0
-19.827	31.981	-0
-19.798	31.994	-0
-19.77	32.007	-0
-19.739	32.02	-0
-19.711	32.033	-0
-19.682	32.046	-0
-19.652	32.059	-0
-19.62	32.073	-0
-19.591	32.085	-0
-19.562	32.098	-0
-19.534	32.11	-0
-19.502	32.124	-0
-19.476	32.135	-0
-19.444	32.149	-0
-19.413	32.163	-0
-19.386	32.174	-0
-19.356	32.187	-0
-19.327	32.2	-0
-19.297	32.213	-0
-19.266	32.226	-0
-19.237	32.238	-0
-19.207	32.251	-0
-19.18	32.262	-0
-19.147	32.276	-0
-19.119	32.288	-0
-19.088	32.301	-0
-19.059	32.313	-0
-19.031	32.324	-0
-18.997	32.339	-0
-18.971	32.349	-0
-18.943	32.361	-0
-18.909	32.375	-0
-18.882	32.386	-0
-18.852	32.399	-0
-18.822	32.411	-0
-18.792	32.423	-0
-18.763	32.435	-0
-18.732	32.447	-0
-18.704	32.459	-0
-18.672	32.472	-0
-18.644	32.483	-0
-18.612	32.496	-0
-18.584	32.507	-0
-18.553	32.52	-0
-18.525	32.531	-0
-18.495	32.543	-0
-18.465	32.554	-0
-18.434	32.567	-0
-18.406	32.578	-0
-18.373	32.59	-0
-18.345	32.601	-0
-18.316	32.613	-0
-18.287	32.624	-0
-18.254	32.637	-0
-18.227	32.648	-0
-18.195	32.66	-0
-18.166	32.671	-0
-18.137	32.682	-0
-18.107	32.694	-0
-18.075	32.706	-0
-18.049	32.716	-0
-18.015	32.729	-0
-17.987	32.739	-0
-17.958	32.75	-0
-17.925	32.763	-0
-17.898	32.773	-0
-17.867	32.784	-0
-17.837	32.795	-0
-17.806	32.807	-0
-17.779	32.817	-0
-17.746	32.829	-0
-17.717	32.84	-0
-17.686	32.851	-0
-17.656	32.862	-0
-17.629	32.872	-0
-17.598	32.884	-0
-17.568	32.895	-0
-17.536	32.906	-0
-17.506	32.917	-0
-17.478	32.927	-0
-17.448	32.938	-0
-17.419	32.948	-0
-17.385	32.96	-0
-17.357	32.97	-0
-17.326	32.981	-0
-17.297	32.992	-0
-17.269	33.001	-0
-17.234	33.013	-0
-17.21	33.022	-0
-17.174	33.034	-0
-17.148	33.044	-0
-17.115	33.055	-0
-17.087	33.065	-0
-17.057	33.075	-0
-17.026	33.086	-0
-16.996	33.096	-0
-16.967	33.106	-0
-16.936	33.117	-0
-16.905	33.127	-0
-16.875	33.137	-0
-16.847	33.147	-0
-16.815	33.158	-0
-16.784	33.168	-0
-16.758	33.177	-0
-16.723	33.188	-0
-16.695	33.198	-0
-16.664	33.208	-0
-16.634	33.218	-0
-16.605	33.227	-0
-16.574	33.237	-0
-16.545	33.247	-0
-16.513	33.258	-0
-16.484	33.267	-0
-16.453	33.277	-0
-16.423	33.287	-0
-16.392	33.296	-0
-16.364	33.305	-0
-16.333	33.315	-0
-16.302	33.325	-0
-16.272	33.335	-0
-16.24	33.345	-0
-16.212	33.354	-0
-16.182	33.363	-0
-16.15	33.373	-0
-16.122	33.382	-0
-16.091	33.392	-0
-16.061	33.401	-0
-16.03	33.411	-0
-15.998	33.42	-0
-15.973	33.428	-0
-15.936	33.439	-0
-15.911	33.447	-0
-15.878	33.457	-0
-15.85	33.466	-0
-15.817	33.475	-0
-15.788	33.484	-0
-15.756	33.494	-0
-15.727	33.503	-0
-15.698	33.511	-0
-15.669	33.52	-0
-15.635	33.53	-0
-15.604	33.539	-0
-15.579	33.546	-0
-15.545	33.556	-0
-15.514	33.565	-0
-15.485	33.574	-0
-15.455	33.582	-0
-15.423	33.592	-0
-15.396	33.599	-0
-15.363	33.609	-0
-15.334	33.617	-0
-15.302	33.626	-0
-15.272	33.635	-0
-15.242	33.643	-0
-15.211	33.652	-0
-15.182	33.66	-0
-15.152	33.668	-0
-15.121	33.677	-0
-15.088	33.686	-0
-15.062	33.693	-0
-15.031	33.702	-0
-14.998	33.711	-0
-14.968	33.719	-0
-14.941	33.726	-0
-14.906	33.736	-0
-14.881	33.743	-0
-14.848	33.751	-0
-14.816	33.76	-0
-14.784	33.768	-0
-14.756	33.776	-0
-14.725	33.784	-0
-14.697	33.792	-0
-14.667	33.799	-0
-14.634	33.808	-0
-14.604	33.816	-0
-14.575	33.823	-0
-14.544	33.831	-0
-14.509	33.84	-0
-14.485	33.846	-0
-14.451	33.855	-0
-14.424	33.862	-0
-14.391	33.87	-0
-14.361	33.878	-0
-14.331	33.886	-0
-14.299	33.894	-0
-14.272	33.9	-0
-14.24	33.908	-0
-14.207	33.916	-0
-14.179	33.923	-0
-14.151	33.93	-0
-14.115	33.939	-0
-14.088	33.945	-0
-14.057	33.953	-0
-14.027	33.96	-0
-13.995	33.968	-0
-13.968	33.974	-0
-13.935	33.982	-0
-13.906	33.989	-0
-13.871	33.997	-0
-13.845	34.004	-0
-13.814	34.011	-0
-13.784	34.018	-0
-13.753	34.025	-0
-13.722	34.032	-0
-13.692	34.039	-0
-13.659	34.046	-0
-13.633	34.052	-0
-13.6	34.06	-0
-13.571	34.066	-0
-13.539	34.074	-0
-13.508	34.08	-0
-13.48	34.087	-0
-13.451	34.093	-0
-13.416	34.101	-0
-13.387	34.107	-0
-13.36	34.113	-0
-13.325	34.121	-0
-13.298	34.127	-0
-13.264	34.134	-0
-13.236	34.14	-0
-13.203	34.147	-0
-13.175	34.153	-0
-13.145	34.159	-0
-13.115	34.166	-0
-13.081	34.173	-0
-13.054	34.178	-0
-13.024	34.185	-0
-12.99	34.191	-0
-12.96	34.198	-0
-12.93	34.204	-0
-12.901	34.21	-0
-12.871	34.216	-0
-12.84	34.222	-0
-12.808	34.228	-0
-12.779	34.234	-0
-12.749	34.24	-0
-12.716	34.247	-0
-12.687	34.252	-0
-12.658	34.258	-0
-12.628	34.264	-0
-12.595	34.27	-0
-12.566	34.276	-0
-12.535	34.282	-0
-12.506	34.287	-0
-12.478	34.292	-0
-12.443	34.299	-0
-12.414	34.304	-0
-12.381	34.311	-0
-12.354	34.316	-0
-12.323	34.321	-0
-12.293	34.327	-0
-12.261	34.333	-0
-12.233	34.338	-0
-12.2	34.344	-0
-12.17	34.349	-0
-12.141	34.354	-0
-12.109	34.36	-0
-12.081	34.365	-0
-12.051	34.37	-0
-12.017	34.376	-0
-11.988	34.381	-0
-11.958	34.386	-0
-11.93	34.391	-0
-11.896	34.397	-0
-11.866	34.402	-0
-11.839	34.406	-0
-11.805	34.412	-0
-11.775	34.417	-0
-11.748	34.421	-0
-11.715	34.427	-0
-11.685	34.432	-0
-11.653	34.437	-0
-11.626	34.441	-0
-11.593	34.446	-0
-11.565	34.451	-0
-11.533	34.456	-0
-11.504	34.46	-0
-11.471	34.465	-0
-11.441	34.47	-0
-11.414	34.474	-0
-11.381	34.479	-0
-11.354	34.483	-0
-11.321	34.488	-0
-11.29	34.493	-0
-11.26	34.497	-0
-11.232	34.501	-0
-11.2	34.506	-0
-11.169	34.511	-0
-11.143	34.514	-0
-11.107	34.52	-0
-11.079	34.524	-0
-11.051	34.528	-0
-11.019	34.532	-0
-10.99	34.536	-0
-10.956	34.541	-0
-10.93	34.544	-0
-10.895	34.549	-0
-10.868	34.553	-0
-10.839	34.557	-0
-10.804	34.561	-0
-10.779	34.564	-0
-10.748	34.569	-0
-10.718	34.572	-0
-10.685	34.577	-0
-10.658	34.58	-0
-10.624	34.584	-0
-10.596	34.588	-0
-10.57	34.591	-0
-10.533	34.596	-0
-10.507	34.599	-0
-10.476	34.603	-0
-10.447	34.606	-0
-10.412	34.61	-0
-10.389	34.613	-0
-10.355	34.617	-0
-10.324	34.621	-0
-10.296	34.624	-0
-10.264	34.628	-0
-10.238	34.631	-0
-10.204	34.634	-0
-10.176	34.637	-0
-10.145	34.641	-0
-10.114	34.644	-0
-10.085	34.647	-0
-10.058	34.65	-0
-10.025	34.654	-0
-9.9943	34.657	-0
-9.9677	34.66	-0
-9.931	34.664	-0
-9.9066	34.666	-0
-9.8749	34.669	-0
-9.8465	34.672	-0
-9.8155	34.675	-0
-9.7838	34.678	-0
-9.7572	34.681	-0
-9.7245	34.684	-0
-9.6961	34.687	-0
-9.6669	34.689	-0
-9.6351	34.692	-0
-9.6083	34.695	-0
-9.5783	34.697	-0
-9.5449	34.7	-0
-9.5181	34.703	-0
-9.4855	34.706	-0
-9.4572	34.708	-0
-9.4264	34.711	-0
-9.4005	34.713	-0
-9.3686	34.715	-0
-9.3394	34.718	-0
-9.3053	34.72	-0
-9.2801	34.723	-0
-9.251	34.725	-0
-9.2176	34.727	-0
-9.191	34.729	-0
-9.1593	34.732	-0
-9.13	34.734	-0
-9.1033	34.736	-0
-9.0733	34.738	-0
-9.0398	34.74	-0
-9.0133	34.742	-0
-8.9832	34.744	-0
-8.9524	34.746	-0
-8.9224	34.748	-0
-8.8931	34.75	-0
-8.8681	34.752	-0
-8.8323	34.754	-0
-8.8081	34.756	-0
-8.7765	34.758	-0
-8.7463	34.759	-0
-8.7156	34.761	-0
-8.6907	34.763	-0
-8.6581	34.765	-0
-8.6307	34.766	-0
-8.6006	34.768	-0
-8.5698	34.769	-0
-8.5415	34.771	-0
-8.5124	34.772	-0
-8.4832	34.774	-0
-8.4533	34.775	-0
-8.4267	34.777	-0
-8.3942	34.778	-0
-8.3642	34.779	-0
-8.3385	34.781	-0
-8.3093	34.782	-0
-8.2768	34.783	-0
-8.2511	34.784	-0
-8.2186	34.786	-0
-8.1946	34.787	-0
-8.1621	34.788	-0
-8.1312	34.789	-0
-8.1057	34.79	-0
-8.0782	34.791	-0
-8.0448	34.792	-0
-8.0192	34.793	-0
-7.9884	34.794	-0
-7.9601	34.795	-0
-7.9303	34.795	-0
-7.9046	34.796	-0
-7.8712	34.797	-0
-7.8482	34.798	-0
-7.8157	34.798	-0
-7.7883	34.799	-0
-7.7584	34.8	-0
-7.7294	34.8	-0
-7.7011	34.801	-0
-7.6765	34.801	-0
-7.6439	34.802	-0
-7.6157	34.802	-0
-7.5893	34.803	-0
-7.5585	34.803	-0
-7.5321	34.803	-0
-7.5004	34.804	-0
-7.4766	34.804	-0
-7.4432	34.804	-0
-7.4195	34.804	-0
-7.3878	34.805	-0
-7.3606	34.805	-0
-7.3342	34.805	-0
-7.3053	34.805	-0
-7.2754	34.805	-0
-7.2491	34.805	-0
-7.2166	34.805	-0
-7.1939	34.805	-0
-7.1641	34.805	-0
-7.1352	34.805	-0
-7.1063	34.805	-0
-7.0783	34.804	-0
-7.053	34.804	-0
-7.0214	34.804	-0
-6.9962	34.804	-0
-6.9646	34.803	-0
-6.9394	34.803	-0
-6.9087	34.802	-0
-6.8836	34.802	-0
-6.8548	34.802	-0
-6.8269	34.801	-0
-6.7981	34.801	-0
-6.7702	34.8	-0
-6.7415	34.799	-0
-6.7155	34.799	-0
-6.6876	34.798	-0
-6.6572	34.797	-0
-6.633	34.797	-0
-6.6043	34.796	-0
-6.572	34.795	-0
-6.5488	34.794	-0
-6.5202	34.793	-0
-6.4906	34.792	-0
-6.4666	34.792	-0
-6.4352	34.79	-0
-6.4103	34.79	-0
-6.3817	34.789	-0
-6.355	34.787	-0
-6.3246	34.786	-0
-6.2989	34.785	-0
-6.2694	34.784	-0
-6.2455	34.783	-0
-6.2142	34.782	-0
-6.1923	34.781	-0
-6.161	34.779	-0
-6.1325	34.778	-0
-6.1049	34.776	-0
-6.0794	34.775	-0
-6.0528	34.774	-0
-6.0235	34.772	-0
-5.9969	34.771	-0
-5.9677	34.769	-0
-5.944	34.768	-0
-5.9147	34.766	-0
-5.8873	34.764	-0
-5.8599	34.762	-0
-5.8317	34.761	-0
-5.8109	34.759	-0
-5.7759	34.757	-0
-5.7535	34.756	-0
-5.7271	34.754	-0
-5.695	34.752	-0
-5.6706	34.75	-0
-5.6453	34.748	-0
-5.6191	34.746	-0
-5.5898	34.744	-0
-5.5618	34.742	-0
-5.5346	34.74	-0
-5.515	34.738	-0
-5.4812	34.736	-0
-5.4542	34.733	-0
-5.4337	34.732	-0
-5.4027	34.729	-0
-5.3746	34.727	-0
-5.3486	34.725	-0
-5.3253	34.723	-0
-5.2973	34.72	-0
-5.2702	34.718	-0
-5.2443	34.715	-0
-5.2181	34.713	-0
-5.1894	34.71	-0
-5.1692	34.708	-0
-5.1373	34.705	-0
-5.1124	34.703	-0
-5.0884	34.7	-0
-5.0612	34.698	-0
-5.0326	34.695	-0
-5.0087	34.692	-0
-4.9846	34.69	-0
-4.9569	34.687	-0
-4.9312	34.684	-0
-4.9051	34.681	-0
-4.8774	34.678	-0
-4.8545	34.676	-0
-4.8276	34.673	-0
-4.8039	34.67	-0
-4.7782	34.667	-0
-4.7514	34.664	-0
-4.7267	34.661	-0
-4.7028	34.658	-0
-4.6742	34.654	-0
-4.6536	34.652	-0
-4.6265	34.649	-0
-4.6002	34.645	-0
-4.5734	34.642	-0
-4.5528	34.639	-0
-4.5281	34.636	-0
-4.5025	34.633	-0
-4.4806	34.63	-0
-4.4512	34.626	-0
-4.4296	34.623	-0
-4.403	34.619	-0
-4.3802	34.616	-0
-4.3566	34.613	-0
-4.3351	34.61	-0
-4.3064	34.605	-0
-4.287	34.603	-0
-4.2613	34.599	-0
-4.2368	34.595	-0
-4.2189	34.592	-0
-4.1907	34.588	-0
-4.1689	34.585	-0
-4.1454	34.581	-0
-4.1249	34.578	-0
-4.0991	34.574	-0
-4.0806	34.571	-0
-4.0579	34.567	-0
-4.0333	34.563	-0
-4.0147	34.56	-0
-3.9928	34.556	-0
-3.9716	34.553	-0
-3.9466	34.549	-0
-3.9298	34.546	-0
-3.9084	34.542	-0
-3.89	34.539	-0
-3.8676	34.535	-0
-3.852	34.532	-0
-3.8297	34.528	-0
-3.8128	34.525	-0
-3.7936	34.521	-0
-3.7753	34.518	-0
-3.7575	34.514	-0
-3.7425	34.511	-0
-3.7222	34.507	-0
-3.6951	34.502	-0
-3.6761	34.498	-0
-3.6465	34.492	-0
-3.621	34.487	-0
-3.5988	34.482	-0
-3.5732	34.477	-0
-3.551	34.473	-0
-3.5297	34.468	-0
-3.5063	34.463	-0
-3.4843	34.459	-0
-3.464	34.454	-0
-3.4365	34.448	-0
-3.4134	34.443	-0
-3.3782	34.436	-0
-3.3504	34.43	-0
-3.3108	34.421	-0
-3.2792	34.414	-0
-3.2358	34.404	-0
-3.1984	34.396	-0
-3.1493	34.385	-0
-3.1048	34.376	-0
-3.0515	34.364	-0
-3.0009	34.353	-0
-2.9462	34.342	-0
-2.895	34.331	-0
-2.8316	34.318	-0
-2.7664	34.304	-0
-2.7072	34.292	-0
-2.6376	34.278	-0
-2.5715	34.266	-0
-2.4995	34.252	-0
-2.4324	34.239	-0
-2.3563	34.225	-0
-2.2774	34.211	-0
-2.1995	34.197	-0
-2.1161	34.183	-0
-2.0248	34.168	-0
-1.9299	34.153	-0
-1.8263	34.138	-0
-1.718	34.122	-0
-1.6048	34.107	-0
-1.4848	34.092	-0
-1.3547	34.077	-0
-1.2201	34.062	-0
-1.0779	34.049	-0
-0.92816	34.036	-0
-0.77364	34.025	-0
-0.61237	34.016	-0
-0.44535	34.008	-0
-0.27452	34.003	-0
-0.1042	34.001	-0
0.069624	34	0
0.24083	34.002	0
0.41622	34.007	0
0.58386	34.014	0
0.74855	34.024	0
0.90872	34.035	0
1.0649	34.048	0
1.2091	34.061	0
1.3515	34.077	0
1.4855	34.093	0
1.6148	34.109	0
1.7343	34.126	0
1.8471	34.142	0
1.9519	34.159	0
2.0526	34.175	0
2.1468	34.191	0
2.2379	34.207	0
2.322	34.223	0
2.4007	34.237	0
2.4794	34.252	0
2.5574	34.268	0
2.6343	34.283	0
2.7154	34.3	0
2.7919	34.317	0
2.8679	34.333	0
2.9451	34.35	0
3.0153	34.366	0
3.0927	34.384	0
3.1589	34.4	0
3.227	34.416	0
3.2891	34.432	0
3.3519	34.447	0
3.411	34.462	0
3.4681	34.476	0
3.5181	34.489	0
3.5697	34.503	0
3.617	34.515	0
3.6617	34.527	0
3.7006	34.537	0
3.7393	34.547	0
3.7739	34.556	0
3.8061	34.565	0
3.8374	34.573	0
3.8655	34.581	0
3.8974	34.589	0
3.9254	34.596	0
3.955	34.604	0
3.9867	34.613	0
4.0137	34.62	0
4.0433	34.627	0
4.0721	34.635	0
4.1003	34.642	0
4.1301	34.65	0
4.156	34.657	0
4.186	34.665	0
4.2127	34.671	0
4.242	34.679	0
4.2691	34.686	0
4.2989	34.694	0
4.3245	34.7	0
4.3524	34.707	0
4.3805	34.714	0
4.4089	34.722	0
4.435	34.728	0
4.4651	34.736	0
4.4883	34.742	0
4.5201	34.75	0
4.5467	34.756	0
4.5711	34.762	0
4.6008	34.77	0
4.6277	34.776	0
4.6544	34.783	0
4.6816	34.79	0
4.7108	34.797	0
4.7375	34.803	0
4.763	34.81	0
4.7915	34.817	0
4.8171	34.823	0
4.8468	34.83	0
4.8748	34.837	0
4.8977	34.842	0
4.929	34.85	0
4.9527	34.855	0
4.9823	34.862	0
5.0087	34.869	0
5.037	34.875	0
5.0644	34.882	0
5.0904	34.888	0
5.1183	34.894	0
5.1458	34.901	0
5.1737	34.907	0
5.1985	34.913	0
5.2268	34.92	0
5.254	34.926	0
5.2824	34.932	0
5.3071	34.938	0
5.3364	34.945	0
5.3601	34.95	0
5.387	34.956	0
5.4135	34.962	0
5.4386	34.968	0
5.4614	34.973	0
5.4877	34.979	0
5.5141	34.984	0
5.5337	34.989	0
5.5607	34.995	0
5.5813	34.999	0
5.6065	35.004	0
5.6276	35.009	0
5.6481	35.013	0
5.671	35.018	0
5.6891	35.022	0
5.7101	35.026	0
5.7286	35.03	0
5.7448	35.033	0
5.7654	35.038	0
5.7834	35.041	0
5.7954	35.044	0
5.817	35.048	0
5.8336	35.051	0
5.8494	35.054	0
5.8662	35.057	0
5.8855	35.061	0
5.9054	35.065	0
5.9232	35.068	0
5.947	35.072	0
5.9696	35.076	0
5.9878	35.08	0
6.0173	35.085	0
6.0382	35.088	0
6.065	35.093	0
6.0901	35.097	0
6.1183	35.102	0
6.1456	35.107	0
6.1703	35.111	0
6.1982	35.116	0
6.2266	35.12	0
6.2538	35.125	0
6.2833	35.13	0
6.3114	35.134	0
6.3393	35.139	0
6.3683	35.144	0
6.3986	35.149	0
6.4252	35.153	0
6.4575	35.158	0
6.4845	35.163	0
6.5132	35.167	0
6.5449	35.172	0
6.5721	35.176	0
6.6028	35.181	0
6.6316	35.186	0
6.6638	35.191	0
6.6907	35.195	0
6.7214	35.2	0
6.7521	35.205	0
6.7803	35.209	0
6.8106	35.214	0
6.8407	35.218	0
6.8706	35.223	0
6.8987	35.227	0
6.9321	35.232	0
6.9596	35.236	0
6.9903	35.241	0
7.0196	35.245	0
7.0497	35.25	0
7.0811	35.254	0
7.1091	35.258	0
7.1387	35.263	0
7.1706	35.267	0
7.1989	35.272	0
7.2277	35.276	0
7.2608	35.281	0
7.2885	35.285	0
7.3203	35.289	0
7.348	35.293	0
7.3779	35.297	0
7.4082	35.302	0
7.4364	35.306	0
7.4686	35.31	0
7.4975	35.314	0
7.5278	35.318	0
7.5571	35.322	0
7.5863	35.326	0
7.6172	35.331	0
7.6465	35.335	0
7.6743	35.338	0
7.7058	35.343	0
7.7351	35.347	0
7.7651	35.351	0
7.7944	35.355	0
7.8233	35.358	0
7.8551	35.363	0
7.8826	35.366	0
7.9106	35.37	0
7.9423	35.374	0
7.9726	35.378	0
8.0002	35.382	0
8.0302	35.385	0
8.0601	35.389	0
8.0882	35.393	0
8.1187	35.397	0
8.1494	35.401	0
8.1774	35.404	0
8.2052	35.408	0
8.2371	35.411	0
8.2648	35.415	0
8.2946	35.418	0
8.3241	35.422	0
8.354	35.426	0
8.3815	35.429	0
8.4107	35.432	0
8.4429	35.436	0
8.4697	35.439	0
8.4977	35.443	0
8.5308	35.447	0
8.5566	35.45	0
8.5876	35.453	0
8.6152	35.456	0
8.6457	35.46	0
8.6746	35.463	0
8.7029	35.466	0
8.7332	35.47	0
8.7613	35.473	0
8.791	35.476	0
8.8187	35.479	0
8.8488	35.482	0
8.8786	35.485	0
8.9057	35.488	0
8.9384	35.492	0
8.9628	35.494	0
8.9935	35.498	0
9.0236	35.501	0
9.0525	35.504	0
9.0809	35.507	0
9.1107	35.51	0
9.1381	35.512	0
9.167	35.515	0
9.198	35.518	0
9.2263	35.521	0
9.2529	35.524	0
9.2856	35.527	0
9.3119	35.529	0
9.342	35.532	0
9.3705	35.535	0
9.3981	35.538	0
9.4285	35.54	0
9.4576	35.543	0
9.4862	35.546	0
9.5136	35.548	0
9.543	35.551	0
9.5735	35.553	0
9.6017	35.556	0
9.6314	35.559	0
9.6591	35.561	0
9.6852	35.563	0
9.7189	35.566	0
9.7461	35.568	0
9.7745	35.571	0
9.8033	35.573	0
9.8313	35.575	0
9.8634	35.578	0
9.8887	35.58	0
9.9202	35.582	0
9.9472	35.584	0
9.9766	35.587	0
10.005	35.589	0
10.034	35.591	0
10.064	35.593	0
10.091	35.595	0
10.12	35.597	0
10.15	35.6	0
10.179	35.602	0
10.207	35.604	0
10.236	35.606	0
10.266	35.608	0
10.293	35.61	0
10.324	35.612	0
10.351	35.613	0
10.381	35.615	0
10.409	35.617	0
10.437	35.619	0
10.468	35.621	0
10.496	35.623	0
10.525	35.624	0
10.552	35.626	0
10.582	35.628	0
10.612	35.629	0
10.64	35.631	0
10.669	35.633	0
10.697	35.634	0
10.728	35.636	0
10.755	35.637	0
10.785	35.639	0
10.812	35.64	0
10.844	35.642	0
10.871	35.643	0
10.901	35.645	0
10.927	35.646	0
10.959	35.648	0
10.986	35.649	0
11.015	35.65	0
11.047	35.652	0
11.075	35.653	0
11.102	35.654	0
11.131	35.655	0
11.16	35.656	0
11.19	35.658	0
11.219	35.659	0
11.248	35.66	0
11.278	35.661	0
11.305	35.662	0
11.334	35.663	0
11.363	35.664	0
11.393	35.665	0
11.422	35.666	0
11.45	35.667	0
11.48	35.668	0
11.51	35.669	0
11.539	35.67	0
11.565	35.67	0
11.596	35.671	0
11.625	35.672	0
11.654	35.673	0
11.685	35.674	0
11.712	35.674	0
11.743	35.675	0
11.769	35.675	0
11.8	35.676	0
11.83	35.677	0
11.858	35.677	0
11.887	35.678	0
11.916	35.678	0
11.945	35.679	0
11.975	35.679	0
12.006	35.68	0
12.033	35.68	0
12.062	35.68	0
12.092	35.681	0
12.121	35.681	0
12.15	35.681	0
12.178	35.682	0
12.21	35.682	0
12.239	35.682	0
12.266	35.682	0
12.297	35.682	0
12.326	35.683	0
12.354	35.683	0
12.386	35.683	0
12.414	35.683	0
12.445	35.683	0
12.47	35.683	0
12.504	35.683	0
12.531	35.683	0
12.562	35.683	0
12.591	35.683	0
12.619	35.682	0
12.65	35.682	0
12.677	35.682	0
12.709	35.682	0
12.739	35.682	0
12.766	35.681	0
12.797	35.681	0
12.826	35.681	0
12.855	35.68	0
12.886	35.68	0
12.914	35.68	0
12.946	35.679	0
12.972	35.679	0
13.004	35.678	0
13.032	35.678	0
13.063	35.677	0
13.092	35.676	0
13.12	35.676	0
13.152	35.675	0
13.182	35.675	0
13.21	35.674	0
13.239	35.673	0
13.27	35.672	0
13.3	35.672	0
13.328	35.671	0
13.359	35.67	0
13.389	35.669	0
13.418	35.668	0
13.447	35.667	0
13.478	35.666	0
13.509	35.665	0
13.536	35.664	0
13.568	35.663	0
13.596	35.662	0
13.626	35.661	0
13.657	35.66	0
13.686	35.659	0
13.715	35.658	0
13.746	35.657	0
13.775	35.655	0
13.805	35.654	0
13.835	35.653	0
13.866	35.651	0
13.894	35.65	0
13.926	35.649	0
13.955	35.647	0
13.984	35.646	0
14.014	35.645	0
14.043	35.643	0
14.073	35.642	0
14.103	35.64	0
14.135	35.638	0
14.163	35.637	0
14.193	35.635	0
14.223	35.634	0
14.253	35.632	0
14.284	35.63	0
14.315	35.628	0
14.344	35.627	0
14.375	35.625	0
14.405	35.623	0
14.438	35.621	0
14.466	35.619	0
14.498	35.617	0
14.527	35.615	0
14.559	35.613	0
14.589	35.611	0
14.62	35.609	0
14.65	35.607	0
14.682	35.605	0
14.713	35.603	0
14.743	35.601	0
14.774	35.598	0
14.803	35.596	0
14.837	35.594	0
14.866	35.592	0
14.898	35.59	0
14.928	35.587	0
14.958	35.585	0
14.99	35.583	0
15.02	35.58	0
15.052	35.578	0
15.081	35.575	0
15.113	35.573	0
15.144	35.57	0
15.174	35.568	0
15.205	35.566	0
15.236	35.563	0
15.267	35.56	0
15.298	35.558	0
15.328	35.555	0
15.359	35.553	0
15.39	35.55	0
15.42	35.547	0
15.452	35.544	0
15.48	35.542	0
15.511	35.539	0
15.542	35.536	0
15.574	35.533	0
15.602	35.531	0
15.633	35.528	0
15.664	35.525	0
15.695	35.522	0
15.723	35.519	0
15.755	35.516	0
15.784	35.513	0
15.816	35.51	0
15.844	35.507	0
15.876	35.504	0
15.906	35.501	0
15.937	35.498	0
15.965	35.495	0
15.997	35.491	0
16.027	35.488	0
16.058	35.485	0
16.089	35.482	0
16.116	35.479	0
16.149	35.475	0
16.179	35.472	0
16.21	35.468	0
16.239	35.465	0
16.271	35.461	0
16.3	35.458	0
16.331	35.454	0
16.363	35.451	0
16.391	35.447	0
16.424	35.443	0
16.454	35.44	0
16.483	35.436	0
16.512	35.433	0
16.546	35.428	0
16.574	35.425	0
16.605	35.421	0
16.637	35.417	0
16.667	35.413	0
16.697	35.409	0
16.728	35.405	0
16.759	35.401	0
16.789	35.397	0
16.819	35.393	0
16.85	35.389	0
16.88	35.385	0
16.912	35.381	0
16.942	35.377	0
16.972	35.373	0
17.003	35.368	0
17.034	35.364	0
17.063	35.36	0
17.097	35.355	0
17.125	35.351	0
17.157	35.347	0
17.187	35.342	0
17.218	35.338	0
17.249	35.333	0
17.279	35.329	0
17.309	35.324	0
17.341	35.32	0
17.371	35.315	0
17.402	35.31	0
17.432	35.306	0
17.464	35.301	0
17.494	35.296	0
17.525	35.292	0
17.556	35.287	0
17.587	35.282	0
17.616	35.277	0
17.648	35.272	0
17.679	35.267	0
17.709	35.262	0
17.74	35.257	0
17.77	35.252	0
17.802	35.247	0
17.833	35.242	0
17.864	35.237	0
17.893	35.232	0
17.925	35.226	0
17.956	35.221	0
17.986	35.216	0
18.017	35.211	0
18.047	35.205	0
18.079	35.2	0
18.111	35.194	0
18.14	35.189	0
18.172	35.184	0
18.203	35.178	0
18.233	35.173	0
18.263	35.167	0
18.295	35.162	0
18.325	35.156	0
18.358	35.15	0
18.386	35.145	0
18.418	35.139	0
18.45	35.133	0
18.48	35.127	0
18.512	35.121	0
18.542	35.115	0
18.573	35.11	0
18.603	35.104	0
18.635	35.098	0
18.665	35.092	0
18.697	35.085	0
18.727	35.08	0
18.758	35.073	0
18.791	35.067	0
18.818	35.062	0
18.851	35.055	0
18.883	35.048	0
18.912	35.042	0
18.943	35.036	0
18.975	35.03	0
19.006	35.023	0
19.036	35.017	0
19.068	35.01	0
19.098	35.004	0
19.129	34.997	0
19.16	34.991	0
19.192	34.984	0
19.223	34.977	0
19.252	34.971	0
19.285	34.964	0
19.315	34.957	0
19.345	34.951	0
19.379	34.943	0
19.409	34.937	0
19.439	34.93	0
19.472	34.923	0
19.502	34.916	0
19.531	34.909	0
19.564	34.902	0
19.595	34.895	0
19.625	34.888	0
19.657	34.881	0
19.687	34.874	0
19.719	34.866	0
19.75	34.859	0
19.781	34.852	0
19.812	34.844	0
19.843	34.837	0
19.876	34.829	0
19.904	34.822	0
19.936	34.815	0
19.966	34.807	0
20	34.799	0
20.029	34.792	0
20.06	34.784	0
20.092	34.776	0
20.122	34.769	0
20.154	34.761	0
20.185	34.753	0
20.216	34.745	0
20.247	34.737	0
20.278	34.73	0
20.309	34.722	0
20.342	34.713	0
20.372	34.706	0
20.404	34.697	0
20.434	34.689	0
20.466	34.681	0
20.496	34.673	0
20.529	34.664	0
20.559	34.656	0
20.59	34.648	0
20.622	34.64	0
20.654	34.631	0
20.684	34.623	0
20.716	34.614	0
20.746	34.606	0
20.779	34.597	0
20.809	34.589	0
20.842	34.58	0
20.87	34.572	0
20.905	34.562	0
20.934	34.554	0
20.967	34.545	0
20.997	34.536	0
21.029	34.527	0
21.06	34.518	0
21.092	34.509	0
21.123	34.5	0
21.155	34.491	0
21.186	34.482	0
21.216	34.473	0
21.249	34.464	0
21.281	34.454	0
21.311	34.445	0
21.343	34.436	0
21.375	34.426	0
21.405	34.418	0
21.437	34.408	0
21.468	34.399	0
21.501	34.389	0
21.532	34.379	0
21.563	34.37	0
21.594	34.36	0
21.625	34.351	0
21.657	34.341	0
21.689	34.331	0
21.72	34.322	0
21.753	34.311	0
21.783	34.302	0
21.815	34.292	0
21.846	34.282	0
21.877	34.272	0
21.909	34.262	0
21.941	34.252	0
21.971	34.242	0
22.005	34.232	0
22.036	34.222	0
22.066	34.212	0
22.097	34.202	0
22.13	34.191	0
22.161	34.181	0
22.194	34.17	0
22.223	34.16	0
22.256	34.149	0
22.287	34.139	0
22.319	34.128	0
22.351	34.118	0
22.381	34.108	0
22.415	34.096	0
22.444	34.086	0
22.477	34.075	0
22.509	34.064	0
22.539	34.054	0
22.572	34.043	0
22.603	34.032	0
22.634	34.022	0
22.666	34.01	0
22.699	33.999	0
22.729	33.988	0
22.759	33.978	0
22.793	33.966	0
22.824	33.955	0
22.855	33.944	0
22.887	33.933	0
22.92	33.921	0
22.949	33.91	0
22.983	33.899	0
23.014	33.887	0
23.045	33.876	0
23.077	33.864	0
23.108	33.853	0
23.14	33.841	0
23.173	33.83	0
23.202	33.819	0
23.236	33.806	0
23.266	33.795	0
23.297	33.784	0
23.331	33.771	0
23.359	33.76	0
23.394	33.747	0
23.424	33.736	0
23.457	33.724	0
23.488	33.712	0
23.519	33.7	0
23.551	33.688	0
23.582	33.676	0
23.615	33.663	0
23.644	33.652	0
23.678	33.639	0
23.709	33.627	0
23.741	33.615	0
23.772	33.603	0
23.803	33.59	0
23.835	33.578	0
23.867	33.565	0
23.898	33.553	0
23.931	33.54	0
23.962	33.528	0
23.994	33.515	0
24.024	33.503	0
24.057	33.49	0
24.089	33.477	0
24.12	33.465	0
24.152	33.452	0
24.183	33.439	0
24.214	33.426	0
24.246	33.413	0
24.279	33.399	0
24.309	33.387	0
24.341	33.374	0
24.372	33.361	0
24.405	33.348	0
24.436	33.335	0
24.466	33.322	0
24.499	33.308	0
24.529	33.296	0
24.563	33.281	0
24.593	33.269	0
24.624	33.256	0
24.658	33.241	0
24.689	33.228	0
24.72	33.215	0
24.752	33.201	0
24.782	33.188	0
24.814	33.174	0
24.847	33.16	0
24.877	33.147	0
24.91	33.133	0
24.94	33.12	0
24.973	33.105	0
25.004	33.092	0
25.035	33.078	0
25.067	33.064	0
25.099	33.049	0
25.13	33.036	0
25.161	33.022	0
25.193	33.008	0
25.225	32.993	0
25.256	32.979	0
25.288	32.965	0
25.319	32.951	0
25.351	32.936	0
25.382	32.922	0
25.415	32.907	0
25.445	32.893	0
25.476	32.879	0
25.509	32.864	0
25.54	32.85	0
25.57	32.836	0
25.604	32.82	0
25.635	32.806	0
25.666	32.791	0
25.697	32.777	0
25.729	32.762	0
25.76	32.747	0
25.791	32.733	0
25.823	32.717	0
25.855	32.702	0
25.885	32.688	0
25.917	32.673	0
25.949	32.658	0
25.979	32.643	0
26.012	32.627	0
26.044	32.612	0
26.074	32.597	0
26.106	32.582	0
26.136	32.567	0
26.169	32.551	0
26.201	32.535	0
26.231	32.52	0
26.264	32.504	0
26.295	32.489	0
26.325	32.474	0
26.358	32.458	0
26.398	32.438	0
