30.416	-26.29	0
30.435	-26.26	0
30.452	-26.232	0
30.471	-26.202	0
30.489	-26.173	0
30.507	-26.144	0
30.525	-26.114	0
30.542	-26.086	0
30.561	-26.057	0
30.578	-26.028	0
30.596	-25.999	0
30.615	-25.968	0
30.633	-25.938	0
30.65	-25.91	0
30.667	-25.882	0
30.685	-25.852	0
30.702	-25.824	0
30.721	-25.792	0
30.738	-25.763	0
30.755	-25.735	0
30.774	-25.704	0
30.791	-25.676	0
30.808	-25.647	0
30.825	-25.618	0
30.843	-25.587	0
30.861	-25.558	0
30.878	-25.529	0
30.896	-25.498	0
30.913	-25.47	0
30.93	-25.441	0
30.947	-25.411	0
30.964	-25.382	0
30.982	-25.351	0
30.998	-25.323	0
31.015	-25.294	0
31.033	-25.263	0
31.05	-25.233	0
31.066	-25.205	0
31.083	-25.175	0
31.101	-25.144	0
31.118	-25.116	0
31.134	-25.087	0
31.152	-25.056	0
31.168	-25.026	0
31.184	-24.999	0
31.202	-24.968	0
31.218	-24.939	0
31.236	-24.906	0
31.251	-24.879	0
31.268	-24.849	0
31.285	-24.818	0
31.301	-24.79	0
31.318	-24.759	0
31.333	-24.732	0
31.351	-24.7	0
31.368	-24.67	0
31.384	-24.641	0
31.4	-24.61	0
31.416	-24.581	0
31.432	-24.552	0
31.449	-24.521	0
31.465	-24.493	0
31.482	-24.461	0
31.498	-24.431	0
31.513	-24.404	0
31.53	-24.372	0
31.545	-24.344	0
31.562	-24.311	0
31.578	-24.283	0
31.593	-24.253	0
31.61	-24.223	0
31.625	-24.193	0
31.642	-24.163	0
31.657	-24.133	0
31.674	-24.102	0
31.688	-24.075	0
31.705	-24.042	0
31.72	-24.014	0
31.736	-23.983	0
31.751	-23.954	0
31.767	-23.923	0
31.784	-23.892	0
31.798	-23.865	0
31.814	-23.833	0
31.829	-23.805	0
31.845	-23.773	0
31.861	-23.742	0
31.875	-23.714	0
31.891	-23.683	0
31.906	-23.653	0
31.922	-23.623	0
31.937	-23.593	0
31.952	-23.563	0
31.968	-23.531	0
31.982	-23.502	0
31.998	-23.471	0
32.013	-23.442	0
32.028	-23.412	0
32.043	-23.381	0
32.058	-23.351	0
32.073	-23.32	0
32.087	-23.292	0
32.103	-23.26	0
32.117	-23.231	0
32.132	-23.2	0
32.147	-23.17	0
32.163	-23.138	0
32.176	-23.111	0
32.191	-23.079	0
32.206	-23.049	0
32.221	-23.018	0
32.235	-22.988	0
32.25	-22.958	0
32.264	-22.929	0
32.279	-22.896	0
32.293	-22.868	0
32.308	-22.836	0
32.322	-22.806	0
32.336	-22.777	0
32.351	-22.745	0
32.365	-22.715	0
32.38	-22.683	0
32.393	-22.655	0
32.407	-22.625	0
32.422	-22.593	0
32.436	-22.564	0
32.451	-22.53	0
32.464	-22.503	0
32.479	-22.471	0
32.492	-22.442	0
32.507	-22.411	0
32.521	-22.38	0
32.534	-22.35	0
32.549	-22.318	0
32.563	-22.288	0
32.575	-22.26	0
32.59	-22.227	0
32.603	-22.198	0
32.618	-22.166	0
32.632	-22.134	0
32.644	-22.106	0
32.658	-22.076	0
32.672	-22.043	0
32.685	-22.016	0
32.699	-21.983	0
32.714	-21.95	0
32.725	-21.924	0
32.739	-21.892	0
32.753	-21.86	0
32.766	-21.831	0
32.78	-21.799	0
32.793	-21.769	0
32.806	-21.74	0
32.82	-21.708	0
32.833	-21.676	0
32.846	-21.646	0
32.858	-21.617	0
32.872	-21.585	0
32.885	-21.554	0
32.898	-21.523	0
32.911	-21.493	0
32.924	-21.463	0
32.937	-21.432	0
32.95	-21.4	0
32.963	-21.37	0
32.976	-21.34	0
32.989	-21.309	0
33.001	-21.279	0
33.014	-21.248	0
33.028	-21.214	0
33.04	-21.186	0
33.052	-21.156	0
33.065	-21.125	0
33.078	-21.093	0
33.09	-21.062	0
33.103	-21.032	0
33.115	-21.001	0
33.127	-20.971	0
33.14	-20.939	0
33.152	-20.909	0
33.165	-20.877	0
33.177	-20.848	0
33.189	-20.817	0
33.202	-20.785	0
33.214	-20.755	0
33.226	-20.725	0
33.238	-20.692	0
33.251	-20.661	0
33.262	-20.632	0
33.275	-20.6	0
33.287	-20.569	0
33.298	-20.54	0
33.311	-20.506	0
33.322	-20.477	0
33.335	-20.445	0
33.346	-20.417	0
33.359	-20.382	0
33.37	-20.353	0
33.382	-20.322	0
33.393	-20.292	0
33.405	-20.26	0
33.417	-20.229	0
33.428	-20.199	0
33.44	-20.168	0
33.452	-20.136	0
33.463	-20.105	0
33.475	-20.074	0
33.486	-20.044	0
33.498	-20.012	0
33.509	-19.982	0
33.521	-19.95	0
33.532	-19.92	0
33.543	-19.889	0
33.555	-19.857	0
33.566	-19.825	0
33.577	-19.797	0
33.588	-19.765	0
33.599	-19.734	0
33.611	-19.702	0
33.621	-19.672	0
33.633	-19.639	0
33.644	-19.609	0
33.655	-19.579	0
33.665	-19.549	0
33.677	-19.516	0
33.688	-19.485	0
33.699	-19.453	0
33.709	-19.424	0
33.72	-19.391	0
33.73	-19.362	0
33.742	-19.329	0
33.752	-19.3	0
33.763	-19.268	0
33.774	-19.236	0
33.785	-19.204	0
33.794	-19.177	0
33.806	-19.142	0
33.816	-19.113	0
33.826	-19.082	0
33.837	-19.048	0
33.847	-19.021	0
33.858	-18.987	0
33.868	-18.957	0
33.878	-18.926	0
33.889	-18.894	0
33.899	-18.862	0
33.909	-18.832	0
33.919	-18.803	0
33.93	-18.767	0
33.939	-18.74	0
33.949	-18.708	0
33.96	-18.675	0
33.97	-18.645	0
33.98	-18.614	0
33.989	-18.584	0
34	-18.55	0
34.009	-18.522	0
34.02	-18.489	0
34.029	-18.458	0
34.039	-18.426	0
34.048	-18.398	0
34.059	-18.363	0
34.068	-18.334	0
34.078	-18.302	0
34.087	-18.271	0
34.097	-18.239	0
34.106	-18.209	0
34.116	-18.176	0
34.125	-18.147	0
34.136	-18.113	0
34.144	-18.085	0
34.154	-18.053	0
34.163	-18.021	0
34.173	-17.99	0
34.182	-17.958	0
34.191	-17.927	0
34.201	-17.896	0
34.209	-17.866	0
34.219	-17.835	0
34.228	-17.803	0
34.237	-17.771	0
34.246	-17.74	0
34.255	-17.71	0
34.265	-17.675	0
34.273	-17.647	0
34.283	-17.614	0
34.291	-17.584	0
34.3	-17.552	0
34.308	-17.523	0
34.318	-17.489	0
34.326	-17.46	0
34.335	-17.428	0
34.345	-17.394	0
34.352	-17.368	0
34.362	-17.332	0
34.37	-17.302	0
34.378	-17.271	0
34.387	-17.24	0
34.396	-17.209	0
34.404	-17.177	0
34.412	-17.147	0
34.421	-17.116	0
34.43	-17.082	0
34.438	-17.051	0
34.446	-17.02	0
34.454	-16.99	0
34.462	-16.959	0
34.471	-16.927	0
34.479	-16.897	0
34.488	-16.863	0
34.495	-16.834	0
34.503	-16.803	0
34.512	-16.77	0
34.52	-16.738	0
34.527	-16.71	0
34.536	-16.675	0
34.543	-16.646	0
34.551	-16.614	0
34.559	-16.583	0
34.567	-16.552	0
34.575	-16.52	0
34.582	-16.491	0
34.591	-16.456	0
34.598	-16.427	0
34.606	-16.395	0
34.614	-16.363	0
34.621	-16.333	0
34.628	-16.302	0
34.636	-16.27	0
34.644	-16.238	0
34.651	-16.209	0
34.659	-16.176	0
34.666	-16.144	0
34.673	-16.114	0
34.681	-16.081	0
34.688	-16.052	0
34.695	-16.019	0
34.703	-15.988	0
34.709	-15.959	0
34.717	-15.925	0
34.724	-15.894	0
34.731	-15.864	0
34.738	-15.834	0
34.746	-15.799	0
34.752	-15.77	0
34.759	-15.74	0
34.767	-15.706	0
34.773	-15.675	0
34.78	-15.644	0
34.787	-15.612	0
34.794	-15.582	0
34.801	-15.55	0
34.808	-15.518	0
34.814	-15.49	0
34.821	-15.455	0
34.828	-15.426	0
34.834	-15.394	0
34.841	-15.363	0
34.848	-15.331	0
34.854	-15.301	0
34.86	-15.27	0
34.867	-15.236	0
34.873	-15.206	0
34.88	-15.176	0
34.886	-15.145	0
34.893	-15.112	0
34.899	-15.081	0
34.905	-15.051	0
34.911	-15.019	0
34.918	-14.987	0
34.924	-14.957	0
34.93	-14.925	0
34.936	-14.896	0
34.942	-14.861	0
34.948	-14.831	0
34.954	-14.8	0
34.96	-14.768	0
34.966	-14.738	0
34.972	-14.707	0
34.978	-14.675	0
34.984	-14.644	0
34.99	-14.611	0
34.995	-14.584	0
35.001	-14.549	0
35.007	-14.519	0
35.012	-14.49	0
35.018	-14.456	0
35.023	-14.426	0
35.03	-14.392	0
35.035	-14.364	0
35.04	-14.331	0
35.046	-14.301	0
35.051	-14.269	0
35.057	-14.238	0
35.062	-14.207	0
35.068	-14.175	0
35.072	-14.147	0
35.078	-14.112	0
35.083	-14.081	0
35.088	-14.051	0
35.093	-14.022	0
35.099	-13.989	0
35.104	-13.958	0
35.109	-13.927	0
35.114	-13.897	0
35.12	-13.861	0
35.124	-13.835	0
35.129	-13.803	0
35.134	-13.772	0
35.139	-13.738	0
35.144	-13.71	0
35.148	-13.679	0
35.154	-13.644	0
35.158	-13.616	0
35.163	-13.584	0
35.168	-13.554	0
35.172	-13.522	0
35.177	-13.491	0
35.182	-13.459	0
35.186	-13.429	0
35.191	-13.398	0
35.195	-13.366	0
35.2	-13.335	0
35.204	-13.307	0
35.209	-13.272	0
35.213	-13.242	0
35.217	-13.212	0
35.221	-13.182	0
35.226	-13.148	0
35.23	-13.121	0
35.234	-13.086	0
35.238	-13.057	0
35.242	-13.026	0
35.247	-12.992	0
35.25	-12.967	0
35.255	-12.934	0
35.259	-12.899	0
35.263	-12.871	0
35.266	-12.841	0
35.271	-12.806	0
35.275	-12.776	0
35.278	-12.749	0
35.282	-12.714	0
35.285	-12.688	0
35.289	-12.655	0
35.293	-12.623	0
35.297	-12.59	0
35.3	-12.564	0
35.305	-12.527	0
35.308	-12.502	0
35.311	-12.468	0
35.315	-12.44	0
35.318	-12.406	0
35.322	-12.376	0
35.325	-12.347	0
35.329	-12.311	0
35.332	-12.286	0
35.335	-12.254	0
35.339	-12.22	0
35.342	-12.192	0
35.345	-12.158	0
35.348	-12.134	0
35.351	-12.097	0
35.354	-12.068	0
35.358	-12.036	0
35.361	-12.006	0
35.363	-11.978	0
35.367	-11.945	0
35.369	-11.916	0
35.372	-11.883	0
35.375	-11.851	0
35.378	-11.822	0
35.381	-11.793	0
35.384	-11.759	0
35.386	-11.732	0
35.389	-11.701	0
35.392	-11.667	0
35.394	-11.64	0
35.397	-11.608	0
35.4	-11.575	0
35.402	-11.549	0
35.405	-11.514	0
35.407	-11.487	0
35.41	-11.452	0
35.412	-11.425	0
35.414	-11.395	0
35.417	-11.364	0
35.419	-11.333	0
35.421	-11.302	0
35.424	-11.271	0
35.426	-11.242	0
35.428	-11.212	0
35.43	-11.18	0
35.432	-11.15	0
35.434	-11.119	0
35.436	-11.089	0
35.438	-11.06	0
35.44	-11.027	0
35.442	-10.998	0
35.444	-10.968	0
35.446	-10.937	0
35.448	-10.907	0
35.45	-10.878	0
35.452	-10.847	0
35.453	-10.816	0
35.455	-10.784	0
35.457	-10.756	0
35.458	-10.726	0
35.46	-10.695	0
35.462	-10.664	0
35.463	-10.635	0
35.464	-10.606	0
35.466	-10.573	0
35.467	-10.545	0
35.469	-10.515	0
35.47	-10.483	0
35.472	-10.452	0
35.473	-10.425	0
35.474	-10.395	0
35.475	-10.362	0
35.477	-10.334	0
35.478	-10.304	0
35.479	-10.274	0
35.48	-10.242	0
35.481	-10.214	0
35.482	-10.183	0
35.483	-10.155	0
35.484	-10.122	0
35.485	-10.095	0
35.486	-10.066	0
35.487	-10.032	0
35.488	-10.005	0
35.488	-9.9733	0
35.489	-9.9441	0
35.49	-9.9158	0
35.491	-9.885	0
35.491	-9.8559	0
35.492	-9.8259	0
35.493	-9.7951	0
35.493	-9.766	0
35.494	-9.7395	0
35.494	-9.707	0
35.495	-9.6745	0
35.495	-9.648	0
35.495	-9.6206	0
35.496	-9.589	0
35.496	-9.5573	0
35.496	-9.5291	0
35.497	-9.5018	0
35.497	-9.4728	0
35.497	-9.4412	0
35.497	-9.4113	0
35.497	-9.3822	0
35.497	-9.3524	0
35.497	-9.3233	0
35.497	-9.2943	0
35.497	-9.2689	0
35.497	-9.2346	0
35.497	-9.2074	0
35.497	-9.1775	0
35.497	-9.1512	0
35.497	-9.1187	0
35.497	-9.0897	0
35.496	-9.0599	0
35.496	-9.0336	0
35.496	-9.002	0
35.495	-8.9757	0
35.495	-8.9423	0
35.495	-8.9213	0
35.494	-8.8862	0
35.493	-8.8555	0
35.493	-8.8319	0
35.492	-8.8003	0
35.492	-8.7732	0
35.491	-8.7398	0
35.491	-8.7189	0
35.49	-8.6856	0
35.489	-8.6558	0
35.488	-8.6305	0
35.487	-8.5998	0
35.487	-8.5709	0
35.486	-8.5429	0
35.485	-8.515	0
35.484	-8.487	0
35.483	-8.4563	0
35.482	-8.432	0
35.481	-8.4004	0
35.48	-8.3716	0
35.479	-8.3463	0
35.478	-8.3192	0
35.476	-8.2877	0
35.475	-8.2606	0
35.474	-8.2309	0
35.473	-8.2038	0
35.471	-8.176	0
35.47	-8.1499	0
35.469	-8.1219	0
35.467	-8.0912	0
35.466	-8.066	0
35.464	-8.0383	0
35.463	-8.0093	0
35.461	-7.9816	0
35.46	-7.9549	0
35.458	-7.9253	0
35.456	-7.8994	0
35.455	-7.8718	0
35.453	-7.8424	0
35.451	-7.8201	0
35.449	-7.7881	0
35.447	-7.7632	0
35.446	-7.7347	0
35.444	-7.7054	0
35.442	-7.6779	0
35.44	-7.6504	0
35.438	-7.6275	0
35.436	-7.5974	0
35.434	-7.5701	0
35.431	-7.5435	0
35.429	-7.5163	0
35.427	-7.487	0
35.425	-7.4616	0
35.423	-7.438	0
35.42	-7.4043	0
35.418	-7.38	0
35.416	-7.3555	0
35.413	-7.3264	0
35.411	-7.2974	0
35.409	-7.275	0
35.406	-7.2434	0
35.403	-7.217	0
35.401	-7.1958	0
35.398	-7.1631	0
35.396	-7.138	0
35.393	-7.111	0
35.391	-7.0888	0
35.387	-7.0572	0
35.385	-7.0321	0
35.382	-7.0045	0
35.379	-6.9793	0
35.376	-6.9497	0
35.374	-6.927	0
35.37	-6.8983	0
35.368	-6.8743	0
35.364	-6.8449	0
35.362	-6.8211	0
35.358	-6.7933	0
35.355	-6.7689	0
35.352	-6.7393	0
35.349	-6.7126	0
35.346	-6.6903	0
35.343	-6.6636	0
35.339	-6.6354	0
35.336	-6.6105	0
35.333	-6.5863	0
35.329	-6.5581	0
35.326	-6.5305	0
35.323	-6.5064	0
35.319	-6.4818	0
35.316	-6.4565	0
35.312	-6.4286	0
35.309	-6.4051	0
35.305	-6.3781	0
35.301	-6.3529	0
35.298	-6.3268	0
35.294	-6.2997	0
35.29	-6.2765	0
35.287	-6.2496	0
35.283	-6.2276	0
35.279	-6.2006	0
35.275	-6.1728	0
35.271	-6.1485	0
35.268	-6.1237	0
35.264	-6.1022	0
35.259	-6.0722	0
35.256	-6.048	0
35.252	-6.0257	0
35.248	-5.9994	0
35.244	-5.9753	0
35.24	-5.9502	0
35.235	-5.924	0
35.232	-5.901	0
35.227	-5.8766	0
35.223	-5.8486	0
35.219	-5.8283	0
35.215	-5.8018	0
35.21	-5.7772	0
35.207	-5.7573	0
35.201	-5.7281	0
35.198	-5.706	0
35.193	-5.6796	0
35.189	-5.6581	0
35.184	-5.6328	0
35.18	-5.6104	0
35.176	-5.5884	0
35.171	-5.5609	0
35.167	-5.5408	0
35.161	-5.5135	0
35.158	-5.4937	0
35.153	-5.4692	0
35.148	-5.4441	0
35.143	-5.4217	0
35.139	-5.4001	0
35.134	-5.3778	0
35.129	-5.3524	0
35.125	-5.3317	0
35.12	-5.3078	0
35.116	-5.2881	0
35.111	-5.2638	0
35.106	-5.2394	0
35.102	-5.2241	0
35.096	-5.1939	0
35.092	-5.175	0
35.087	-5.1534	0
35.082	-5.1339	0
35.077	-5.1116	0
35.072	-5.0888	0
35.067	-5.0677	0
35.063	-5.0494	0
35.058	-5.0248	0
35.053	-5.0057	0
35.049	-4.988	0
35.044	-4.9663	0
35.039	-4.945	0
35.034	-4.9244	0
35.029	-4.907	0
35.025	-4.8886	0
35.02	-4.8671	0
35.015	-4.8472	0
35.011	-4.8312	0
35.005	-4.8107	0
35.001	-4.7946	0
34.996	-4.7747	0
34.992	-4.758	0
34.988	-4.7437	0
34.982	-4.7219	0
34.978	-4.7074	0
34.974	-4.6916	0
34.97	-4.6778	0
34.966	-4.6614	0
34.962	-4.6456	0
34.958	-4.6336	0
34.954	-4.6173	0
34.951	-4.607	0
34.945	-4.5884	0
34.943	-4.5798	0
34.94	-4.5711	0
34.936	-4.5569	0
34.934	-4.5494	0
34.929	-4.5344	0
34.924	-4.5178	0
34.918	-4.4979	0
34.91	-4.4716	0
34.903	-4.4503	0
34.898	-4.4332	0
34.893	-4.4194	0
34.887	-4.3978	0
34.88	-4.3763	0
34.877	-4.3668	0
34.872	-4.3526	0
34.865	-4.3317	0
34.861	-4.3178	0
34.854	-4.2979	0
34.848	-4.2806	0
34.84	-4.256	0
34.832	-4.2333	0
34.825	-4.2132	0
34.815	-4.1824	0
34.807	-4.159	0
34.797	-4.1292	0
34.787	-4.1013	0
34.776	-4.0686	0
34.763	-4.0333	0
34.753	-4.002	0
34.738	-3.9589	0
34.724	-3.9202	0
34.711	-3.8826	0
34.694	-3.832	0
34.678	-3.7855	0
34.661	-3.7338	0
34.641	-3.6747	0
34.622	-3.6177	0
34.601	-3.5529	0
34.576	-3.4776	0
34.551	-3.4002	0
34.525	-3.3153	0
34.495	-3.2194	0
34.465	-3.1195	0
34.429	-2.9962	0
34.393	-2.8672	0
34.355	-2.7241	0
34.314	-2.5601	0
34.271	-2.3809	0
34.228	-2.1817	0
34.183	-1.9555	0
34.139	-1.7031	0
34.099	-1.4406	0
34.062	-1.1365	0
34.033	-0.82726	0
34.011	-0.49012	0
34.001	-0.14788	0
34.002	0.2073	0
34.015	0.55691	0
34.04	0.90226	0
34.074	1.23	0
34.115	1.5384	0
34.163	1.83	0
34.214	2.0977	0
34.267	2.3388	0
34.319	2.5563	0
34.37	2.7549	0
34.42	2.9316	0
34.466	3.0905	0
34.512	3.2378	0
34.553	3.365	0
34.592	3.4807	0
34.629	3.5888	0
34.663	3.6835	0
34.694	3.7714	0
34.724	3.8515	0
34.752	3.9268	0
34.777	3.9919	0
34.802	4.0562	0
34.826	4.1174	0
34.847	4.1724	0
34.868	4.2242	0
34.887	4.2724	0
34.905	4.3185	0
34.924	4.3644	0
34.941	4.4062	0
34.958	4.4482	0
34.973	4.4843	0
34.99	4.5252	0
35.004	4.5596	0
35.018	4.5941	0
35.033	4.6292	0
35.046	4.6623	0
35.059	4.6938	0
35.072	4.7252	0
35.086	4.7576	0
35.099	4.7888	0
35.11	4.8153	0
35.122	4.8448	0
35.135	4.8768	0
35.146	4.9021	0
35.158	4.931	0
35.169	4.9592	0
35.18	4.9858	0
35.192	5.0136	0
35.203	5.0399	0
35.213	5.0647	0
35.225	5.095	0
35.235	5.1178	0
35.245	5.1434	0
35.257	5.1709	0
35.267	5.1963	0
35.277	5.2205	0
35.287	5.2454	0
35.299	5.2731	0
35.308	5.2957	0
35.319	5.324	0
35.328	5.346	0
35.338	5.3703	0
35.349	5.3965	0
35.358	5.4202	0
35.369	5.4453	0
35.379	5.471	0
35.388	5.4937	0
35.399	5.5204	0
35.408	5.5425	0
35.418	5.5677	0
35.428	5.5933	0
35.437	5.6162	0
35.448	5.6423	0
35.456	5.6635	0
35.466	5.6892	0
35.477	5.7155	0
35.485	5.737	0
35.495	5.7623	0
35.505	5.7869	0
35.515	5.8117	0
35.524	5.8347	0
35.533	5.8586	0
35.543	5.8845	0
35.552	5.9072	0
35.562	5.9336	0
35.571	5.9554	0
35.58	5.9807	0
35.59	6.0048	0
35.6	6.031	0
35.608	6.0523	0
35.618	6.0791	0
35.627	6.1024	0
35.636	6.1262	0
35.646	6.1515	0
35.655	6.1741	0
35.665	6.2008	0
35.673	6.2218	0
35.681	6.2431	0
35.69	6.2671	0
35.698	6.2898	0
35.706	6.3095	0
35.715	6.333	0
35.722	6.3521	0
35.73	6.3735	0
35.737	6.392	0
35.743	6.4106	0
35.75	6.4295	0
35.757	6.4473	0
35.763	6.465	0
35.769	6.4818	0
35.774	6.4949	0
35.78	6.511	0
35.785	6.5252	0
35.789	6.537	0
35.793	6.5466	0
35.797	6.5604	0
35.801	6.5702	0
35.804	6.5798	0
35.807	6.5886	0
35.811	6.6002	0
35.814	6.61	0
35.819	6.6231	0
35.822	6.6338	0
35.826	6.6457	0
35.831	6.6629	0
35.836	6.6763	0
35.842	6.6966	0
35.848	6.714	0
35.854	6.7351	0
35.86	6.7525	0
35.867	6.7774	0
35.875	6.8022	0
35.881	6.8216	0
35.888	6.8465	0
35.896	6.8717	0
35.904	6.8974	0
35.911	6.922	0
35.918	6.9457	0
35.927	6.974	0
35.934	7.0004	0
35.942	7.0273	0
35.95	7.0539	0
35.957	7.0773	0
35.966	7.1076	0
35.974	7.1335	0
35.982	7.1619	0
35.99	7.188	0
35.998	7.2172	0
36.006	7.2434	0
36.014	7.2711	0
36.023	7.3018	0
36.03	7.3265	0
36.038	7.354	0
36.047	7.3846	0
36.054	7.4097	0
36.063	7.4403	0
36.071	7.4667	0
36.079	7.4962	0
36.087	7.5246	0
36.095	7.55	0
36.103	7.5806	0
36.111	7.608	0
36.119	7.6357	0
36.127	7.6636	0
36.135	7.6926	0
36.144	7.7221	0
36.151	7.7472	0
36.159	7.7759	0
36.168	7.8065	0
36.175	7.8314	0
36.183	7.8618	0
36.191	7.8887	0
36.199	7.9177	0
36.206	7.9441	0
36.214	7.9731	0
36.222	8.0011	0
36.23	8.028	0
36.238	8.0583	0
36.245	8.0842	0
36.253	8.1122	0
36.261	8.1396	0
36.269	8.1696	0
36.276	8.1948	0
36.284	8.225	0
36.291	8.2508	0
36.299	8.2798	0
36.306	8.3053	0
36.315	8.3364	0
36.322	8.3616	0
36.33	8.3913	0
36.336	8.4159	0
36.344	8.4453	0
36.352	8.4717	0
36.359	8.5001	0
36.367	8.528	0
36.374	8.5552	0
36.381	8.5814	0
36.389	8.6097	0
36.396	8.637	0
36.404	8.6653	0
36.41	8.6898	0
36.418	8.7214	0
36.425	8.7468	0
36.432	8.772	0
36.439	8.8002	0
36.447	8.8299	0
36.453	8.853	0
36.461	8.8841	0
36.468	8.9086	0
36.475	8.9372	0
36.482	8.964	0
36.489	8.9904	0
36.496	9.0166	0
36.503	9.0454	0
36.51	9.072	0
36.517	9.0977	0
36.524	9.1252	0
36.531	9.1525	0
36.538	9.1802	0
36.545	9.2086	0
36.55	9.231	0
36.558	9.2607	0
36.565	9.2878	0
36.571	9.3139	0
36.578	9.3422	0
36.584	9.3653	0
36.592	9.3952	0
36.598	9.421	0
36.605	9.4484	0
36.612	9.4758	0
36.617	9.5001	0
36.625	9.5288	0
36.631	9.5554	0
36.638	9.5821	0
36.644	9.6069	0
36.65	9.6351	0
36.657	9.6626	0
36.664	9.6906	0
36.669	9.7125	0
36.676	9.7428	0
36.683	9.7694	0
36.688	9.7939	0
36.695	9.8228	0
36.701	9.8479	0
36.708	9.8755	0
36.714	9.903	0
36.72	9.9272	0
36.726	9.9541	0
36.733	9.9825	0
36.739	10.009	0
36.744	10.034	0
36.75	10.06	0
36.757	10.09	0
36.763	10.115	0
36.768	10.139	0
36.775	10.168	0
36.781	10.194	0
36.787	10.221	0
36.793	10.247	0
36.799	10.273	0
36.805	10.301	0
36.811	10.328	0
36.816	10.353	0
36.822	10.38	0
36.828	10.408	0
36.834	10.433	0
36.839	10.46	0
36.845	10.486	0
36.851	10.513	0
36.856	10.539	0
36.862	10.567	0
36.868	10.593	0
36.874	10.619	0
36.879	10.646	0
36.885	10.672	0
36.89	10.7	0
36.896	10.725	0
36.901	10.753	0
36.907	10.779	0
36.912	10.805	0
36.918	10.832	0
36.923	10.86	0
36.928	10.885	0
36.934	10.912	0
36.939	10.939	0
36.945	10.966	0
36.95	10.993	0
36.955	11.019	0
36.96	11.046	0
36.966	11.072	0
36.971	11.099	0
36.976	11.124	0
36.981	11.153	0
36.986	11.18	0
36.992	11.207	0
36.997	11.233	0
37.002	11.26	0
37.007	11.286	0
37.012	11.314	0
37.017	11.34	0
37.022	11.368	0
37.027	11.395	0
37.032	11.42	0
37.037	11.448	0
37.042	11.475	0
37.046	11.501	0
37.051	11.527	0
37.056	11.557	0
37.061	11.58	0
37.066	11.61	0
37.07	11.636	0
37.075	11.663	0
37.08	11.69	0
37.084	11.716	0
37.089	11.744	0
37.094	11.771	0
37.099	11.799	0
37.103	11.825	0
37.107	11.851	0
37.112	11.878	0
37.117	11.907	0
37.121	11.934	0
37.125	11.96	0
37.13	11.987	0
37.135	12.015	0
37.139	12.043	0
37.143	12.069	0
37.148	12.097	0
37.152	12.123	0
37.156	12.15	0
37.161	12.179	0
37.165	12.206	0
37.169	12.232	0
37.173	12.26	0
37.177	12.287	0
37.182	12.315	0
37.186	12.342	0
37.19	12.37	0
37.194	12.397	0
37.198	12.425	0
37.202	12.453	0
37.206	12.478	0
37.21	12.507	0
37.214	12.535	0
37.218	12.562	0
37.222	12.589	0
37.226	12.617	0
37.23	12.645	0
37.234	12.672	0
37.238	12.7	0
37.241	12.728	0
37.245	12.755	0
37.249	12.782	0
37.253	12.811	0
37.256	12.837	0
37.26	12.867	0
37.264	12.894	0
37.267	12.92	0
37.271	12.949	0
37.274	12.977	0
37.278	13.004	0
37.282	13.034	0
37.285	13.06	0
37.289	13.089	0
37.292	13.117	0
37.295	13.144	0
37.299	13.172	0
37.302	13.2	0
37.306	13.228	0
37.309	13.255	0
37.312	13.285	0
37.316	13.312	0
37.319	13.34	0
37.322	13.37	0
37.325	13.397	0
37.329	13.425	0
37.331	13.451	0
37.335	13.482	0
37.338	13.508	0
37.341	13.539	0
37.344	13.564	0
37.347	13.593	0
37.35	13.623	0
37.353	13.65	0
37.356	13.679	0
37.359	13.707	0
37.362	13.736	0
37.365	13.764	0
37.368	13.793	0
37.37	13.82	0
37.373	13.849	0
37.376	13.878	0
37.379	13.906	0
37.382	13.935	0
37.384	13.963	0
37.387	13.993	0
37.389	14.019	0
37.392	14.049	0
37.395	14.077	0
37.397	14.105	0
37.4	14.134	0
37.402	14.162	0
37.405	14.192	0
37.407	14.22	0
37.41	14.247	0
37.412	14.277	0
37.415	14.305	0
37.417	14.335	0
37.419	14.364	0
37.421	14.391	0
37.424	14.42	0
37.426	14.452	0
37.428	14.478	0
37.431	14.508	0
37.433	14.538	0
37.435	14.567	0
37.437	14.597	0
37.439	14.626	0
37.441	14.655	0
37.443	14.684	0
37.446	14.717	0
37.448	14.744	0
37.45	14.772	0
37.452	14.802	0
37.454	14.835	0
37.456	14.861	0
37.458	14.893	0
37.46	14.922	0
37.461	14.951	0
37.463	14.98	0
37.465	15.012	0
37.467	15.041	0
37.469	15.07	0
37.471	15.099	0
37.472	15.13	0
37.474	15.158	0
37.476	15.188	0
37.478	15.219	0
37.479	15.248	0
37.481	15.277	0
37.483	15.308	0
37.484	15.337	0
37.486	15.366	0
37.487	15.397	0
37.489	15.426	0
37.491	15.455	0
37.492	15.486	0
37.493	15.514	0
37.495	15.545	0
37.496	15.575	0
37.498	15.603	0
37.499	15.633	0
37.501	15.663	0
37.502	15.692	0
37.503	15.721	0
37.504	15.751	0
37.506	15.78	0
37.507	15.811	0
37.508	15.838	0
37.509	15.869	0
37.51	15.898	0
37.511	15.929	0
37.513	15.956	0
37.514	15.987	0
37.515	16.016	0
37.516	16.046	0
37.516	16.075	0
37.517	16.105	0
37.518	16.134	0
37.519	16.164	0
37.52	16.194	0
37.521	16.224	0
37.522	16.253	0
37.522	16.284	0
37.523	16.313	0
37.524	16.342	0
37.524	16.372	0
37.525	16.403	0
37.525	16.433	0
37.526	16.462	0
37.527	16.492	0
37.527	16.522	0
37.527	16.552	0
37.528	16.581	0
37.528	16.612	0
37.529	16.642	0
37.529	16.671	0
37.529	16.702	0
37.53	16.731	0
37.53	16.763	0
37.53	16.791	0
37.53	16.824	0
37.53	16.852	0
37.53	16.882	0
37.531	16.913	0
37.531	16.944	0
37.531	16.973	0
37.531	17.003	0
37.531	17.034	0
37.531	17.064	0
37.53	17.094	0
37.53	17.124	0
37.53	17.155	0
37.53	17.186	0
37.53	17.216	0
37.529	17.245	0
37.529	17.276	0
37.529	17.306	0
37.528	17.339	0
37.528	17.367	0
37.528	17.398	0
37.527	17.43	0
37.527	17.46	0
37.526	17.491	0
37.526	17.52	0
37.525	17.551	0
37.524	17.581	0
37.524	17.613	0
37.523	17.643	0
37.522	17.675	0
37.522	17.705	0
37.521	17.735	0
37.52	17.767	0
37.519	17.795	0
37.518	17.83	0
37.517	17.857	0
37.516	17.889	0
37.515	17.922	0
37.514	17.95	0
37.513	17.981	0
37.512	18.013	0
37.511	18.043	0
37.51	18.075	0
37.509	18.106	0
37.508	18.136	0
37.506	18.168	0
37.505	18.198	0
37.504	18.229	0
37.502	18.261	0
37.501	18.292	0
37.5	18.322	0
37.498	18.354	0
37.497	18.385	0
37.495	18.416	0
37.493	18.448	0
37.492	18.478	0
37.49	18.511	0
37.489	18.54	0
37.487	18.573	0
37.485	18.604	0
37.483	18.635	0
37.481	18.665	0
37.479	18.699	0
37.478	18.729	0
37.476	18.76	0
37.474	18.792	0
37.472	18.824	0
37.469	18.856	0
37.467	18.886	0
37.465	18.918	0
37.463	18.95	0
37.461	18.98	0
37.459	19.013	0
37.456	19.045	0
37.454	19.076	0
37.452	19.107	0
37.449	19.139	0
37.447	19.173	0
37.444	19.202	0
37.442	19.235	0
37.439	19.266	0
37.437	19.299	0
37.434	19.33	0
37.431	19.361	0
37.429	19.394	0
37.426	19.426	0
37.423	19.458	0
37.42	19.49	0
37.417	19.521	0
37.414	19.553	0
37.411	19.586	0
37.408	19.618	0
37.405	19.65	0
37.402	19.682	0
37.399	19.713	0
37.396	19.747	0
37.393	19.779	0
37.389	19.81	0
37.386	19.843	0
37.383	19.875	0
37.379	19.908	0
37.376	19.939	0
37.372	19.972	0
37.369	20.005	0
37.365	20.038	0
37.362	20.068	0
37.358	20.102	0
37.354	20.134	0
37.35	20.168	0
37.347	20.199	0
37.342	20.243	0
