29.768	-26.242	0
29.787	-26.213	0
29.806	-26.184	0
29.826	-26.154	0
29.843	-26.128	0
29.862	-26.098	0
29.88	-26.07	0
29.899	-26.042	0
29.916	-26.015	0
29.935	-25.984	0
29.953	-25.956	0
29.972	-25.928	0
29.99	-25.899	0
30.008	-25.871	0
30.027	-25.841	0
30.045	-25.814	0
30.062	-25.786	0
30.081	-25.756	0
30.099	-25.728	0
30.117	-25.699	0
30.135	-25.67	0
30.153	-25.641	0
30.17	-25.614	0
30.19	-25.583	0
30.206	-25.557	0
30.226	-25.525	0
30.242	-25.499	0
30.26	-25.469	0
30.279	-25.44	0
30.295	-25.413	0
30.314	-25.382	0
30.331	-25.354	0
30.349	-25.325	0
30.367	-25.296	0
30.384	-25.268	0
30.402	-25.238	0
30.418	-25.211	0
30.437	-25.18	0
30.454	-25.152	0
30.472	-25.123	0
30.489	-25.094	0
30.507	-25.065	0
30.524	-25.036	0
30.541	-25.007	0
30.558	-24.978	0
30.576	-24.949	0
30.593	-24.919	0
30.61	-24.891	0
30.627	-24.862	0
30.645	-24.832	0
30.662	-24.804	0
30.679	-24.774	0
30.695	-24.747	0
30.713	-24.716	0
30.729	-24.688	0
30.746	-24.659	0
30.763	-24.629	0
30.781	-24.599	0
30.797	-24.571	0
30.815	-24.54	0
30.831	-24.512	0
30.847	-24.483	0
30.863	-24.456	0
30.882	-24.424	0
30.897	-24.396	0
30.915	-24.366	0
30.932	-24.336	0
30.948	-24.307	0
30.963	-24.281	0
30.982	-24.246	0
30.996	-24.221	0
31.014	-24.19	0
31.03	-24.161	0
31.047	-24.131	0
31.063	-24.102	0
31.079	-24.073	0
31.095	-24.044	0
31.112	-24.013	0
31.128	-23.985	0
31.145	-23.953	0
31.16	-23.926	0
31.177	-23.895	0
31.192	-23.868	0
31.209	-23.837	0
31.225	-23.808	0
31.242	-23.776	0
31.256	-23.75	0
31.273	-23.719	0
31.289	-23.689	0
31.305	-23.66	0
31.32	-23.631	0
31.336	-23.601	0
31.352	-23.571	0
31.368	-23.541	0
31.384	-23.512	0
31.399	-23.483	0
31.415	-23.452	0
31.431	-23.423	0
31.447	-23.393	0
31.462	-23.365	0
31.478	-23.333	0
31.493	-23.305	0
31.508	-23.275	0
31.524	-23.245	0
31.539	-23.216	0
31.555	-23.186	0
31.57	-23.157	0
31.586	-23.124	0
31.6	-23.098	0
31.616	-23.066	0
31.632	-23.035	0
31.646	-23.009	0
31.662	-22.977	0
31.677	-22.948	0
31.692	-22.918	0
31.708	-22.886	0
31.721	-22.86	0
31.738	-22.826	0
31.752	-22.798	0
31.767	-22.769	0
31.782	-22.738	0
31.797	-22.709	0
31.812	-22.679	0
31.827	-22.649	0
31.842	-22.618	0
31.856	-22.589	0
31.872	-22.557	0
31.886	-22.528	0
31.9	-22.499	0
31.915	-22.469	0
31.929	-22.44	0
31.944	-22.409	0
31.959	-22.378	0
31.973	-22.349	0
31.987	-22.32	0
32.003	-22.287	0
32.017	-22.259	0
32.031	-22.229	0
32.046	-22.197	0
32.059	-22.17	0
32.075	-22.137	0
32.088	-22.109	0
32.103	-22.078	0
32.117	-22.048	0
32.131	-22.018	0
32.146	-21.987	0
32.159	-21.958	0
32.173	-21.928	0
32.188	-21.896	0
32.202	-21.867	0
32.215	-21.839	0
32.23	-21.807	0
32.244	-21.775	0
32.257	-21.747	0
32.271	-21.717	0
32.285	-21.686	0
32.299	-21.656	0
32.313	-21.624	0
32.326	-21.597	0
32.341	-21.564	0
32.355	-21.534	0
32.367	-21.505	0
32.381	-21.474	0
32.395	-21.444	0
32.409	-21.413	0
32.422	-21.382	0
32.435	-21.355	0
32.449	-21.323	0
32.463	-21.291	0
32.476	-21.261	0
32.489	-21.233	0
32.503	-21.2	0
32.516	-21.171	0
32.53	-21.138	0
32.542	-21.111	0
32.556	-21.079	0
32.569	-21.049	0
32.582	-21.019	0
32.594	-20.99	0
32.608	-20.957	0
32.621	-20.927	0
32.635	-20.895	0
32.647	-20.868	0
32.66	-20.836	0
32.673	-20.806	0
32.686	-20.775	0
32.699	-20.745	0
32.711	-20.715	0
32.725	-20.681	0
32.737	-20.653	0
32.75	-20.623	0
32.763	-20.591	0
32.775	-20.561	0
32.788	-20.532	0
32.8	-20.501	0
32.813	-20.469	0
32.826	-20.439	0
32.838	-20.408	0
32.85	-20.38	0
32.864	-20.346	0
32.876	-20.316	0
32.887	-20.288	0
32.901	-20.255	0
32.913	-20.225	0
32.924	-20.195	0
32.938	-20.162	0
32.949	-20.135	0
32.961	-20.103	0
32.974	-20.071	0
32.986	-20.041	0
32.998	-20.009	0
33.01	-19.98	0
33.022	-19.95	0
33.035	-19.916	0
33.046	-19.888	0
33.058	-19.858	0
33.07	-19.826	0
33.082	-19.796	0
33.094	-19.764	0
33.105	-19.735	0
33.118	-19.702	0
33.129	-19.673	0
33.141	-19.642	0
33.152	-19.612	0
33.164	-19.58	0
33.176	-19.549	0
33.188	-19.518	0
33.199	-19.489	0
33.21	-19.458	0
33.223	-19.425	0
33.233	-19.396	0
33.245	-19.366	0
33.256	-19.335	0
33.268	-19.302	0
33.279	-19.271	0
33.29	-19.242	0
33.302	-19.21	0
33.313	-19.18	0
33.324	-19.149	0
33.335	-19.12	0
33.347	-19.085	0
33.358	-19.056	0
33.368	-19.027	0
33.38	-18.993	0
33.39	-18.965	0
33.401	-18.933	0
33.412	-18.903	0
33.424	-18.87	0
33.434	-18.841	0
33.445	-18.809	0
33.456	-18.779	0
33.467	-18.747	0
33.478	-18.716	0
33.488	-18.687	0
33.499	-18.654	0
33.51	-18.624	0
33.521	-18.592	0
33.531	-18.562	0
33.542	-18.53	0
33.552	-18.5	0
33.563	-18.468	0
33.572	-18.44	0
33.584	-18.406	0
33.595	-18.374	0
33.604	-18.346	0
33.615	-18.312	0
33.625	-18.284	0
33.635	-18.252	0
33.645	-18.223	0
33.657	-18.187	0
33.665	-18.161	0
33.676	-18.127	0
33.686	-18.097	0
33.697	-18.065	0
33.706	-18.036	0
33.717	-18.004	0
33.727	-17.973	0
33.737	-17.941	0
33.746	-17.911	0
33.757	-17.878	0
33.766	-17.85	0
33.776	-17.816	0
33.786	-17.786	0
33.795	-17.756	0
33.806	-17.723	0
33.815	-17.693	0
33.825	-17.661	0
33.834	-17.632	0
33.844	-17.6	0
33.854	-17.568	0
33.862	-17.54	0
33.873	-17.505	0
33.883	-17.474	0
33.891	-17.445	0
33.9	-17.416	0
33.911	-17.38	0
33.92	-17.351	0
33.929	-17.32	0
33.938	-17.289	0
33.948	-17.256	0
33.956	-17.228	0
33.966	-17.195	0
33.976	-17.162	0
33.984	-17.134	0
33.994	-17.102	0
34.003	-17.07	0
34.011	-17.041	0
34.021	-17.007	0
34.03	-16.978	0
34.039	-16.945	0
34.047	-16.916	0
34.056	-16.884	0
34.066	-16.851	0
34.073	-16.824	0
34.083	-16.788	0
34.091	-16.76	0
34.1	-16.727	0
34.109	-16.698	0
34.118	-16.665	0
34.126	-16.634	0
34.135	-16.603	0
34.143	-16.572	0
34.152	-16.542	0
34.16	-16.509	0
34.169	-16.479	0
34.178	-16.445	0
34.185	-16.417	0
34.194	-16.385	0
34.202	-16.354	0
34.211	-16.322	0
34.219	-16.291	0
34.227	-16.259	0
34.235	-16.229	0
34.244	-16.197	0
34.252	-16.166	0
34.26	-16.135	0
34.268	-16.103	0
34.276	-16.072	0
34.284	-16.041	0
34.292	-16.01	0
34.3	-15.979	0
34.308	-15.948	0
34.316	-15.916	0
34.323	-15.885	0
34.331	-15.854	0
34.339	-15.822	0
34.347	-15.792	0
34.354	-15.761	0
34.362	-15.729	0
34.37	-15.696	0
34.377	-15.668	0
34.385	-15.637	0
34.393	-15.602	0
34.4	-15.574	0
34.408	-15.541	0
34.415	-15.511	0
34.423	-15.477	0
34.43	-15.448	0
34.437	-15.417	0
34.445	-15.385	0
34.452	-15.354	0
34.459	-15.323	0
34.466	-15.292	0
34.474	-15.26	0
34.481	-15.229	0
34.488	-15.196	0
34.495	-15.167	0
34.502	-15.136	0
34.509	-15.102	0
34.516	-15.073	0
34.523	-15.043	0
34.53	-15.01	0
34.537	-14.977	0
34.543	-14.95	0
34.551	-14.913	0
34.556	-14.889	0
34.565	-14.852	0
34.571	-14.822	0
34.577	-14.794	0
34.584	-14.76	0
34.591	-14.729	0
34.597	-14.698	0
34.604	-14.665	0
34.611	-14.635	0
34.617	-14.605	0
34.623	-14.574	0
34.63	-14.539	0
34.636	-14.513	0
34.642	-14.481	0
34.65	-14.445	0
34.656	-14.416	0
34.662	-14.386	0
34.668	-14.355	0
34.674	-14.325	0
34.681	-14.29	0
34.687	-14.261	0
34.693	-14.229	0
34.699	-14.198	0
34.705	-14.167	0
34.711	-14.137	0
34.717	-14.104	0
34.723	-14.073	0
34.729	-14.039	0
34.735	-14.011	0
34.74	-13.982	0
34.747	-13.946	0
34.752	-13.918	0
34.758	-13.887	0
34.764	-13.853	0
34.769	-13.825	0
34.775	-13.793	0
34.781	-13.76	0
34.786	-13.731	0
34.792	-13.699	0
34.798	-13.665	0
34.802	-13.638	0
34.808	-13.606	0
34.814	-13.573	0
34.819	-13.544	0
34.824	-13.511	0
34.83	-13.479	0
34.835	-13.45	0
34.841	-13.417	0
34.846	-13.386	0
34.851	-13.356	0
34.856	-13.327	0
34.861	-13.292	0
34.866	-13.264	0
34.871	-13.233	0
34.877	-13.197	0
34.881	-13.17	0
34.886	-13.139	0
34.891	-13.106	0
34.897	-13.073	0
34.901	-13.047	0
34.906	-13.012	0
34.911	-12.983	0
34.916	-12.95	0
34.92	-12.918	0
34.925	-12.891	0
34.93	-12.855	0
34.934	-12.83	0
34.939	-12.795	0
34.943	-12.765	0
34.948	-12.734	0
34.953	-12.702	0
34.957	-12.671	0
34.961	-12.642	0
34.966	-12.609	0
34.97	-12.577	0
34.975	-12.547	0
34.979	-12.515	0
34.983	-12.485	0
34.987	-12.457	0
34.992	-12.421	0
34.996	-12.392	0
35	-12.362	0
35.004	-12.33	0
35.008	-12.3	0
35.012	-12.269	0
35.016	-12.235	0
35.02	-12.206	0
35.024	-12.176	0
35.028	-12.142	0
35.032	-12.115	0
35.036	-12.082	0
35.04	-12.052	0
35.043	-12.021	0
35.047	-11.988	0
35.051	-11.959	0
35.054	-11.93	0
35.058	-11.895	0
35.062	-11.865	0
35.065	-11.835	0
35.069	-11.805	0
35.072	-11.773	0
35.076	-11.742	0
35.079	-11.712	0
35.083	-11.683	0
35.086	-11.647	0
35.09	-11.618	0
35.093	-11.589	0
35.096	-11.558	0
35.099	-11.527	0
35.103	-11.495	0
35.106	-11.465	0
35.109	-11.435	0
35.112	-11.403	0
35.115	-11.374	0
35.118	-11.341	0
35.121	-11.309	0
35.124	-11.282	0
35.127	-11.25	0
35.13	-11.217	0
35.133	-11.189	0
35.136	-11.157	0
35.139	-11.126	0
35.141	-11.1	0
35.144	-11.065	0
35.147	-11.036	0
35.15	-11.002	0
35.152	-10.974	0
35.155	-10.941	0
35.157	-10.915	0
35.16	-10.88	0
35.162	-10.854	0
35.165	-10.821	0
35.167	-10.79	0
35.17	-10.759	0
35.172	-10.729	0
35.174	-10.698	0
35.176	-10.67	0
35.179	-10.639	0
35.181	-10.606	0
35.183	-10.576	0
35.186	-10.544	0
35.187	-10.518	0
35.19	-10.484	0
35.192	-10.456	0
35.194	-10.424	0
35.196	-10.393	0
35.198	-10.365	0
35.2	-10.333	0
35.202	-10.302	0
35.203	-10.274	0
35.205	-10.241	0
35.207	-10.215	0
35.209	-10.181	0
35.211	-10.15	0
35.212	-10.122	0
35.214	-10.092	0
35.216	-10.058	0
35.217	-10.032	0
35.219	-10	0
35.22	-9.9717	0
35.222	-9.9389	0
35.223	-9.9111	0
35.225	-9.8784	0
35.226	-9.8498	0
35.227	-9.8203	0
35.229	-9.7885	0
35.23	-9.7607	0
35.231	-9.7279	0
35.232	-9.6993	0
35.233	-9.67	0
35.235	-9.6414	0
35.236	-9.6087	0
35.237	-9.5818	0
35.238	-9.5482	0
35.239	-9.5171	0
35.24	-9.4912	0
35.241	-9.4601	0
35.242	-9.4316	0
35.243	-9.3997	0
35.243	-9.3696	0
35.244	-9.3401	0
35.245	-9.3134	0
35.246	-9.2798	0
35.246	-9.2521	0
35.247	-9.2211	0
35.248	-9.1935	0
35.248	-9.1633	0
35.249	-9.1323	0
35.249	-9.1038	0
35.25	-9.0754	0
35.25	-9.0426	0
35.251	-9.0167	0
35.251	-8.9866	0
35.251	-8.9539	0
35.252	-8.9289	0
35.252	-8.8953	0
35.252	-8.8686	0
35.252	-8.8367	0
35.253	-8.8101	0
35.253	-8.7808	0
35.253	-8.7489	0
35.253	-8.7205	0
35.253	-8.693	0
35.253	-8.6655	0
35.253	-8.6302	0
35.253	-8.607	0
35.253	-8.5769	0
35.252	-8.5442	0
35.252	-8.5184	0
35.252	-8.4892	0
35.252	-8.4591	0
35.252	-8.4325	0
35.251	-8.4007	0
35.251	-8.3723	0
35.251	-8.3457	0
35.25	-8.3148	0
35.25	-8.2873	0
35.249	-8.2555	0
35.249	-8.2316	0
35.248	-8.1998	0
35.247	-8.1723	0
35.247	-8.144	0
35.246	-8.1166	0
35.245	-8.0847	0
35.245	-8.0573	0
35.244	-8.0317	0
35.243	-8.0017	0
35.242	-7.9725	0
35.241	-7.9443	0
35.24	-7.9169	0
35.239	-7.887	0
35.239	-7.8633	0
35.237	-7.8288	0
35.236	-7.8042	0
35.235	-7.7734	0
35.234	-7.748	0
35.233	-7.7189	0
35.232	-7.69	0
35.231	-7.661	0
35.229	-7.6374	0
35.228	-7.6066	0
35.227	-7.5794	0
35.225	-7.5496	0
35.224	-7.5216	0
35.222	-7.4945	0
35.221	-7.4638	0
35.22	-7.4403	0
35.218	-7.4106	0
35.216	-7.3817	0
35.215	-7.3529	0
35.213	-7.3276	0
35.211	-7.2988	0
35.21	-7.2709	0
35.208	-7.2431	0
35.206	-7.2179	0
35.204	-7.1856	0
35.202	-7.1614	0
35.2	-7.1307	0
35.198	-7.1047	0
35.197	-7.078	0
35.194	-7.0464	0
35.192	-7.0215	0
35.19	-6.9946	0
35.188	-6.967	0
35.186	-6.9393	0
35.184	-6.9115	0
35.181	-6.8829	0
35.179	-6.8563	0
35.177	-6.8313	0
35.174	-6.7991	0
35.172	-6.7732	0
35.17	-6.7476	0
35.167	-6.7191	0
35.165	-6.6942	0
35.162	-6.664	0
35.16	-6.6362	0
35.157	-6.609	0
35.155	-6.5842	0
35.152	-6.5567	0
35.15	-6.5302	0
35.147	-6.5006	0
35.144	-6.4762	0
35.141	-6.4469	0
35.139	-6.4222	0
35.136	-6.3958	0
35.132	-6.3638	0
35.13	-6.342	0
35.127	-6.3129	0
35.124	-6.2882	0
35.121	-6.2591	0
35.118	-6.2328	0
35.115	-6.2055	0
35.112	-6.181	0
35.108	-6.152	0
35.106	-6.1286	0
35.102	-6.0993	0
35.099	-6.0749	0
35.095	-6.0451	0
35.093	-6.0216	0
35.089	-5.9914	0
35.086	-5.9702	0
35.082	-5.9411	0
35.079	-5.9152	0
35.076	-5.8908	0
35.072	-5.862	0
35.068	-5.8365	0
35.065	-5.8105	0
35.061	-5.7856	0
35.058	-5.7584	0
35.054	-5.7343	0
35.05	-5.7075	0
35.046	-5.6773	0
35.043	-5.6563	0
35.039	-5.6304	0
35.036	-5.6063	0
35.031	-5.5764	0
35.028	-5.5554	0
35.023	-5.5263	0
35.02	-5.5018	0
35.016	-5.4777	0
35.012	-5.4508	0
35.008	-5.4268	0
35.004	-5.4007	0
35	-5.3782	0
34.996	-5.3521	0
34.991	-5.3235	0
34.987	-5.3024	0
34.983	-5.2759	0
34.979	-5.2547	0
34.974	-5.2261	0
34.971	-5.2072	0
34.966	-5.1773	0
34.962	-5.1547	0
34.957	-5.1298	0
34.953	-5.1051	0
34.949	-5.0841	0
34.944	-5.0573	0
34.94	-5.0328	0
34.936	-5.0128	0
34.931	-4.9859	0
34.927	-4.9652	0
34.922	-4.9404	0
34.918	-4.9175	0
34.914	-4.8949	0
34.909	-4.8701	0
34.905	-4.8503	0
34.9	-4.8254	0
34.896	-4.8052	0
34.89	-4.7776	0
34.887	-4.7638	0
34.881	-4.7349	0
34.877	-4.7149	0
34.873	-4.6952	0
34.868	-4.6739	0
34.863	-4.6502	0
34.859	-4.6307	0
34.854	-4.6101	0
34.85	-4.5901	0
34.846	-4.5719	0
34.841	-4.5483	0
34.836	-4.5294	0
34.832	-4.5111	0
34.827	-4.4905	0
34.824	-4.4764	0
34.819	-4.4554	0
34.814	-4.434	0
34.811	-4.4205	0
34.806	-4.4029	0
34.802	-4.3856	0
34.799	-4.3719	0
34.794	-4.3542	0
34.79	-4.3388	0
34.787	-4.3268	0
34.782	-4.3079	0
34.777	-4.2872	0
34.77	-4.2625	0
34.763	-4.2353	0
34.758	-4.2142	0
34.751	-4.1894	0
34.745	-4.1666	0
34.739	-4.1447	0
34.734	-4.1272	0
34.728	-4.1041	0
34.722	-4.0854	0
34.717	-4.0667	0
34.711	-4.0448	0
34.704	-4.0207	0
34.697	-3.9943	0
34.69	-3.9717	0
34.682	-3.944	0
34.674	-3.916	0
34.667	-3.8916	0
34.656	-3.8563	0
34.647	-3.8236	0
34.638	-3.7939	0
34.627	-3.7553	0
34.615	-3.7176	0
34.605	-3.6817	0
34.593	-3.6415	0
34.579	-3.5926	0
34.567	-3.5518	0
34.553	-3.5047	0
34.538	-3.4523	0
34.523	-3.4015	0
34.505	-3.339	0
34.488	-3.2795	0
34.469	-3.2112	0
34.449	-3.1403	0
34.427	-3.0584	0
34.405	-2.9765	0
34.381	-2.8856	0
34.354	-2.7792	0
34.328	-2.6722	0
34.298	-2.5448	0
34.267	-2.4075	0
34.236	-2.2598	0
34.202	-2.0924	0
34.168	-1.9063	0
34.135	-1.706	0
34.101	-1.4818	0
34.072	-1.2482	0
34.045	-0.98707	0
34.023	-0.71089	0
34.008	-0.42561	0
34.001	-0.12911	0
34.002	0.17219	0
34.011	0.46888	0
34.028	0.76791	0
34.052	1.0496	0
34.082	1.3198	0
34.116	1.5694	0
34.154	1.8052	0
34.193	2.0226	0
34.232	2.2185	0
34.27	2.3963	0
34.308	2.5592	0
34.345	2.7097	0
34.379	2.842	0
34.412	2.9637	0
34.443	3.0763	0
34.473	3.1788	0
34.5	3.269	0
34.527	3.3576	0
34.551	3.4357	0
34.574	3.5086	0
34.596	3.5778	0
34.616	3.6408	0
34.635	3.7004	0
34.654	3.758	0
34.673	3.8123	0
34.689	3.8623	0
34.706	3.911	0
34.721	3.9576	0
34.737	4.0039	0
34.751	4.0444	0
34.766	4.0868	0
34.779	4.1262	0
34.793	4.1657	0
34.806	4.2035	0
34.819	4.2419	0
34.831	4.2746	0
34.843	4.3117	0
34.855	4.3458	0
34.867	4.3795	0
34.879	4.4129	0
34.89	4.4451	0
34.9	4.4758	0
34.913	4.5119	0
34.922	4.5384	0
34.934	4.5727	0
34.944	4.6018	0
34.955	4.6329	0
34.965	4.662	0
34.976	4.6931	0
34.986	4.7214	0
34.995	4.7502	0
35.006	4.7819	0
35.015	4.8083	0
35.026	4.8389	0
35.035	4.8667	0
35.045	4.8956	0
35.055	4.9233	0
35.065	4.9529	0
35.074	4.9788	0
35.084	5.0086	0
35.094	5.0383	0
35.102	5.0623	0
35.112	5.0921	0
35.121	5.1181	0
35.131	5.1497	0
35.139	5.1741	0
35.149	5.2021	0
35.159	5.2318	0
35.167	5.2583	0
35.176	5.2835	0
35.186	5.3128	0
35.195	5.3406	0
35.203	5.3661	0
35.213	5.3963	0
35.221	5.4214	0
35.231	5.4501	0
35.239	5.477	0
35.248	5.5049	0
35.257	5.5315	0
35.266	5.559	0
35.275	5.5856	0
35.284	5.6141	0
35.292	5.6398	0
35.302	5.6704	0
35.31	5.6953	0
35.318	5.7222	0
35.327	5.7512	0
35.336	5.7783	0
35.345	5.8057	0
35.353	5.8311	0
35.362	5.861	0
35.37	5.8873	0
35.379	5.9136	0
35.388	5.9426	0
35.396	5.9684	0
35.405	5.9975	0
35.412	6.022	0
35.421	6.0487	0
35.428	6.0728	0
35.437	6.1009	0
35.444	6.1247	0
35.452	6.1503	0
35.458	6.172	0
35.466	6.1984	0
35.472	6.2194	0
35.48	6.2434	0
35.487	6.2682	0
35.493	6.2881	0
35.498	6.3066	0
35.505	6.3307	0
35.511	6.3497	0
35.515	6.365	0
35.521	6.3852	0
35.527	6.4045	0
35.53	6.4178	0
35.535	6.4337	0
35.539	6.4491	0
35.544	6.4653	0
35.547	6.478	0
35.551	6.4932	0
35.556	6.5093	0
35.559	6.5236	0
35.563	6.5384	0
35.569	6.5588	0
35.573	6.5764	0
35.578	6.5955	0
35.584	6.6176	0
35.589	6.6385	0
35.594	6.6594	0
35.601	6.6876	0
35.606	6.7091	0
35.614	6.7388	0
35.619	6.7624	0
35.626	6.7894	0
35.632	6.8152	0
35.639	6.8435	0
35.646	6.873	0
35.652	6.9003	0
35.66	6.9304	0
35.666	6.9566	0
35.673	6.9857	0
35.68	7.0184	0
35.687	7.0444	0
35.694	7.0769	0
35.7	7.1031	0
35.707	7.134	0
35.715	7.1648	0
35.721	7.1939	0
35.728	7.2245	0
35.735	7.2539	0
35.742	7.2864	0
35.749	7.3145	0
35.756	7.3458	0
35.763	7.3769	0
35.77	7.4066	0
35.777	7.4369	0
35.784	7.4675	0
35.791	7.4993	0
35.797	7.5276	0
35.805	7.5608	0
35.811	7.5894	0
35.818	7.6218	0
35.825	7.6507	0
35.831	7.6816	0
35.838	7.7133	0
35.845	7.7435	0
35.852	7.7744	0
35.858	7.8049	0
35.865	7.8362	0
35.872	7.8654	0
35.879	7.8976	0
35.885	7.9256	0
35.892	7.9594	0
35.898	7.9894	0
35.905	8.0188	0
35.911	8.0494	0
35.918	8.0818	0
35.924	8.1095	0
35.931	8.1426	0
35.937	8.1715	0
35.944	8.2032	0
35.95	8.2322	0
35.957	8.2646	0
35.963	8.2931	0
35.97	8.3259	0
35.976	8.3546	0
35.982	8.3859	0
35.988	8.4157	0
35.995	8.4467	0
36.001	8.4766	0
36.007	8.5053	0
36.013	8.5366	0
36.02	8.5692	0
36.026	8.5975	0
36.032	8.6279	0
36.038	8.6573	0
36.044	8.6886	0
36.05	8.7182	0
36.056	8.7501	0
36.062	8.7785	0
36.068	8.8096	0
36.074	8.8391	0
36.08	8.869	0
36.086	8.9003	0
36.092	8.9292	0
36.097	8.9594	0
36.103	8.9896	0
36.109	9.0196	0
36.115	9.0489	0
36.121	9.0803	0
36.126	9.1105	0
36.132	9.1384	0
36.138	9.1687	0
36.143	9.2003	0
36.149	9.2295	0
36.155	9.2599	0
36.16	9.2888	0
36.166	9.3186	0
36.171	9.3477	0
36.177	9.3803	0
36.182	9.4078	0
36.188	9.439	0
36.193	9.4664	0
36.199	9.5	0
36.204	9.5275	0
36.209	9.5566	0
36.215	9.5886	0
36.22	9.6162	0
36.225	9.6468	0
36.23	9.6761	0
36.236	9.7081	0
36.24	9.7353	0
36.245	9.764	0
36.251	9.797	0
36.256	9.8255	0
36.261	9.8541	0
36.266	9.8841	0
36.271	9.9144	0
36.276	9.9437	0
36.281	9.9732	0
36.286	10.004	0
36.291	10.032	0
36.296	10.064	0
36.301	10.093	0
36.305	10.12	0
36.311	10.153	0
36.315	10.179	0
36.32	10.211	0
36.325	10.239	0
36.33	10.272	0
36.334	10.299	0
36.339	10.329	0
36.344	10.358	0
36.348	10.389	0
36.353	10.417	0
36.357	10.447	0
36.362	10.477	0
36.366	10.506	0
36.371	10.535	0
36.375	10.566	0
36.38	10.596	0
36.384	10.624	0
36.389	10.655	0
36.393	10.684	0
36.397	10.714	0
36.402	10.743	0
36.406	10.773	0
36.41	10.802	0
36.414	10.832	0
36.419	10.862	0
36.422	10.889	0
36.427	10.921	0
36.431	10.95	0
36.435	10.98	0
36.439	11.011	0
36.443	11.039	0
36.447	11.068	0
36.451	11.099	0
36.455	11.128	0
36.459	11.158	0
36.463	11.187	0
36.467	11.217	0
36.471	11.247	0
36.475	11.277	0
36.478	11.305	0
36.482	11.335	0
36.486	11.366	0
36.49	11.396	0
36.493	11.424	0
36.497	11.454	0
36.5	11.484	0
36.504	11.514	0
36.507	11.542	0
36.511	11.574	0
36.515	11.603	0
36.518	11.632	0
36.522	11.663	0
36.525	11.692	0
36.528	11.721	0
36.532	11.752	0
36.535	11.781	0
36.539	11.811	0
36.542	11.841	0
36.545	11.871	0
36.548	11.901	0
36.552	11.93	0
36.555	11.96	0
36.558	11.99	0
36.561	12.02	0
36.564	12.049	0
36.567	12.079	0
36.57	12.11	0
36.573	12.14	0
36.576	12.168	0
36.579	12.199	0
36.582	12.23	0
36.585	12.258	0
36.588	12.288	0
36.591	12.32	0
36.594	12.347	0
36.597	12.38	0
36.599	12.408	0
36.602	12.441	0
36.605	12.468	0
36.608	12.499	0
36.61	12.528	0
36.613	12.56	0
36.615	12.589	0
36.618	12.619	0
36.62	12.648	0
36.623	12.68	0
36.626	12.709	0
36.628	12.739	0
36.631	12.771	0
36.633	12.799	0
36.635	12.831	0
36.637	12.859	0
36.64	12.891	0
36.642	12.92	0
36.645	12.952	0
36.647	12.98	0
36.649	13.013	0
36.651	13.04	0
36.653	13.072	0
36.655	13.102	0
36.657	13.133	0
36.66	13.164	0
36.661	13.193	0
36.663	13.223	0
36.665	13.254	0
36.667	13.285	0
36.669	13.315	0
36.671	13.345	0
36.673	13.375	0
36.675	13.405	0
36.677	13.437	0
36.678	13.467	0
36.68	13.498	0
36.682	13.529	0
36.684	13.558	0
36.685	13.59	0
36.687	13.618	0
36.688	13.65	0
36.69	13.681	0
36.692	13.712	0
36.693	13.742	0
36.695	13.773	0
36.696	13.803	0
36.697	13.835	0
36.699	13.864	0
36.7	13.895	0
36.701	13.926	0
36.703	13.957	0
36.704	13.987	0
36.705	14.02	0
36.706	14.048	0
36.708	14.08	0
36.709	14.111	0
36.71	14.141	0
36.711	14.173	0
36.712	14.204	0
36.713	14.235	0
36.714	14.265	0
36.715	14.295	0
36.716	14.327	0
36.717	14.358	0
36.718	14.388	0
36.719	14.421	0
36.719	14.451	0
36.72	14.481	0
36.721	14.514	0
36.722	14.543	0
36.722	14.575	0
36.723	14.607	0
36.724	14.637	0
36.724	14.669	0
36.725	14.699	0
36.725	14.731	0
36.726	14.761	0
36.726	14.792	0
36.727	14.824	0
36.727	14.854	0
36.728	14.886	0
36.728	14.917	0
36.728	14.947	0
36.729	14.978	0
36.729	15.01	0
36.729	15.041	0
36.729	15.071	0
36.729	15.105	0
36.73	15.135	0
36.73	15.167	0
36.73	15.2	0
36.73	15.23	0
36.73	15.262	0
36.73	15.294	0
36.73	15.327	0
36.73	15.358	0
36.73	15.391	0
36.729	15.423	0
36.729	15.454	0
36.729	15.488	0
36.729	15.519	0
36.729	15.552	0
36.728	15.583	0
36.728	15.617	0
36.728	15.648	0
36.728	15.681	0
36.727	15.714	0
36.727	15.746	0
36.726	15.778	0
36.726	15.812	0
36.725	15.842	0
36.725	15.876	0
36.724	15.908	0
36.724	15.941	0
36.723	15.973	0
36.723	16.007	0
36.722	16.037	0
36.721	16.072	0
36.721	16.103	0
36.72	16.135	0
36.719	16.168	0
36.719	16.2	0
36.718	16.232	0
36.717	16.264	0
36.716	16.297	0
36.715	16.331	0
36.714	16.361	0
36.713	16.393	0
36.712	16.427	0
36.711	16.458	0
36.71	16.491	0
36.709	16.523	0
36.708	16.554	0
36.707	16.586	0
36.706	16.618	0
36.705	16.649	0
36.704	16.681	0
36.703	16.713	0
36.701	16.744	0
36.7	16.778	0
36.699	16.807	0
36.697	16.841	0
36.696	16.87	0
36.695	16.904	0
36.693	16.936	0
36.692	16.967	0
36.69	17	0
36.689	17.03	0
36.687	17.064	0
36.685	17.095	0
36.684	17.126	0
36.682	17.159	0
36.68	17.191	0
36.679	17.222	0
36.677	17.255	0
36.675	17.286	0
36.673	17.319	0
36.671	17.351	0
36.669	17.383	0
36.667	17.414	0
36.665	17.448	0
36.663	17.479	0
36.661	17.51	0
36.659	17.543	0
36.657	17.575	0
36.655	17.607	0
36.653	17.639	0
36.65	17.672	0
36.648	17.704	0
36.646	17.736	0
36.643	17.768	0
36.641	17.8	0
36.639	17.833	0
36.636	17.865	0
36.634	17.896	0
36.631	17.929	0
36.629	17.962	0
36.626	17.994	0
36.623	18.025	0
36.621	18.059	0
36.618	18.09	0
36.615	18.124	0
36.613	18.155	0
36.61	18.188	0
36.607	18.218	0
36.604	18.253	0
36.601	18.284	0
36.598	18.317	0
36.595	18.349	0
36.592	18.382	0
36.589	18.414	0
36.586	18.447	0
36.583	18.48	0
36.58	18.511	0
36.577	18.544	0
36.574	18.575	0
36.57	18.608	0
36.567	18.641	0
36.563	18.675	0
36.561	18.703	0
36.557	18.739	0
36.553	18.771	0
36.55	18.804	0
36.546	18.836	0
36.543	18.868	0
36.539	18.9	0
36.536	18.935	0
36.532	18.965	0
36.528	18.999	0
36.525	19.031	0
36.521	19.064	0
36.517	19.097	0
36.513	19.13	0
36.51	19.161	0
36.505	19.194	0
36.502	19.226	0
36.497	19.26	0
36.494	19.291	0
36.489	19.325	0
36.486	19.356	0
36.481	19.39	0
36.477	19.423	0
36.473	19.454	0
36.469	19.488	0
36.464	19.52	0
36.46	19.552	0
36.456	19.586	0
36.451	19.619	0
36.447	19.651	0
36.442	19.685	0
36.438	19.716	0
36.434	19.748	0
36.429	19.781	0
36.424	19.816	0
36.42	19.847	0
36.415	19.881	0
36.41	19.912	0
36.405	19.945	0
36.4	19.98	0
36.396	20.011	0
36.391	20.043	0
36.386	20.076	0
36.381	20.109	0
36.376	20.142	0
36.371	20.175	0
36.366	20.207	0
36.361	20.241	0
36.356	20.273	0
36.35	20.306	0
36.345	20.339	0
36.34	20.372	0
36.335	20.404	0
36.329	20.438	0
36.324	20.47	0
36.318	20.503	0
36.313	20.536	0
36.307	20.569	0
36.302	20.601	0
36.296	20.635	0
36.29	20.667	0
36.285	20.699	0
36.279	20.734	0
36.273	20.766	0
36.268	20.798	0
36.262	20.832	0
36.256	20.865	0
36.25	20.897	0
36.244	20.931	0
36.238	20.964	0
36.232	20.995	0
36.226	21.029	0
36.22	21.062	0
36.213	21.094	0
36.207	21.128	0
36.201	21.161	0
36.194	21.194	0
36.188	21.226	0
36.182	21.261	0
36.175	21.292	0
36.169	21.325	0
36.162	21.359	0
36.156	21.392	0
36.149	21.424	0
36.142	21.458	0
36.136	21.49	0
36.129	21.525	0
36.122	21.558	0
36.115	21.59	0
36.109	21.623	0
36.102	21.656	0
36.095	21.689	0
36.088	21.723	0
36.081	21.756	0
36.074	21.789	0
36.066	21.823	0
36.059	21.855	0
36.052	21.889	0
36.045	21.922	0
36.037	21.955	0
36.03	21.988	0
36.023	22.021	0
36.015	22.056	0
36.008	22.088	0
36	22.122	0
35.992	22.154	0
35.985	22.189	0
35.977	22.221	0
35.969	22.254	0
35.961	22.288	0
35.953	22.323	0
35.946	22.354	0
35.938	22.389	0
35.93	22.422	0
35.922	22.455	0
35.914	22.489	0
35.906	22.522	0
35.898	22.556	0
35.89	22.589	0
35.882	22.621	0
35.873	22.657	0
35.865	22.689	0
35.856	22.724	0
35.848	22.756	0
35.84	22.789	0
35.831	22.824	0
35.822	22.857	0
35.814	22.891	0
35.805	22.924	0
35.797	22.958	0
35.788	22.992	0
35.779	23.024	0
35.771	23.057	0
35.761	23.093	0
35.753	23.126	0
35.744	23.159	0
35.735	23.192	0
35.726	23.227	0
35.717	23.26	0
35.708	23.293	0
35.698	23.327	0
35.689	23.361	0
35.68	23.395	0
35.671	23.427	0
35.661	23.462	0
35.652	23.496	0
35.642	23.53	0
35.633	23.563	0
35.624	23.596	0
35.614	23.631	0
35.604	23.664	0
35.595	23.698	0
35.586	23.73	0
35.576	23.765	0
35.566	23.799	0
35.556	23.832	0
35.546	23.867	0
35.536	23.9	0
35.526	23.934	0
35.516	23.967	0
35.506	24.003	0
35.497	24.033	0
35.485	24.071	0
35.476	24.101	0
35.465	24.137	0
35.455	24.171	0
35.445	24.204	0
35.435	24.238	0
35.424	24.272	0
35.414	24.306	0
35.403	24.339	0
35.393	24.374	0
35.383	24.406	0
35.372	24.442	0
35.361	24.475	0
35.351	24.508	0
35.34	24.543	0
35.329	24.576	0
35.318	24.61	0
35.307	24.644	0
35.296	24.678	0
35.286	24.711	0
35.274	24.746	0
35.264	24.779	0
35.252	24.814	0
35.241	24.847	0
35.23	24.88	0
35.218	24.916	0
35.208	24.948	0
35.196	24.983	0
35.185	25.017	0
35.173	25.05	0
35.162	25.085	0
35.151	25.117	0
35.139	25.152	0
35.127	25.186	0
35.116	25.22	0
35.104	25.254	0
35.092	25.288	0
35.081	25.321	0
35.069	25.356	0
35.057	25.389	0
35.045	25.424	0
35.033	25.457	0
35.021	25.492	0
35.009	25.525	0
34.997	25.56	0
34.985	25.593	0
34.973	25.627	0
34.961	25.66	0
34.948	25.695	0
34.936	25.73	0
34.924	25.762	0
34.912	25.796	0
34.899	25.831	0
34.887	25.864	0
34.874	25.899	0
34.862	25.932	0
34.849	25.966	0
34.836	26.001	0
34.824	26.033	0
34.81	26.069	0
34.798	26.102	0
34.785	26.136	0
34.772	26.171	0
34.76	26.203	0
34.747	26.238	0
34.734	26.272	0
34.721	26.305	0
34.707	26.341	0
34.695	26.373	0
34.681	26.408	0
34.668	26.441	0
34.655	26.475	0
34.642	26.509	0
34.628	26.543	0
34.615	26.577	0
34.601	26.611	0
34.588	26.645	0
34.574	26.68	0
34.561	26.712	0
34.548	26.746	0
34.533	26.782	0
34.52	26.815	0
34.506	26.849	0
34.492	26.883	0
34.479	26.916	0
34.465	26.95	0
34.45	26.985	0
34.437	27.018	0
34.423	27.052	0
34.409	27.086	0
34.395	27.12	0
34.381	27.153	0
34.366	27.188	0
34.352	27.222	0
34.337	27.256	0
34.324	27.289	0
34.309	27.324	0
34.295	27.356	0
34.28	27.391	0
34.266	27.425	0
34.251	27.46	0
34.237	27.493	0
34.221	27.528	0
34.207	27.56	0
34.192	27.595	0
34.178	27.629	0
34.163	27.662	0
34.148	27.697	0
34.133	27.73	0
34.118	27.764	0
34.104	27.797	0
34.087	27.833	0
34.073	27.865	0
34.058	27.898	0
34.042	27.934	0
34.027	27.967	0
34.012	28.002	0
33.992	28.046	0
