28.952	-25.23	0	-0.02523	0.028952	0
28.969	-25.204	0	-0.025204	0.028969	0
28.99	-25.174	0	-0.025174	0.02899	0
29.007	-25.148	0	-0.025148	0.029007	0
29.026	-25.12	0	-0.02512	0.029026	0
29.045	-25.093	0	-0.025093	0.029045	0
29.063	-25.066	0	-0.025066	0.029063	0
29.082	-25.039	0	-0.025039	0.029082	0
29.101	-25.011	0	-0.025011	0.029101	0
29.118	-24.986	0	-0.024986	0.029118	0
29.137	-24.957	0	-0.024957	0.029137	0
29.154	-24.931	0	-0.024931	0.029154	0
29.174	-24.902	0	-0.024902	0.029174	0
29.193	-24.874	0	-0.024874	0.029193	0
29.211	-24.847	0	-0.024847	0.029211	0
29.228	-24.821	0	-0.024821	0.029228	0
29.247	-24.792	0	-0.024792	0.029247	0
29.265	-24.765	0	-0.024765	0.029265	0
29.283	-24.738	0	-0.024738	0.029283	0
29.302	-24.709	0	-0.024709	0.029302	0
29.319	-24.684	0	-0.024684	0.029319	0
29.339	-24.654	0	-0.024654	0.029339	0
29.355	-24.629	0	-0.024629	0.029355	0
29.374	-24.6	0	-0.0246	0.029374	0
29.392	-24.573	0	-0.024573	0.029392	0
29.41	-24.545	0	-0.024545	0.02941	0
29.427	-24.518	0	-0.024518	0.029427	0
29.446	-24.489	0	-0.024489	0.029446	0
29.465	-24.461	0	-0.024461	0.029465	0
29.481	-24.435	0	-0.024435	0.029481	0
29.5	-24.406	0	-0.024406	0.0295	0
29.517	-24.38	0	-0.02438	0.029517	0
29.535	-24.351	0	-0.024351	0.029535	0
29.552	-24.325	0	-0.024325	0.029552	0
29.57	-24.297	0	-0.024297	0.02957	0
29.589	-24.267	0	-0.024267	0.029589	0
29.606	-24.241	0	-0.024241	0.029606	0
29.624	-24.212	0	-0.024212	0.029624	0
29.641	-24.186	0	-0.024186	0.029641	0
29.658	-24.158	0	-0.024158	0.029658	0
29.676	-24.129	0	-0.024129	0.029676	0
29.694	-24.101	0	-0.024101	0.029694	0
29.71	-24.076	0	-0.024076	0.02971	0
29.729	-24.046	0	-0.024046	0.029729	0
29.746	-24.019	0	-0.024019	0.029746	0
29.763	-23.992	0	-0.023992	0.029763	0
29.782	-23.962	0	-0.023962	0.029782	0
29.798	-23.935	0	-0.023935	0.029798	0
29.816	-23.906	0	-0.023906	0.029816	0
29.832	-23.88	0	-0.02388	0.029832	0
29.85	-23.852	0	-0.023852	0.02985	0
29.868	-23.823	0	-0.023823	0.029868	0
29.885	-23.796	0	-0.023796	0.029885	0
29.902	-23.767	0	-0.023767	0.029902	0
29.919	-23.739	0	-0.023739	0.029919	0
29.935	-23.713	0	-0.023713	0.029935	0
29.954	-23.683	0	-0.023683	0.029954	0
29.971	-23.655	0	-0.023655	0.029971	0
29.988	-23.627	0	-0.023627	0.029988	0
30.004	-23.6	0	-0.0236	0.030004	0
30.021	-23.572	0	-0.023572	0.030021	0
30.038	-23.543	0	-0.023543	0.030038	0
30.056	-23.514	0	-0.023514	0.030056	0
30.072	-23.488	0	-0.023488	0.030072	0
30.089	-23.459	0	-0.023459	0.030089	0
30.106	-23.432	0	-0.023432	0.030106	0
30.122	-23.404	0	-0.023404	0.030122	0
30.14	-23.375	0	-0.023375	0.03014	0
30.156	-23.347	0	-0.023347	0.030156	0
30.173	-23.318	0	-0.023318	0.030173	0
30.19	-23.29	0	-0.02329	0.03019	0
30.206	-23.263	0	-0.023263	0.030206	0
30.223	-23.234	0	-0.023234	0.030223	0
30.239	-23.206	0	-0.023206	0.030239	0
30.257	-23.177	0	-0.023177	0.030257	0
30.271	-23.152	0	-0.023152	0.030271	0
30.29	-23.12	0	-0.02312	0.03029	0
30.305	-23.094	0	-0.023094	0.030305	0
30.323	-23.064	0	-0.023064	0.030323	0
30.339	-23.036	0	-0.023036	0.030339	0
30.354	-23.01	0	-0.02301	0.030354	0
30.372	-22.979	0	-0.022979	0.030372	0
30.388	-22.952	0	-0.022952	0.030388	0
30.405	-22.922	0	-0.022922	0.030405	0
30.42	-22.895	0	-0.022895	0.03042	0
30.437	-22.867	0	-0.022867	0.030437	0
30.453	-22.838	0	-0.022838	0.030453	0
30.469	-22.811	0	-0.022811	0.030469	0
30.485	-22.781	0	-0.022781	0.030485	0
30.502	-22.752	0	-0.022752	0.030502	0
30.517	-22.725	0	-0.022725	0.030517	0
30.534	-22.695	0	-0.022695	0.030534	0
30.55	-22.668	0	-0.022668	0.03055	0
30.565	-22.64	0	-0.02264	0.030565	0
30.582	-22.611	0	-0.022611	0.030582	0
30.598	-22.582	0	-0.022582	0.030598	0
30.614	-22.553	0	-0.022553	0.030614	0
30.629	-22.526	0	-0.022526	0.030629	0
30.645	-22.498	0	-0.022498	0.030645	0
30.662	-22.467	0	-0.022467	0.030662	0
30.677	-22.439	0	-0.022439	0.030677	0
30.692	-22.412	0	-0.022412	0.030692	0
30.709	-22.383	0	-0.022383	0.030709	0
30.725	-22.354	0	-0.022354	0.030725	0
30.741	-22.325	0	-0.022325	0.030741	0
30.755	-22.298	0	-0.022298	0.030755	0
30.773	-22.266	0	-0.022266	0.030773	0
30.787	-22.241	0	-0.022241	0.030787	0
30.803	-22.211	0	-0.022211	0.030803	0
30.818	-22.184	0	-0.022184	0.030818	0
30.834	-22.154	0	-0.022154	0.030834	0
30.85	-22.124	0	-0.022124	0.03085	0
30.865	-22.097	0	-0.022097	0.030865	0
30.881	-22.067	0	-0.022067	0.030881	0
30.896	-22.039	0	-0.022039	0.030896	0
30.912	-22.009	0	-0.022009	0.030912	0
30.926	-21.983	0	-0.021983	0.030926	0
30.942	-21.953	0	-0.021953	0.030942	0
30.957	-21.925	0	-0.021925	0.030957	0
30.973	-21.894	0	-0.021894	0.030973	0
30.987	-21.867	0	-0.021867	0.030987	0
31.003	-21.838	0	-0.021838	0.031003	0
31.019	-21.807	0	-0.021807	0.031019	0
31.033	-21.781	0	-0.021781	0.031033	0
31.049	-21.751	0	-0.021751	0.031049	0
31.064	-21.722	0	-0.021722	0.031064	0
31.078	-21.695	0	-0.021695	0.031078	0
31.094	-21.665	0	-0.021665	0.031094	0
31.108	-21.637	0	-0.021637	0.031108	0
31.123	-21.608	0	-0.021608	0.031123	0
31.139	-21.578	0	-0.021578	0.031139	0
31.154	-21.549	0	-0.021549	0.031154	0
31.168	-21.521	0	-0.021521	0.031168	0
31.183	-21.492	0	-0.021492	0.031183	0
31.198	-21.463	0	-0.021463	0.031198	0
31.212	-21.436	0	-0.021436	0.031212	0
31.228	-21.404	0	-0.021404	0.031228	0
31.242	-21.377	0	-0.021377	0.031242	0
31.258	-21.346	0	-0.021346	0.031258	0
31.272	-21.318	0	-0.021318	0.031272	0
31.286	-21.29	0	-0.02129	0.031286	0
31.301	-21.26	0	-0.02126	0.031301	0
31.315	-21.232	0	-0.021232	0.031315	0
31.331	-21.201	0	-0.021201	0.031331	0
31.345	-21.173	0	-0.021173	0.031345	0
31.359	-21.144	0	-0.021144	0.031359	0
31.374	-21.114	0	-0.021114	0.031374	0
31.388	-21.087	0	-0.021087	0.031388	0
31.403	-21.056	0	-0.021056	0.031403	0
31.417	-21.028	0	-0.021028	0.031417	0
31.431	-21	0	-0.021	0.031431	0
31.447	-20.968	0	-0.020968	0.031447	0
31.46	-20.942	0	-0.020942	0.03146	0
31.475	-20.911	0	-0.020911	0.031475	0
31.488	-20.883	0	-0.020883	0.031488	0
31.503	-20.852	0	-0.020852	0.031503	0
31.517	-20.825	0	-0.020825	0.031517	0
31.53	-20.797	0	-0.020797	0.03153	0
31.545	-20.766	0	-0.020766	0.031545	0
31.56	-20.735	0	-0.020735	0.03156	0
31.573	-20.709	0	-0.020709	0.031573	0
31.587	-20.679	0	-0.020679	0.031587	0
31.602	-20.648	0	-0.020648	0.031602	0
31.615	-20.621	0	-0.020621	0.031615	0
31.63	-20.589	0	-0.020589	0.03163	0
31.644	-20.561	0	-0.020561	0.031644	0
31.657	-20.533	0	-0.020533	0.031657	0
31.671	-20.503	0	-0.020503	0.031671	0
31.684	-20.475	0	-0.020475	0.031684	0
31.699	-20.445	0	-0.020445	0.031699	0
31.713	-20.415	0	-0.020415	0.031713	0
31.726	-20.386	0	-0.020386	0.031726	0
31.74	-20.356	0	-0.020356	0.03174	0
31.753	-20.329	0	-0.020329	0.031753	0
31.767	-20.299	0	-0.020299	0.031767	0
31.781	-20.268	0	-0.020268	0.031781	0
31.795	-20.239	0	-0.020239	0.031795	0
31.807	-20.212	0	-0.020212	0.031807	0
31.822	-20.181	0	-0.020181	0.031822	0
31.836	-20.151	0	-0.020151	0.031836	0
31.848	-20.123	0	-0.020123	0.031848	0
31.862	-20.093	0	-0.020093	0.031862	0
31.876	-20.062	0	-0.020062	0.031876	0
31.889	-20.035	0	-0.020035	0.031889	0
31.903	-20.004	0	-0.020004	0.031903	0
31.915	-19.976	0	-0.019976	0.031915	0
31.929	-19.946	0	-0.019946	0.031929	0
31.942	-19.916	0	-0.019916	0.031942	0
31.955	-19.888	0	-0.019888	0.031955	0
31.969	-19.856	0	-0.019856	0.031969	0
31.982	-19.828	0	-0.019828	0.031982	0
31.995	-19.8	0	-0.0198	0.031995	0
32.008	-19.769	0	-0.019769	0.032008	0
32.021	-19.74	0	-0.01974	0.032021	0
32.035	-19.709	0	-0.019709	0.032035	0
32.047	-19.682	0	-0.019682	0.032047	0
32.061	-19.65	0	-0.01965	0.032061	0
32.073	-19.623	0	-0.019623	0.032073	0
32.086	-19.592	0	-0.019592	0.032086	0
32.099	-19.563	0	-0.019563	0.032099	0
32.113	-19.532	0	-0.019532	0.032113	0
32.124	-19.505	0	-0.019505	0.032124	0
32.138	-19.475	0	-0.019475	0.032138	0
32.151	-19.444	0	-0.019444	0.032151	0
32.163	-19.415	0	-0.019415	0.032163	0
32.175	-19.387	0	-0.019387	0.032175	0
32.189	-19.356	0	-0.019356	0.032189	0
32.202	-19.324	0	-0.019324	0.032202	0
32.213	-19.299	0	-0.019299	0.032213	0
32.227	-19.267	0	-0.019267	0.032227	0
32.239	-19.238	0	-0.019238	0.032239	0
32.252	-19.208	0	-0.019208	0.032252	0
32.264	-19.178	0	-0.019178	0.032264	0
32.276	-19.149	0	-0.019149	0.032276	0
32.29	-19.117	0	-0.019117	0.03229	0
32.302	-19.09	0	-0.01909	0.032302	0
32.314	-19.06	0	-0.01906	0.032314	0
32.327	-19.029	0	-0.019029	0.032327	0
32.338	-19.001	0	-0.019001	0.032338	0
32.351	-18.971	0	-0.018971	0.032351	0
32.363	-18.941	0	-0.018941	0.032363	0
32.376	-18.91	0	-0.01891	0.032376	0
32.387	-18.883	0	-0.018883	0.032387	0
32.4	-18.852	0	-0.018852	0.0324	0
32.413	-18.82	0	-0.01882	0.032413	0
32.423	-18.795	0	-0.018795	0.032423	0
32.437	-18.76	0	-0.01876	0.032437	0
32.448	-18.734	0	-0.018734	0.032448	0
32.46	-18.704	0	-0.018704	0.03246	0
32.473	-18.673	0	-0.018673	0.032473	0
32.484	-18.644	0	-0.018644	0.032484	0
32.497	-18.613	0	-0.018613	0.032497	0
32.508	-18.585	0	-0.018585	0.032508	0
32.521	-18.553	0	-0.018553	0.032521	0
32.533	-18.524	0	-0.018524	0.032533	0
32.544	-18.496	0	-0.018496	0.032544	0
32.556	-18.465	0	-0.018465	0.032556	0
32.568	-18.435	0	-0.018435	0.032568	0
32.58	-18.405	0	-0.018405	0.03258	0
32.591	-18.376	0	-0.018376	0.032591	0
32.602	-18.346	0	-0.018346	0.032602	0
32.614	-18.316	0	-0.018316	0.032614	0
32.626	-18.285	0	-0.018285	0.032626	0
32.637	-18.258	0	-0.018258	0.032637	0
32.651	-18.221	0	-0.018221	0.032651	0
32.66	-18.199	0	-0.018199	0.03266	0
32.672	-18.166	0	-0.018166	0.032672	0
32.683	-18.138	0	-0.018138	0.032683	0
32.696	-18.105	0	-0.018105	0.032696	0
32.707	-18.075	0	-0.018075	0.032707	0
32.717	-18.049	0	-0.018049	0.032717	0
32.73	-18.015	0	-0.018015	0.03273	0
32.74	-17.989	0	-0.017989	0.03274	0
32.752	-17.957	0	-0.017957	0.032752	0
32.763	-17.928	0	-0.017928	0.032763	0
32.775	-17.897	0	-0.017897	0.032775	0
32.786	-17.866	0	-0.017866	0.032786	0
32.797	-17.838	0	-0.017838	0.032797	0
32.808	-17.808	0	-0.017808	0.032808	0
32.819	-17.778	0	-0.017778	0.032819	0
32.83	-17.748	0	-0.017748	0.03283	0
32.841	-17.719	0	-0.017719	0.032841	0
32.853	-17.685	0	-0.017685	0.032853	0
32.863	-17.658	0	-0.017658	0.032863	0
32.874	-17.629	0	-0.017629	0.032874	0
32.886	-17.596	0	-0.017596	0.032886	0
32.896	-17.568	0	-0.017568	0.032896	0
32.907	-17.537	0	-0.017537	0.032907	0
32.917	-17.51	0	-0.01751	0.032917	0
32.929	-17.475	0	-0.017475	0.032929	0
32.94	-17.447	0	-0.017447	0.03294	0
32.95	-17.419	0	-0.017419	0.03295	0
32.961	-17.387	0	-0.017387	0.032961	0
32.972	-17.356	0	-0.017356	0.032972	0
32.982	-17.329	0	-0.017329	0.032982	0
32.993	-17.296	0	-0.017296	0.032993	0
33.003	-17.267	0	-0.017267	0.033003	0
33.014	-17.238	0	-0.017238	0.033014	0
33.024	-17.208	0	-0.017208	0.033024	0
33.036	-17.176	0	-0.017176	0.033036	0
33.046	-17.146	0	-0.017146	0.033046	0
33.055	-17.119	0	-0.017119	0.033055	0
33.066	-17.088	0	-0.017088	0.033066	0
33.077	-17.055	0	-0.017055	0.033077	0
33.087	-17.028	0	-0.017028	0.033087	0
33.098	-16.996	0	-0.016996	0.033098	0
33.108	-16.965	0	-0.016965	0.033108	0
33.118	-16.937	0	-0.016937	0.033118	0
33.128	-16.906	0	-0.016906	0.033128	0
33.138	-16.877	0	-0.016877	0.033138	0
33.149	-16.844	0	-0.016844	0.033149	0
33.159	-16.816	0	-0.016816	0.033159	0
33.169	-16.785	0	-0.016785	0.033169	0
33.179	-16.755	0	-0.016755	0.033179	0
33.189	-16.725	0	-0.016725	0.033189	0
33.199	-16.695	0	-0.016695	0.033199	0
33.209	-16.664	0	-0.016664	0.033209	0
33.219	-16.634	0	-0.016634	0.033219	0
33.228	-16.607	0	-0.016607	0.033228	0
33.24	-16.571	0	-0.016571	0.03324	0
33.248	-16.545	0	-0.016545	0.033248	0
33.258	-16.516	0	-0.016516	0.033258	0
33.269	-16.483	0	-0.016483	0.033269	0
33.278	-16.454	0	-0.016454	0.033278	0
33.288	-16.422	0	-0.016422	0.033288	0
33.297	-16.394	0	-0.016394	0.033297	0
33.307	-16.363	0	-0.016363	0.033307	0
33.317	-16.334	0	-0.016334	0.033317	0
33.327	-16.302	0	-0.016302	0.033327	0
33.336	-16.272	0	-0.016272	0.033336	0
33.346	-16.241	0	-0.016241	0.033346	0
33.356	-16.211	0	-0.016211	0.033356	0
33.365	-16.182	0	-0.016182	0.033365	0
33.374	-16.152	0	-0.016152	0.033374	0
33.384	-16.12	0	-0.01612	0.033384	0
33.393	-16.092	0	-0.016092	0.033393	0
33.403	-16.061	0	-0.016061	0.033403	0
33.412	-16.03	0	-0.01603	0.033412	0
33.421	-16	0	-0.016	0.033421	0
33.43	-15.971	0	-0.015971	0.03343	0
33.44	-15.939	0	-0.015939	0.03344	0
33.449	-15.91	0	-0.01591	0.033449	0
33.458	-15.879	0	-0.015879	0.033458	0
33.468	-15.848	0	-0.015848	0.033468	0
33.476	-15.819	0	-0.015819	0.033476	0
33.486	-15.788	0	-0.015788	0.033486	0
33.495	-15.756	0	-0.015756	0.033495	0
33.503	-15.729	0	-0.015729	0.033503	0
33.513	-15.698	0	-0.015698	0.033513	0
33.522	-15.667	0	-0.015667	0.033522	0
33.531	-15.635	0	-0.015635	0.033531	0
33.54	-15.605	0	-0.015605	0.03354	0
33.549	-15.576	0	-0.015576	0.033549	0
33.557	-15.546	0	-0.015546	0.033557	0
33.566	-15.515	0	-0.015515	0.033566	0
33.575	-15.486	0	-0.015486	0.033575	0
33.584	-15.455	0	-0.015455	0.033584	0
33.593	-15.424	0	-0.015424	0.033593	0
33.601	-15.394	0	-0.015394	0.033601	0
33.61	-15.364	0	-0.015364	0.03361	0
33.619	-15.332	0	-0.015332	0.033619	0
33.627	-15.303	0	-0.015303	0.033627	0
33.636	-15.274	0	-0.015274	0.033636	0
33.645	-15.242	0	-0.015242	0.033645	0
33.652	-15.215	0	-0.015215	0.033652	0
33.662	-15.179	0	-0.015179	0.033662	0
33.67	-15.153	0	-0.015153	0.03367	0
33.679	-15.12	0	-0.01512	0.033679	0
33.687	-15.09	0	-0.01509	0.033687	0
33.695	-15.06	0	-0.01506	0.033695	0
33.704	-15.028	0	-0.015028	0.033704	0
33.712	-15.001	0	-0.015001	0.033712	0
33.72	-14.97	0	-0.01497	0.03372	0
33.729	-14.938	0	-0.014938	0.033729	0
33.737	-14.908	0	-0.014908	0.033737	0
33.745	-14.878	0	-0.014878	0.033745	0
33.753	-14.848	0	-0.014848	0.033753	0
33.761	-14.816	0	-0.014816	0.033761	0
33.769	-14.787	0	-0.014787	0.033769	0
33.777	-14.757	0	-0.014757	0.033777	0
33.785	-14.726	0	-0.014726	0.033785	0
33.794	-14.694	0	-0.014694	0.033794	0
33.801	-14.666	0	-0.014666	0.033801	0
33.809	-14.636	0	-0.014636	0.033809	0
33.818	-14.602	0	-0.014602	0.033818	0
33.825	-14.576	0	-0.014576	0.033825	0
33.833	-14.544	0	-0.014544	0.033833	0
33.841	-14.511	0	-0.014511	0.033841	0
33.849	-14.483	0	-0.014483	0.033849	0
33.856	-14.455	0	-0.014455	0.033856	0
33.865	-14.421	0	-0.014421	0.033865	0
33.872	-14.393	0	-0.014393	0.033872	0
33.88	-14.359	0	-0.014359	0.03388	0
33.887	-14.332	0	-0.014332	0.033887	0
33.895	-14.301	0	-0.014301	0.033895	0
33.903	-14.269	0	-0.014269	0.033903	0
33.91	-14.239	0	-0.014239	0.03391	0
33.917	-14.21	0	-0.01421	0.033917	0
33.925	-14.177	0	-0.014177	0.033925	0
33.932	-14.15	0	-0.01415	0.033932	0
33.94	-14.117	0	-0.014117	0.03394	0
33.948	-14.086	0	-0.014086	0.033948	0
33.954	-14.06	0	-0.01406	0.033954	0
33.962	-14.026	0	-0.014026	0.033962	0
33.97	-13.995	0	-0.013995	0.03397	0
33.976	-13.966	0	-0.013966	0.033976	0
33.984	-13.935	0	-0.013935	0.033984	0
33.991	-13.904	0	-0.013904	0.033991	0
33.998	-13.876	0	-0.013876	0.033998	0
34.005	-13.844	0	-0.013844	0.034005	0
34.013	-13.813	0	-0.013813	0.034013	0
34.019	-13.784	0	-0.013784	0.034019	0
34.027	-13.751	0	-0.013751	0.034027	0
34.034	-13.722	0	-0.013722	0.034034	0
34.041	-13.69	0	-0.01369	0.034041	0
34.047	-13.663	0	-0.013663	0.034047	0
34.055	-13.63	0	-0.01363	0.034055	0
34.061	-13.6	0	-0.0136	0.034061	0
34.068	-13.569	0	-0.013569	0.034068	0
34.075	-13.542	0	-0.013542	0.034075	0
34.082	-13.51	0	-0.01351	0.034082	0
34.089	-13.478	0	-0.013478	0.034089	0
34.095	-13.448	0	-0.013448	0.034095	0
34.102	-13.418	0	-0.013418	0.034102	0
34.109	-13.388	0	-0.013388	0.034109	0
34.116	-13.355	0	-0.013355	0.034116	0
34.122	-13.327	0	-0.013327	0.034122	0
34.128	-13.299	0	-0.013299	0.034128	0
34.136	-13.263	0	-0.013263	0.034136	0
34.141	-13.237	0	-0.013237	0.034141	0
34.148	-13.205	0	-0.013205	0.034148	0
34.155	-13.174	0	-0.013174	0.034155	0
34.161	-13.144	0	-0.013144	0.034161	0
34.167	-13.114	0	-0.013114	0.034167	0
34.174	-13.082	0	-0.013082	0.034174	0
34.181	-13.051	0	-0.013051	0.034181	0
34.187	-13.023	0	-0.013023	0.034187	0
34.193	-12.991	0	-0.012991	0.034193	0
34.199	-12.963	0	-0.012963	0.034199	0
34.205	-12.931	0	-0.012931	0.034205	0
34.212	-12.9	0	-0.0129	0.034212	0
34.217	-12.871	0	-0.012871	0.034217	0
34.224	-12.84	0	-0.01284	0.034224	0
34.23	-12.809	0	-0.012809	0.03423	0
34.236	-12.778	0	-0.012778	0.034236	0
34.242	-12.748	0	-0.012748	0.034242	0
34.248	-12.719	0	-0.012719	0.034248	0
34.254	-12.686	0	-0.012686	0.034254	0
34.26	-12.657	0	-0.012657	0.03426	0
34.266	-12.626	0	-0.012626	0.034266	0
34.272	-12.595	0	-0.012595	0.034272	0
34.277	-12.568	0	-0.012568	0.034277	0
34.283	-12.538	0	-0.012538	0.034283	0
34.289	-12.504	0	-0.012504	0.034289	0
34.295	-12.473	0	-0.012473	0.034295	0
34.301	-12.443	0	-0.012443	0.034301	0
34.307	-12.413	0	-0.012413	0.034307	0
34.312	-12.384	0	-0.012384	0.034312	0
34.318	-12.352	0	-0.012352	0.034318	0
34.323	-12.323	0	-0.012323	0.034323	0
34.328	-12.295	0	-0.012295	0.034328	0
34.335	-12.259	0	-0.012259	0.034335	0
34.34	-12.233	0	-0.012233	0.03434	0
34.346	-12.199	0	-0.012199	0.034346	0
34.35	-12.173	0	-0.012173	0.03435	0
34.356	-12.139	0	-0.012139	0.034356	0
34.361	-12.111	0	-0.012111	0.034361	0
34.367	-12.079	0	-0.012079	0.034367	0
34.372	-12.048	0	-0.012048	0.034372	0
34.378	-12.018	0	-0.012018	0.034378	0
34.382	-11.99	0	-0.01199	0.034382	0
34.388	-11.957	0	-0.011957	0.034388	0
34.393	-11.929	0	-0.011929	0.034393	0
34.398	-11.896	0	-0.011896	0.034398	0
34.403	-11.868	0	-0.011868	0.034403	0
34.409	-11.835	0	-0.011835	0.034409	0
34.413	-11.806	0	-0.011806	0.034413	0
34.418	-11.779	0	-0.011779	0.034418	0
34.424	-11.743	0	-0.011743	0.034424	0
34.428	-11.716	0	-0.011716	0.034428	0
34.434	-11.683	0	-0.011683	0.034434	0
34.438	-11.657	0	-0.011657	0.034438	0
34.443	-11.623	0	-0.011623	0.034443	0
34.448	-11.594	0	-0.011594	0.034448	0
34.453	-11.564	0	-0.011564	0.034453	0
34.458	-11.532	0	-0.011532	0.034458	0
34.462	-11.505	0	-0.011505	0.034462	0
34.467	-11.472	0	-0.011472	0.034467	0
34.472	-11.442	0	-0.011442	0.034472	0
34.476	-11.414	0	-0.011414	0.034476	0
34.481	-11.379	0	-0.011379	0.034481	0
34.486	-11.352	0	-0.011352	0.034486	0
34.49	-11.319	0	-0.011319	0.03449	0
34.494	-11.292	0	-0.011292	0.034494	0
34.5	-11.258	0	-0.011258	0.0345	0
34.503	-11.234	0	-0.011234	0.034503	0
34.508	-11.2	0	-0.0112	0.034508	0
34.513	-11.168	0	-0.011168	0.034513	0
34.517	-11.14	0	-0.01114	0.034517	0
34.521	-11.108	0	-0.011108	0.034521	0
34.525	-11.08	0	-0.01108	0.034525	0
34.53	-11.048	0	-0.011048	0.03453	0
34.534	-11.02	0	-0.01102	0.034534	0
34.539	-10.985	0	-0.010985	0.034539	0
34.542	-10.959	0	-0.010959	0.034542	0
34.546	-10.929	0	-0.010929	0.034546	0
34.551	-10.898	0	-0.010898	0.034551	0
34.555	-10.867	0	-0.010867	0.034555	0
34.559	-10.837	0	-0.010837	0.034559	0
34.563	-10.806	0	-0.010806	0.034563	0
34.566	-10.78	0	-0.01078	0.034566	0
34.571	-10.745	0	-0.010745	0.034571	0
34.575	-10.717	0	-0.010717	0.034575	0
34.579	-10.685	0	-0.010685	0.034579	0
34.582	-10.656	0	-0.010656	0.034582	0
34.586	-10.626	0	-0.010626	0.034586	0
34.59	-10.597	0	-0.010597	0.03459	0
34.593	-10.568	0	-0.010568	0.034593	0
34.598	-10.534	0	-0.010534	0.034598	0
34.601	-10.505	0	-0.010505	0.034601	0
34.605	-10.476	0	-0.010476	0.034605	0
34.609	-10.442	0	-0.010442	0.034609	0
34.612	-10.417	0	-0.010417	0.034612	0
34.616	-10.385	0	-0.010385	0.034616	0
34.619	-10.354	0	-0.010354	0.034619	0
34.623	-10.325	0	-0.010325	0.034623	0
34.626	-10.297	0	-0.010297	0.034626	0
34.63	-10.263	0	-0.010263	0.03463	0
34.633	-10.234	0	-0.010234	0.034633	0
34.636	-10.206	0	-0.010206	0.034636	0
34.64	-10.174	0	-0.010174	0.03464	0
34.643	-10.146	0	-0.010146	0.034643	0
34.646	-10.114	0	-0.010114	0.034646	0
34.65	-10.082	0	-0.010082	0.03465	0
34.653	-10.056	0	-0.010056	0.034653	0
34.656	-10.024	0	-0.010024	0.034656	0
34.659	-9.9934	0	-0.0099934	0.034659	0
34.662	-9.9674	0	-0.0099674	0.034662	0
34.665	-9.9325	0	-0.0099325	0.034665	0
34.668	-9.9039	0	-0.0099039	0.034668	0
34.671	-9.8762	0	-0.0098762	0.034671	0
34.674	-9.8447	0	-0.0098447	0.034674	0
34.677	-9.8161	0	-0.0098161	0.034677	0
34.681	-9.7812	0	-0.0097812	0.034681	0
34.683	-9.7593	0	-0.0097593	0.034683	0
34.686	-9.7236	0	-0.0097236	0.034686	0
34.689	-9.6959	0	-0.0096959	0.034689	0
34.692	-9.6632	0	-0.0096632	0.034692	0
34.694	-9.6357	0	-0.0096357	0.034694	0
34.697	-9.6081	0	-0.0096081	0.034697	0
34.7	-9.5748	0	-0.0095748	0.0347	0
34.703	-9.544	0	-0.009544	0.034703	0
34.705	-9.5179	0	-0.0095179	0.034705	0
34.708	-9.4878	0	-0.0094878	0.034708	0
34.71	-9.4545	0	-0.0094545	0.03471	0
34.713	-9.4261	0	-0.0094261	0.034713	0
34.715	-9.3985	0	-0.0093985	0.034715	0
34.718	-9.3669	0	-0.0093669	0.034718	0
34.72	-9.3376	0	-0.0093376	0.03472	0
34.722	-9.3091	0	-0.0093091	0.034722	0
34.725	-9.2776	0	-0.0092776	0.034725	0
34.727	-9.25	0	-0.00925	0.034727	0
34.73	-9.2173	0	-0.0092173	0.03473	0
34.732	-9.1892	0	-0.0091892	0.034732	0
34.734	-9.158	0	-0.009158	0.034734	0
34.736	-9.1315	0	-0.0091315	0.034736	0
34.739	-9.0973	0	-0.0090973	0.034739	0
34.74	-9.0714	0	-0.0090714	0.03474	0
34.742	-9.0439	0	-0.0090439	0.034742	0
34.745	-9.0113	0	-0.0090113	0.034745	0
34.747	-8.9796	0	-0.0089796	0.034747	0
34.749	-8.9522	0	-0.0089522	0.034749	0
34.751	-8.9255	0	-0.0089255	0.034751	0
34.753	-8.8912	0	-0.0088912	0.034753	0
34.755	-8.8629	0	-0.0088629	0.034755	0
34.756	-8.8362	0	-0.0088362	0.034756	0
34.758	-8.8028	0	-0.0088028	0.034758	0
34.76	-8.7772	0	-0.0087772	0.03476	0
34.762	-8.7453	0	-0.0087453	0.034762	0
34.764	-8.7171	0	-0.0087171	0.034764	0
34.765	-8.6845	0	-0.0086845	0.034765	0
34.767	-8.6596	0	-0.0086596	0.034767	0
34.769	-8.6279	0	-0.0086279	0.034769	0
34.77	-8.5997	0	-0.0085997	0.03477	0
34.772	-8.5704	0	-0.0085704	0.034772	0
34.773	-8.5405	0	-0.0085405	0.034773	0
34.775	-8.5097	0	-0.0085097	0.034775	0
34.776	-8.4813	0	-0.0084813	0.034776	0
34.778	-8.4531	0	-0.0084531	0.034778	0
34.779	-8.4222	0	-0.0084222	0.034779	0
34.781	-8.393	0	-0.008393	0.034781	0
34.782	-8.3674	0	-0.0083674	0.034782	0
34.783	-8.3348	0	-0.0083348	0.034783	0
34.784	-8.3083	0	-0.0083083	0.034784	0
34.786	-8.2749	0	-0.0082749	0.034786	0
34.787	-8.2509	0	-0.0082509	0.034787	0
34.788	-8.2184	0	-0.0082184	0.034788	0
34.789	-8.1901	0	-0.0081901	0.034789	0
34.79	-8.1602	0	-0.0081602	0.03479	0
34.791	-8.1345	0	-0.0081345	0.034791	0
34.792	-8.102	0	-0.008102	0.034792	0
34.793	-8.0737	0	-0.0080737	0.034793	0
34.794	-8.0473	0	-0.0080473	0.034794	0
34.795	-8.0155	0	-0.0080155	0.034795	0
34.796	-7.9891	0	-0.0079891	0.034796	0
34.797	-7.9574	0	-0.0079574	0.034797	0
34.798	-7.9283	0	-0.0079283	0.034798	0
34.799	-7.9036	0	-0.0079036	0.034799	0
34.8	-7.871	0	-0.007871	0.0348	0
34.8	-7.8428	0	-0.0078428	0.0348	0
34.801	-7.8155	0	-0.0078155	0.034801	0
34.802	-7.7882	0	-0.0077882	0.034802	0
34.802	-7.7565	0	-0.0077565	0.034802	0
34.803	-7.7283	0	-0.0077283	0.034803	0
34.803	-7.6992	0	-0.0076992	0.034803	0
34.804	-7.671	0	-0.007671	0.034804	0
34.804	-7.6455	0	-0.0076455	0.034804	0
34.805	-7.613	0	-0.007613	0.034805	0
34.805	-7.5883	0	-0.0075883	0.034805	0
34.806	-7.5557	0	-0.0075557	0.034806	0
34.806	-7.5275	0	-0.0075275	0.034806	0
34.806	-7.502	0	-0.007502	0.034806	0
34.807	-7.4747	0	-0.0074747	0.034807	0
34.807	-7.4413	0	-0.0074413	0.034807	0
34.807	-7.4167	0	-0.0074167	0.034807	0
34.807	-7.3894	0	-0.0073894	0.034807	0
34.807	-7.3569	0	-0.0073569	0.034807	0
34.808	-7.3305	0	-0.0073305	0.034808	0
34.808	-7.3033	0	-0.0073033	0.034808	0
34.808	-7.2753	0	-0.0072753	0.034808	0
34.808	-7.2463	0	-0.0072463	0.034808	0
34.808	-7.2183	0	-0.0072183	0.034808	0
34.808	-7.1866	0	-0.0071866	0.034808	0
34.808	-7.1622	0	-0.0071622	0.034808	0
34.807	-7.1315	0	-0.0071315	0.034807	0
34.807	-7.1052	0	-0.0071052	0.034807	0
34.807	-7.0764	0	-0.0070764	0.034807	0
34.807	-7.0511	0	-0.0070511	0.034807	0
34.807	-7.0195	0	-0.0070195	0.034807	0
34.806	-6.9906	0	-0.0069906	0.034806	0
34.806	-6.9645	0	-0.0069645	0.034806	0
34.806	-6.9384	0	-0.0069384	0.034806	0
34.805	-6.9059	0	-0.0069059	0.034805	0
34.805	-6.8789	0	-0.0068789	0.034805	0
34.804	-6.852	0	-0.006852	0.034804	0
34.804	-6.8268	0	-0.0068268	0.034804	0
34.803	-6.7926	0	-0.0067926	0.034803	0
34.803	-6.7683	0	-0.0067683	0.034803	0
34.802	-6.7414	0	-0.0067414	0.034802	0
34.802	-6.7109	0	-0.0067109	0.034802	0
34.801	-6.6849	0	-0.0066849	0.034801	0
34.8	-6.6552	0	-0.0066552	0.0348	0
34.8	-6.6302	0	-0.0066302	0.0348	0
34.799	-6.5997	0	-0.0065997	0.034799	0
34.798	-6.5719	0	-0.0065719	0.034798	0
34.797	-6.5451	0	-0.0065451	0.034797	0
34.796	-6.5183	0	-0.0065183	0.034796	0
34.795	-6.4878	0	-0.0064878	0.034795	0
34.795	-6.4611	0	-0.0064611	0.034795	0
34.794	-6.4334	0	-0.0064334	0.034794	0
34.793	-6.4057	0	-0.0064057	0.034793	0
34.792	-6.3771	0	-0.0063771	0.034792	0
34.791	-6.3504	0	-0.0063504	0.034791	0
34.79	-6.3246	0	-0.0063246	0.03479	0
34.788	-6.2961	0	-0.0062961	0.034788	0
34.787	-6.2685	0	-0.0062685	0.034787	0
34.786	-6.2409	0	-0.0062409	0.034786	0
34.785	-6.2087	0	-0.0062087	0.034785	0
34.784	-6.1876	0	-0.0061876	0.034784	0
34.782	-6.1574	0	-0.0061574	0.034782	0
34.781	-6.127	0	-0.006127	0.034781	0
34.78	-6.1032	0	-0.0061032	0.03478	0
34.778	-6.0757	0	-0.0060757	0.034778	0
34.777	-6.0482	0	-0.0060482	0.034777	0
34.775	-6.019	0	-0.006019	0.034775	0
34.774	-5.9952	0	-0.0059952	0.034774	0
34.772	-5.964	0	-0.005964	0.034772	0
34.771	-5.9384	0	-0.0059384	0.034771	0
34.769	-5.9113	0	-0.0059113	0.034769	0
34.767	-5.8826	0	-0.0058826	0.034767	0
34.766	-5.8583	0	-0.0058583	0.034766	0
34.764	-5.8271	0	-0.0058271	0.034764	0
34.762	-5.8026	0	-0.0058026	0.034762	0
34.761	-5.7753	0	-0.0057753	0.034761	0
34.759	-5.7499	0	-0.0057499	0.034759	0
34.757	-5.7189	0	-0.0057189	0.034757	0
34.755	-5.6935	0	-0.0056935	0.034755	0
34.753	-5.667	0	-0.005667	0.034753	0
34.751	-5.6381	0	-0.0056381	0.034751	0
34.75	-5.6146	0	-0.0056146	0.03475	0
34.747	-5.5835	0	-0.0055835	0.034747	0
34.745	-5.5572	0	-0.0055572	0.034745	0
34.743	-5.5302	0	-0.0055302	0.034743	0
34.741	-5.5067	0	-0.0055067	0.034741	0
34.739	-5.4788	0	-0.0054788	0.034739	0
34.737	-5.4533	0	-0.0054533	0.034737	0
34.735	-5.4218	0	-0.0054218	0.034735	0
34.733	-5.3983	0	-0.0053983	0.034733	0
34.73	-5.3702	0	-0.0053702	0.03473	0
34.728	-5.347	0	-0.005347	0.034728	0
34.726	-5.3173	0	-0.0053173	0.034726	0
34.723	-5.2901	0	-0.0052901	0.034723	0
34.721	-5.266	0	-0.005266	0.034721	0
34.719	-5.2389	0	-0.0052389	0.034719	0
34.716	-5.2091	0	-0.0052091	0.034716	0
34.714	-5.186	0	-0.005186	0.034714	0
34.711	-5.1582	0	-0.0051582	0.034711	0
34.709	-5.131	0	-0.005131	0.034709	0
34.707	-5.1092	0	-0.0051092	0.034707	0
34.704	-5.0783	0	-0.0050783	0.034704	0
34.701	-5.0553	0	-0.0050553	0.034701	0
34.698	-5.0256	0	-0.0050256	0.034698	0
34.696	-5.0014	0	-0.0050014	0.034696	0
34.694	-4.9789	0	-0.0049789	0.034694	0
34.69	-4.9448	0	-0.0049448	0.03469	0
34.688	-4.927	0	-0.004927	0.034688	0
34.685	-4.8972	0	-0.0048972	0.034685	0
34.682	-4.8705	0	-0.0048705	0.034682	0
34.679	-4.8456	0	-0.0048456	0.034679	0
34.676	-4.8208	0	-0.0048208	0.034676	0
34.673	-4.7942	0	-0.0047942	0.034673	0
34.671	-4.7723	0	-0.0047723	0.034671	0
34.667	-4.7387	0	-0.0047387	0.034667	0
34.665	-4.7208	0	-0.0047208	0.034665	0
34.661	-4.6922	0	-0.0046922	0.034661	0
34.658	-4.6666	0	-0.0046666	0.034658	0
34.655	-4.6409	0	-0.0046409	0.034655	0
34.652	-4.6161	0	-0.0046161	0.034652	0
34.649	-4.5926	0	-0.0045926	0.034649	0
34.646	-4.5649	0	-0.0045649	0.034646	0
34.642	-4.5393	0	-0.0045393	0.034642	0
34.64	-4.5195	0	-0.0045195	0.03464	0
34.636	-4.4922	0	-0.0044922	0.034636	0
34.633	-4.4655	0	-0.0044655	0.034633	0
34.629	-4.4399	0	-0.0044399	0.034629	0
34.627	-4.4191	0	-0.0044191	0.034627	0
34.623	-4.3937	0	-0.0043937	0.034623	0
34.62	-4.3693	0	-0.0043693	0.03462	0
34.616	-4.3415	0	-0.0043415	0.034616	0
34.613	-4.321	0	-0.004321	0.034613	0
34.609	-4.2956	0	-0.0042956	0.034609	0
34.606	-4.2752	0	-0.0042752	0.034606	0
34.602	-4.2464	0	-0.0042464	0.034602	0
34.599	-4.2238	0	-0.0042238	0.034599	0
34.596	-4.2046	0	-0.0042046	0.034596	0
34.592	-4.177	0	-0.004177	0.034592	0
34.588	-4.1512	0	-0.0041512	0.034588	0
34.585	-4.1321	0	-0.0041321	0.034585	0
34.582	-4.1093	0	-0.0041093	0.034582	0
34.578	-4.084	0	-0.004084	0.034578	0
34.574	-4.0612	0	-0.0040612	0.034574	0
34.57	-4.0387	0	-0.0040387	0.03457	0
34.567	-4.0164	0	-0.0040164	0.034567	0
34.563	-3.9967	0	-0.0039967	0.034563	0
34.56	-3.9733	0	-0.0039733	0.03456	0
34.556	-3.9526	0	-0.0039526	0.034556	0
34.552	-3.9302	0	-0.0039302	0.034552	0
34.548	-3.9075	0	-0.0039075	0.034548	0
34.545	-3.8868	0	-0.0038868	0.034545	0
34.541	-3.8651	0	-0.0038651	0.034541	0
34.538	-3.8466	0	-0.0038466	0.034538	0
34.535	-3.8287	0	-0.0038287	0.034535	0
34.53	-3.8044	0	-0.0038044	0.03453	0
34.527	-3.7843	0	-0.0037843	0.034527	0
34.524	-3.7689	0	-0.0037689	0.034524	0
34.52	-3.7482	0	-0.0037482	0.03452	0
34.516	-3.7289	0	-0.0037289	0.034516	0
34.513	-3.7112	0	-0.0037112	0.034513	0
34.509	-3.6913	0	-0.0036913	0.034509	0
34.505	-3.6695	0	-0.0036695	0.034505	0
34.499	-3.6415	0	-0.0036415	0.034499	0
34.493	-3.6096	0	-0.0036096	0.034493	0
34.489	-3.5869	0	-0.0035869	0.034489	0
34.484	-3.563	0	-0.003563	0.034484	0
34.478	-3.5367	0	-0.0035367	0.034478	0
34.473	-3.5113	0	-0.0035113	0.034473	0
34.468	-3.4878	0	-0.0034878	0.034468	0
34.464	-3.4653	0	-0.0034653	0.034464	0
34.458	-3.4385	0	-0.0034385	0.034458	0
34.453	-3.4148	0	-0.0034148	0.034453	0
34.449	-3.3924	0	-0.0033924	0.034449	0
34.443	-3.3633	0	-0.0033633	0.034443	0
34.438	-3.3405	0	-0.0033405	0.034438	0
34.43	-3.3046	0	-0.0033046	0.03443	0
34.424	-3.2779	0	-0.0032779	0.034424	0
34.417	-3.2447	0	-0.0032447	0.034417	0
34.41	-3.2105	0	-0.0032105	0.03441	0
34.403	-3.1781	0	-0.0031781	0.034403	0
34.395	-3.1439	0	-0.0031439	0.034395	0
34.387	-3.1044	0	-0.0031044	0.034387	0
34.378	-3.0663	0	-0.0030663	0.034378	0
34.37	-3.0255	0	-0.0030255	0.03437	0
34.36	-2.9799	0	-0.0029799	0.03436	0
34.35	-2.9368	0	-0.0029368	0.03435	0
34.342	-2.8959	0	-0.0028959	0.034342	0
34.329	-2.8384	0	-0.0028384	0.034329	0
34.319	-2.7888	0	-0.0027888	0.034319	0
34.308	-2.7364	0	-0.0027364	0.034308	0
34.296	-2.6774	0	-0.0026774	0.034296	0
34.283	-2.6155	0	-0.0026155	0.034283	0
34.271	-2.5529	0	-0.0025529	0.034271	0
34.256	-2.4818	0	-0.0024818	0.034256	0
34.242	-2.4098	0	-0.0024098	0.034242	0
34.228	-2.3328	0	-0.0023328	0.034228	0
34.212	-2.2482	0	-0.0022482	0.034212	0
34.197	-2.1609	0	-0.0021609	0.034197	0
34.179	-2.0582	0	-0.0020582	0.034179	0
34.162	-1.9585	0	-0.0019585	0.034162	0
34.145	-1.8514	0	-0.0018514	0.034145	0
34.127	-1.7318	0	-0.0017318	0.034127	0
34.109	-1.6019	0	-0.0016019	0.034109	0
34.092	-1.4655	0	-0.0014655	0.034092	0
34.075	-1.3246	0	-0.0013246	0.034075	0
34.058	-1.1686	0	-0.0011686	0.034058	0
34.044	-1.0087	0	-0.0010087	0.034044	0
34.03	-0.83658	0	-0.00083658	0.03403	0
34.019	-0.66149	0	-0.00066149	0.034019	0
34.009	-0.47062	0	-0.00047062	0.034009	0
34.003	-0.28544	0	-0.00028544	0.034003	0
34	-0.090698	0	-0.000090698	0.034	0
34.001	0.10343	0	0.00010343	0.034001	0
34.004	0.29721	0	0.00029721	0.034004	0
34.011	0.49317	0	0.00049317	0.034011	0
34.02	0.67934	0	0.00067934	0.03402	0
34.033	0.86511	0	0.00086511	0.034033	0
34.047	1.0385	0	0.0010385	0.034047	0
34.065	1.2142	0	0.0012142	0.034065	0
34.082	1.369	0	0.001369	0.034082	0
34.101	1.5239	0	0.0015239	0.034101	0
34.121	1.6631	0	0.0016631	0.034121	0
34.141	1.8024	0	0.0018024	0.034141	0
34.161	1.9255	0	0.0019255	0.034161	0
34.181	2.0415	0	0.0020415	0.034181	0
34.201	2.1544	0	0.0021544	0.034201	0
34.22	2.2557	0	0.0022557	0.03422	0
34.239	2.3544	0	0.0023544	0.034239	0
34.256	2.4425	0	0.0024425	0.034256	0
34.274	2.5269	0	0.0025269	0.034274	0
34.291	2.6065	0	0.0026065	0.034291	0
34.307	2.682	0	0.002682	0.034307	0
34.323	2.7534	0	0.0027534	0.034323	0
34.337	2.8163	0	0.0028163	0.034337	0
34.352	2.8826	0	0.0028826	0.034352	0
34.366	2.9422	0	0.0029422	0.034366	0
34.379	2.9953	0	0.0029953	0.034379	0
34.393	3.0547	0	0.0030547	0.034393	0
34.405	3.1064	0	0.0031064	0.034405	0
34.417	3.1547	0	0.0031547	0.034417	0
34.429	3.2027	0	0.0032027	0.034429	0
34.441	3.2526	0	0.0032526	0.034441	0
34.451	3.2955	0	0.0032955	0.034451	0
34.462	3.3378	0	0.0033378	0.034462	0
34.472	3.3801	0	0.0033801	0.034472	0
34.483	3.4216	0	0.0034216	0.034483	0
34.493	3.4619	0	0.0034619	0.034493	0
34.503	3.5018	0	0.0035018	0.034503	0
34.513	3.54	0	0.00354	0.034513	0
34.521	3.573	0	0.003573	0.034521	0
34.531	3.6132	0	0.0036132	0.034531	0
34.54	3.6486	0	0.0036486	0.03454	0
34.549	3.683	0	0.003683	0.034549	0
34.558	3.7171	0	0.0037171	0.034558	0
34.566	3.751	0	0.003751	0.034566	0
34.576	3.788	0	0.003788	0.034576	0
34.583	3.8162	0	0.0038162	0.034583	0
34.592	3.8517	0	0.0038517	0.034592	0
34.6	3.8812	0	0.0038812	0.0346	0
34.609	3.918	0	0.003918	0.034609	0
34.616	3.9463	0	0.0039463	0.034616	0
34.624	3.9764	0	0.0039764	0.034624	0
34.632	4.0078	0	0.0040078	0.034632	0
34.64	4.0411	0	0.0040411	0.03464	0
34.647	4.0695	0	0.0040695	0.034647	0
34.655	4.1007	0	0.0041007	0.034655	0
34.663	4.1311	0	0.0041311	0.034663	0
34.67	4.159	0	0.004159	0.03467	0
34.678	4.1903	0	0.0041903	0.034678	0
34.685	4.2185	0	0.0042185	0.034685	0
34.693	4.2509	0	0.0042509	0.034693	0
34.7	4.2765	0	0.0042765	0.0347	0
34.707	4.3076	0	0.0043076	0.034707	0
34.715	4.3364	0	0.0043364	0.034715	0
34.722	4.3657	0	0.0043657	0.034722	0
34.729	4.3932	0	0.0043932	0.034729	0
34.736	4.4218	0	0.0044218	0.034736	0
34.743	4.4534	0	0.0044534	0.034743	0
34.75	4.4787	0	0.0044787	0.03475	0
34.757	4.5072	0	0.0045072	0.034757	0
34.764	4.5381	0	0.0045381	0.034764	0
34.771	4.5648	0	0.0045648	0.034771	0
34.778	4.5938	0	0.0045938	0.034778	0
34.784	4.6202	0	0.0046202	0.034784	0
34.791	4.6492	0	0.0046492	0.034791	0
34.798	4.6778	0	0.0046778	0.034798	0
34.805	4.7057	0	0.0047057	0.034805	0
34.812	4.7347	0	0.0047347	0.034812	0
34.818	4.7613	0	0.0047613	0.034818	0
34.825	4.7891	0	0.0047891	0.034825	0
34.832	4.8168	0	0.0048168	0.034832	0
34.838	4.8438	0	0.0048438	0.034838	0
34.846	4.8761	0	0.0048761	0.034846	0
34.851	4.8993	0	0.0048993	0.034851	0
34.858	4.9282	0	0.0049282	0.034858	0
34.865	4.9582	0	0.0049582	0.034865	0
34.871	4.9834	0	0.0049834	0.034871	0
34.878	5.0147	0	0.0050147	0.034878	0
34.884	5.0384	0	0.0050384	0.034884	0
34.891	5.0681	0	0.0050681	0.034891	0
34.897	5.0964	0	0.0050964	0.034897	0
34.903	5.121	0	0.005121	0.034903	0
34.91	5.1514	0	0.0051514	0.03491	0
34.916	5.1792	0	0.0051792	0.034916	0
34.923	5.2069	0	0.0052069	0.034923	0
34.929	5.2333	0	0.0052333	0.034929	0
34.935	5.2612	0	0.0052612	0.034935	0
34.942	5.291	0	0.005291	0.034942	0
34.947	5.3141	0	0.0053141	0.034947	0
34.954	5.3444	0	0.0053444	0.034954	0
34.959	5.368	0	0.005368	0.034959	0
34.965	5.3939	0	0.0053939	0.034965	0
34.971	5.4219	0	0.0054219	0.034971	0
34.976	5.4441	0	0.0054441	0.034976	0
34.982	5.4707	0	0.0054707	0.034982	0
34.987	5.4957	0	0.0054957	0.034987	0
34.992	5.5201	0	0.0055201	0.034992	0
34.997	5.5435	0	0.0055435	0.034997	0
35.002	5.5658	0	0.0055658	0.035002	0
35.008	5.5926	0	0.0055926	0.035008	0
35.012	5.6119	0	0.0056119	0.035012	0
35.017	5.6335	0	0.0056335	0.035017	0
35.021	5.6565	0	0.0056565	0.035021	0
35.025	5.6752	0	0.0056752	0.035025	0
35.029	5.6948	0	0.0056948	0.035029	0
35.034	5.7181	0	0.0057181	0.035034	0
35.037	5.7311	0	0.0057311	0.035037	0
35.041	5.7502	0	0.0057502	0.035041	0
35.045	5.7703	0	0.0057703	0.035045	0
35.048	5.7855	0	0.0057855	0.035048	0
35.051	5.8029	0	0.0058029	0.035051	0
35.054	5.8201	0	0.0058201	0.035054	0
35.058	5.8381	0	0.0058381	0.035058	0
35.061	5.8577	0	0.0058577	0.035061	0
35.065	5.8741	0	0.0058741	0.035065	0
35.068	5.8926	0	0.0058926	0.035068	0
35.072	5.9143	0	0.0059143	0.035072	0
35.075	5.9338	0	0.0059338	0.035075	0
35.08	5.9582	0	0.0059582	0.03508	0
35.084	5.9802	0	0.0059802	0.035084	0
35.088	6.005	0	0.006005	0.035088	0
35.092	6.0302	0	0.0060302	0.035092	0
35.097	6.0545	0	0.0060545	0.035097	0
35.101	6.0825	0	0.0060825	0.035101	0
35.105	6.1069	0	0.0061069	0.035105	0
35.11	6.1351	0	0.0061351	0.03511	0
35.115	6.1623	0	0.0061623	0.035115	0
35.119	6.1881	0	0.0061881	0.035119	0
35.124	6.2182	0	0.0062182	0.035124	0
35.128	6.2444	0	0.0062444	0.035128	0
35.134	6.2757	0	0.0062757	0.035134	0
35.138	6.3023	0	0.0063023	0.035138	0
35.143	6.3322	0	0.0063322	0.035143	0
35.147	6.3605	0	0.0063605	0.035147	0
35.152	6.3871	0	0.0063871	0.035152	0
35.157	6.4181	0	0.0064181	0.035157	0
35.162	6.4504	0	0.0064504	0.035162	0
35.166	6.4754	0	0.0064754	0.035166	0
35.171	6.5072	0	0.0065072	0.035171	0
35.175	6.5336	0	0.0065336	0.035175	0
35.18	6.5667	0	0.0065667	0.03518	0
35.185	6.5962	0	0.0065962	0.035185	0
35.189	6.6233	0	0.0066233	0.035189	0
35.194	6.6568	0	0.0066568	0.035194	0
35.198	6.6821	0	0.0066821	0.035198	0
35.203	6.7135	0	0.0067135	0.035203	0
35.208	6.7442	0	0.0067442	0.035208	0
35.213	6.7752	0	0.0067752	0.035213	0
35.217	6.8042	0	0.0068042	0.035217	0
35.221	6.8331	0	0.0068331	0.035221	0
35.226	6.8648	0	0.0068648	0.035226	0
35.23	6.8925	0	0.0068925	0.03523	0
35.235	6.9231	0	0.0069231	0.035235	0
35.24	6.9554	0	0.0069554	0.03524	0
35.244	6.9821	0	0.0069821	0.035244	0
35.249	7.0144	0	0.0070144	0.035249	0
35.253	7.0416	0	0.0070416	0.035253	0
35.258	7.0751	0	0.0070751	0.035258	0
35.262	7.1029	0	0.0071029	0.035262	0
35.266	7.134	0	0.007134	0.035266	0
35.271	7.1637	0	0.0071637	0.035271	0
35.275	7.1934	0	0.0071934	0.035275	0
35.279	7.2225	0	0.0072225	0.035279	0
35.284	7.2548	0	0.0072548	0.035284	0
35.288	7.2828	0	0.0072828	0.035288	0
35.292	7.3121	0	0.0073121	0.035292	0
35.296	7.3429	0	0.0073429	0.035296	0
35.301	7.3738	0	0.0073738	0.035301	0
35.305	7.401	0	0.007401	0.035305	0
35.309	7.4339	0	0.0074339	0.035309	0
35.313	7.4627	0	0.0074627	0.035313	0
35.317	7.492	0	0.007492	0.035317	0
35.321	7.5212	0	0.0075212	0.035321	0
35.326	7.5514	0	0.0075514	0.035326	0
35.329	7.5788	0	0.0075788	0.035329	0
35.334	7.6143	0	0.0076143	0.035334	0
35.338	7.6407	0	0.0076407	0.035338	0
35.342	7.6713	0	0.0076713	0.035342	0
35.346	7.7002	0	0.0077002	0.035346	0
35.349	7.7279	0	0.0077279	0.035349	0
35.354	7.7607	0	0.0077607	0.035354	0
35.358	7.7898	0	0.0077898	0.035358	0
35.362	7.8187	0	0.0078187	0.035362	0
35.365	7.8485	0	0.0078485	0.035365	0
35.369	7.8782	0	0.0078782	0.035369	0
35.373	7.9091	0	0.0079091	0.035373	0
35.377	7.9367	0	0.0079367	0.035377	0
35.381	7.9661	0	0.0079661	0.035381	0
35.385	7.9963	0	0.0079963	0.035385	0
35.388	8.0258	0	0.0080258	0.035388	0
35.392	8.0549	0	0.0080549	0.035392	0
35.396	8.0863	0	0.0080863	0.035396	0
35.399	8.1131	0	0.0081131	0.035399	0
35.403	8.1439	0	0.0081439	0.035403	0
35.407	8.1755	0	0.0081755	0.035407	0
35.41	8.1997	0	0.0081997	0.03541	0
35.414	8.233	0	0.008233	0.035414	0
35.418	8.2605	0	0.0082605	0.035418	0
35.422	8.2917	0	0.0082917	0.035422	0
35.425	8.3198	0	0.0083198	0.035425	0
35.428	8.3489	0	0.0083489	0.035428	0
35.432	8.3785	0	0.0083785	0.035432	0
35.435	8.4076	0	0.0084076	0.035435	0
35.439	8.4359	0	0.0084359	0.035439	0
35.443	8.4678	0	0.0084678	0.035443	0
35.446	8.4947	0	0.0084947	0.035446	0
35.449	8.5256	0	0.0085256	0.035449	0
35.453	8.5538	0	0.0085538	0.035453	0
35.456	8.5832	0	0.0085832	0.035456	0
35.459	8.6122	0	0.0086122	0.035459	0
35.463	8.642	0	0.008642	0.035463	0
35.466	8.6695	0	0.0086695	0.035466	0
35.469	8.7005	0	0.0087005	0.035469	0
35.472	8.7298	0	0.0087298	0.035472	0
35.475	8.7568	0	0.0087568	0.035475	0
35.479	8.7872	0	0.0087872	0.035479	0
35.482	8.8163	0	0.0088163	0.035482	0
35.485	8.8458	0	0.0088458	0.035485	0
35.488	8.8759	0	0.0088759	0.035488	0
35.491	8.902	0	0.008902	0.035491	0
35.494	8.9338	0	0.0089338	0.035494	0
35.497	8.9611	0	0.0089611	0.035497	0
35.5	8.9898	0	0.0089898	0.0355	0
35.503	9.021	0	0.009021	0.035503	0
35.506	9.0498	0	0.0090498	0.035506	0
35.509	9.0756	0	0.0090756	0.035509	0
35.512	9.1079	0	0.0091079	0.035512	0
35.515	9.1353	0	0.0091353	0.035515	0
35.518	9.1655	0	0.0091655	0.035518	0
35.521	9.1925	0	0.0091925	0.035521	0
35.524	9.2228	0	0.0092228	0.035524	0
35.527	9.2528	0	0.0092528	0.035527	0
35.529	9.2811	0	0.0092811	0.035529	0
35.532	9.3084	0	0.0093084	0.035532	0
35.535	9.3378	0	0.0093378	0.035535	0
35.538	9.3679	0	0.0093679	0.035538	0
35.54	9.398	0	0.009398	0.03554	0
35.543	9.4248	0	0.0094248	0.035543	0
35.546	9.4541	0	0.0094541	0.035546	0
35.548	9.4826	0	0.0094826	0.035548	0
35.551	9.5127	0	0.0095127	0.035551	0
35.553	9.5415	0	0.0095415	0.035553	0
35.556	9.569	0	0.009569	0.035556	0
35.558	9.5985	0	0.0095985	0.035558	0
35.561	9.6287	0	0.0096287	0.035561	0
35.564	9.6575	0	0.0096575	0.035564	0
35.566	9.6842	0	0.0096842	0.035566	0
35.568	9.7147	0	0.0097147	0.035568	0
35.571	9.7425	0	0.0097425	0.035571	0
35.573	9.7729	0	0.0097729	0.035573	0
35.576	9.8007	0	0.0098007	0.035576	0
35.578	9.8303	0	0.0098303	0.035578	0
35.58	9.8566	0	0.0098566	0.03558	0
35.583	9.8888	0	0.0098888	0.035583	0
35.585	9.9175	0	0.0099175	0.035585	0
35.587	9.9463	0	0.0099463	0.035587	0
35.589	9.9716	0	0.0099716	0.035589	0
35.591	10.003	0	0.010003	0.035591	0
35.594	10.033	0	0.010033	0.035594	0
35.596	10.059	0	0.010059	0.035596	0
35.598	10.091	0	0.010091	0.035598	0
35.6	10.119	0	0.010119	0.0356	0
35.602	10.147	0	0.010147	0.035602	0
35.604	10.175	0	0.010175	0.035604	0
35.606	10.207	0	0.010207	0.035606	0
35.608	10.233	0	0.010233	0.035608	0
35.61	10.265	0	0.010265	0.03561	0
35.612	10.289	0	0.010289	0.035612	0
35.614	10.32	0	0.01032	0.035614	0
35.616	10.349	0	0.010349	0.035616	0
35.618	10.379	0	0.010379	0.035618	0
35.619	10.406	0	0.010406	0.035619	0
35.621	10.438	0	0.010438	0.035621	0
35.623	10.464	0	0.010464	0.035623	0
35.625	10.495	0	0.010495	0.035625	0
35.627	10.522	0	0.010522	0.035627	0
35.628	10.551	0	0.010551	0.035628	0
35.63	10.58	0	0.01058	0.03563	0
35.632	10.609	0	0.010609	0.035632	0
35.633	10.638	0	0.010638	0.035633	0
35.635	10.668	0	0.010668	0.035635	0
35.637	10.697	0	0.010697	0.035637	0
35.638	10.723	0	0.010723	0.035638	0
35.64	10.755	0	0.010755	0.03564	0
35.641	10.783	0	0.010783	0.035641	0
35.643	10.811	0	0.010811	0.035643	0
35.644	10.839	0	0.010839	0.035644	0
35.646	10.871	0	0.010871	0.035646	0
35.647	10.898	0	0.010898	0.035647	0
35.648	10.927	0	0.010927	0.035648	0
35.65	10.958	0	0.010958	0.03565	0
35.651	10.986	0	0.010986	0.035651	0
35.652	11.013	0	0.011013	0.035652	0
35.654	11.043	0	0.011043	0.035654	0
35.655	11.072	0	0.011072	0.035655	0
35.656	11.1	0	0.0111	0.035656	0
35.658	11.131	0	0.011131	0.035658	0
35.659	11.161	0	0.011161	0.035659	0
35.66	11.187	0	0.011187	0.03566	0
35.661	11.217	0	0.011217	0.035661	0
35.662	11.247	0	0.011247	0.035662	0
35.663	11.274	0	0.011274	0.035663	0
35.664	11.304	0	0.011304	0.035664	0
35.665	11.332	0	0.011332	0.035665	0
35.666	11.363	0	0.011363	0.035666	0
35.667	11.391	0	0.011391	0.035667	0
35.668	11.42	0	0.01142	0.035668	0
35.669	11.45	0	0.01145	0.035669	0
35.67	11.48	0	0.01148	0.03567	0
35.671	11.508	0	0.011508	0.035671	0
35.672	11.535	0	0.011535	0.035672	0
35.673	11.566	0	0.011566	0.035673	0
35.673	11.595	0	0.011595	0.035673	0
35.674	11.624	0	0.011624	0.035674	0
35.675	11.652	0	0.011652	0.035675	0
35.676	11.682	0	0.011682	0.035676	0
35.676	11.712	0	0.011712	0.035676	0
35.677	11.74	0	0.01174	0.035677	0
35.678	11.769	0	0.011769	0.035678	0
35.678	11.799	0	0.011799	0.035678	0
35.679	11.827	0	0.011827	0.035679	0
35.679	11.858	0	0.011858	0.035679	0
35.68	11.886	0	0.011886	0.03568	0
35.68	11.914	0	0.011914	0.03568	0
35.681	11.947	0	0.011947	0.035681	0
35.681	11.973	0	0.011973	0.035681	0
35.682	12.003	0	0.012003	0.035682	0
35.682	12.031	0	0.012031	0.035682	0
35.683	12.063	0	0.012063	0.035683	0
35.683	12.09	0	0.01209	0.035683	0
35.683	12.119	0	0.012119	0.035683	0
35.683	12.15	0	0.01215	0.035683	0
35.684	12.178	0	0.012178	0.035684	0
35.684	12.207	0	0.012207	0.035684	0
35.684	12.238	0	0.012238	0.035684	0
35.684	12.266	0	0.012266	0.035684	0
35.685	12.295	0	0.012295	0.035685	0
35.685	12.326	0	0.012326	0.035685	0
35.685	12.355	0	0.012355	0.035685	0
35.685	12.382	0	0.012382	0.035685	0
35.685	12.414	0	0.012414	0.035685	0
35.685	12.442	0	0.012442	0.035685	0
35.685	12.47	0	0.01247	0.035685	0
35.685	12.501	0	0.012501	0.035685	0
35.685	12.531	0	0.012531	0.035685	0
35.685	12.559	0	0.012559	0.035685	0
35.685	12.589	0	0.012589	0.035685	0
35.684	12.618	0	0.012618	0.035684	0
35.684	12.65	0	0.01265	0.035684	0
35.684	12.678	0	0.012678	0.035684	0
35.684	12.705	0	0.012705	0.035684	0
35.684	12.737	0	0.012737	0.035684	0
35.683	12.766	0	0.012766	0.035683	0
35.683	12.795	0	0.012795	0.035683	0
35.683	12.825	0	0.012825	0.035683	0
35.682	12.854	0	0.012854	0.035682	0
35.682	12.884	0	0.012884	0.035682	0
35.681	12.915	0	0.012915	0.035681	0
35.681	12.943	0	0.012943	0.035681	0
35.681	12.973	0	0.012973	0.035681	0
35.68	13.001	0	0.013001	0.03568	0
35.68	13.032	0	0.013032	0.03568	0
35.679	13.061	0	0.013061	0.035679	0
35.678	13.091	0	0.013091	0.035678	0
35.678	13.121	0	0.013121	0.035678	0
35.677	13.15	0	0.01315	0.035677	0
35.676	13.179	0	0.013179	0.035676	0
35.676	13.211	0	0.013211	0.035676	0
35.675	13.238	0	0.013238	0.035675	0
35.674	13.269	0	0.013269	0.035674	0
35.673	13.298	0	0.013298	0.035673	0
35.673	13.329	0	0.013329	0.035673	0
35.672	13.358	0	0.013358	0.035672	0
35.671	13.387	0	0.013387	0.035671	0
35.67	13.419	0	0.013419	0.03567	0
35.669	13.446	0	0.013446	0.035669	0
35.668	13.477	0	0.013477	0.035668	0
35.667	13.507	0	0.013507	0.035667	0
35.666	13.536	0	0.013536	0.035666	0
35.665	13.565	0	0.013565	0.035665	0
35.664	13.597	0	0.013597	0.035664	0
35.663	13.625	0	0.013625	0.035663	0
35.662	13.656	0	0.013656	0.035662	0
35.661	13.686	0	0.013686	0.035661	0
35.66	13.715	0	0.013715	0.03566	0
35.658	13.746	0	0.013746	0.035658	0
35.657	13.775	0	0.013775	0.035657	0
35.656	13.804	0	0.013804	0.035656	0
35.655	13.835	0	0.013835	0.035655	0
35.653	13.864	0	0.013864	0.035653	0
35.652	13.895	0	0.013895	0.035652	0
35.651	13.925	0	0.013925	0.035651	0
35.649	13.954	0	0.013954	0.035649	0
35.648	13.984	0	0.013984	0.035648	0
35.646	14.012	0	0.014012	0.035646	0
35.645	14.044	0	0.014044	0.035645	0
35.643	14.072	0	0.014072	0.035643	0
35.642	14.103	0	0.014103	0.035642	0
35.64	14.132	0	0.014132	0.03564	0
35.639	14.163	0	0.014163	0.035639	0
35.637	14.194	0	0.014194	0.035637	0
35.635	14.224	0	0.014224	0.035635	0
35.634	14.251	0	0.014251	0.035634	0
35.632	14.282	0	0.014282	0.035632	0
35.63	14.316	0	0.014316	0.03563	0
35.628	14.343	0	0.014343	0.035628	0
35.626	14.374	0	0.014374	0.035626	0
35.625	14.405	0	0.014405	0.035625	0
35.623	14.435	0	0.014435	0.035623	0
35.621	14.468	0	0.014468	0.035621	0
35.619	14.496	0	0.014496	0.035619	0
35.617	14.528	0	0.014528	0.035617	0
35.615	14.558	0	0.014558	0.035615	0
35.613	14.588	0	0.014588	0.035613	0
35.611	14.62	0	0.01462	0.035611	0
35.609	14.65	0	0.01465	0.035609	0
35.607	14.681	0	0.014681	0.035607	0
35.604	14.712	0	0.014712	0.035604	0
35.602	14.742	0	0.014742	0.035602	0
35.6	14.774	0	0.014774	0.0356	0
35.598	14.802	0	0.014802	0.035598	0
35.596	14.835	0	0.014835	0.035596	0
35.593	14.866	0	0.014866	0.035593	0
35.591	14.897	0	0.014897	0.035591	0
35.589	14.927	0	0.014927	0.035589	0
35.586	14.959	0	0.014959	0.035586	0
35.584	14.989	0	0.014989	0.035584	0
35.582	15.02	0	0.01502	0.035582	0
35.579	15.051	0	0.015051	0.035579	0
35.577	15.082	0	0.015082	0.035577	0
35.575	15.111	0	0.015111	0.035575	0
35.572	15.143	0	0.015143	0.035572	0
35.569	15.176	0	0.015176	0.035569	0
35.567	15.204	0	0.015204	0.035567	0
35.565	15.236	0	0.015236	0.035565	0
35.562	15.266	0	0.015266	0.035562	0
35.559	15.298	0	0.015298	0.035559	0
35.557	15.327	0	0.015327	0.035557	0
35.554	15.359	0	0.015359	0.035554	0
35.552	15.389	0	0.015389	0.035552	0
35.549	15.418	0	0.015418	0.035549	0
35.546	15.451	0	0.015451	0.035546	0
35.544	15.48	0	0.01548	0.035544	0
35.541	15.512	0	0.015512	0.035541	0
35.538	15.542	0	0.015542	0.035538	0
35.535	15.572	0	0.015572	0.035535	0
35.532	15.603	0	0.015603	0.035532	0
35.529	15.633	0	0.015633	0.035529	0
35.526	15.664	0	0.015664	0.035526	0
35.524	15.692	0	0.015692	0.035524	0
35.521	15.724	0	0.015724	0.035521	0
35.518	15.754	0	0.015754	0.035518	0
35.515	15.784	0	0.015784	0.035515	0
35.512	15.816	0	0.015816	0.035512	0
35.509	15.846	0	0.015846	0.035509	0
35.506	15.874	0	0.015874	0.035506	0
35.503	15.906	0	0.015906	0.035503	0
35.499	15.936	0	0.015936	0.035499	0
35.496	15.966	0	0.015966	0.035496	0
35.493	15.997	0	0.015997	0.035493	0
35.49	16.027	0	0.016027	0.03549	0
35.487	16.056	0	0.016056	0.035487	0
35.483	16.089	0	0.016089	0.035483	0
35.48	16.117	0	0.016117	0.03548	0
35.477	16.149	0	0.016149	0.035477	0
35.473	16.179	0	0.016179	0.035473	0
35.47	16.21	0	0.01621	0.03547	0
35.467	16.237	0	0.016237	0.035467	0
35.463	16.272	0	0.016272	0.035463	0
35.459	16.3	0	0.0163	0.035459	0
35.456	16.33	0	0.01633	0.035456	0
35.452	16.362	0	0.016362	0.035452	0
35.449	16.391	0	0.016391	0.035449	0
35.445	16.422	0	0.016422	0.035445	0
35.441	16.454	0	0.016454	0.035441	0
35.438	16.482	0	0.016482	0.035438	0
35.434	16.514	0	0.016514	0.035434	0
35.43	16.545	0	0.016545	0.03543	0
35.426	16.574	0	0.016574	0.035426	0
35.422	16.606	0	0.016606	0.035422	0
35.419	16.634	0	0.016634	0.035419	0
35.415	16.668	0	0.016668	0.035415	0
35.411	16.696	0	0.016696	0.035411	0
35.407	16.727	0	0.016727	0.035407	0
35.403	16.759	0	0.016759	0.035403	0
35.399	16.789	0	0.016789	0.035399	0
35.395	16.819	0	0.016819	0.035395	0
35.391	16.849	0	0.016849	0.035391	0
35.387	16.881	0	0.016881	0.035387	0
35.382	16.912	0	0.016912	0.035382	0
35.378	16.942	0	0.016942	0.035378	0
35.374	16.972	0	0.016972	0.035374	0
35.37	17.003	0	0.017003	0.03537	0
35.366	17.033	0	0.017033	0.035366	0
35.361	17.065	0	0.017065	0.035361	0
35.357	17.093	0	0.017093	0.035357	0
35.352	17.127	0	0.017127	0.035352	0
35.348	17.155	0	0.017155	0.035348	0
35.344	17.187	0	0.017187	0.035344	0
35.339	17.217	0	0.017217	0.035339	0
35.335	17.249	0	0.017249	0.035335	0
35.33	17.279	0	0.017279	0.03533	0
35.326	17.31	0	0.01731	0.035326	0
35.321	17.341	0	0.017341	0.035321	0
35.317	17.37	0	0.01737	0.035317	0
35.312	17.401	0	0.017401	0.035312	0
35.307	17.435	0	0.017435	0.035307	0
35.303	17.462	0	0.017462	0.035303	0
35.298	17.494	0	0.017494	0.035298	0
35.293	17.524	0	0.017524	0.035293	0
35.288	17.556	0	0.017556	0.035288	0
35.283	17.586	0	0.017586	0.035283	0
35.278	17.617	0	0.017617	0.035278	0
35.273	17.649	0	0.017649	0.035273	0
35.269	17.676	0	0.017676	0.035269	0
35.264	17.71	0	0.01771	0.035264	0
35.259	17.74	0	0.01774	0.035259	0
35.254	17.769	0	0.017769	0.035254	0
35.248	17.803	0	0.017803	0.035248	0
35.243	17.832	0	0.017832	0.035243	0
35.238	17.864	0	0.017864	0.035238	0
35.233	17.894	0	0.017894	0.035233	0
35.228	17.924	0	0.017924	0.035228	0
35.223	17.954	0	0.017954	0.035223	0
35.217	17.986	0	0.017986	0.035217	0
35.212	18.02	0	0.01802	0.035212	0
35.207	18.047	0	0.018047	0.035207	0
35.201	18.078	0	0.018078	0.035201	0
35.196	18.11	0	0.01811	0.035196	0
35.191	18.14	0	0.01814	0.035191	0
35.185	18.171	0	0.018171	0.035185	0
35.18	18.202	0	0.018202	0.03518	0
35.174	18.234	0	0.018234	0.035174	0
35.169	18.263	0	0.018263	0.035169	0
35.163	18.295	0	0.018295	0.035163	0
35.157	18.325	0	0.018325	0.035157	0
35.151	18.358	0	0.018358	0.035151	0
35.146	18.387	0	0.018387	0.035146	0
35.14	18.418	0	0.018418	0.03514	0
35.134	18.448	0	0.018448	0.035134	0
35.128	18.481	0	0.018481	0.035128	0
35.123	18.51	0	0.01851	0.035123	0
35.117	18.541	0	0.018541	0.035117	0
35.111	18.574	0	0.018574	0.035111	0
35.105	18.603	0	0.018603	0.035105	0
35.099	18.635	0	0.018635	0.035099	0
35.093	18.665	0	0.018665	0.035093	0
35.087	18.696	0	0.018696	0.035087	0
35.081	18.727	0	0.018727	0.035081	0
35.075	18.758	0	0.018758	0.035075	0
35.068	18.79	0	0.01879	0.035068	0
35.062	18.82	0	0.01882	0.035062	0
35.056	18.851	0	0.018851	0.035056	0
35.05	18.882	0	0.018882	0.03505	0
35.044	18.912	0	0.018912	0.035044	0
35.037	18.944	0	0.018944	0.035037	0
35.031	18.976	0	0.018976	0.035031	0
35.025	19.004	0	0.019004	0.035025	0
35.018	19.037	0	0.019037	0.035018	0
35.011	19.068	0	0.019068	0.035011	0
35.005	19.099	0	0.019099	0.035005	0
34.998	19.13	0	0.01913	0.034998	0
34.992	19.16	0	0.01916	0.034992	0
34.985	19.192	0	0.019192	0.034985	0
34.979	19.222	0	0.019222	0.034979	0
34.972	19.253	0	0.019253	0.034972	0
34.965	19.285	0	0.019285	0.034965	0
34.959	19.315	0	0.019315	0.034959	0
34.952	19.347	0	0.019347	0.034952	0
34.945	19.378	0	0.019378	0.034945	0
34.938	19.408	0	0.019408	0.034938	0
34.931	19.44	0	0.01944	0.034931	0
34.924	19.47	0	0.01947	0.034924	0
34.917	19.502	0	0.019502	0.034917	0
34.91	19.532	0	0.019532	0.03491	0
34.903	19.564	0	0.019564	0.034903	0
34.896	19.594	0	0.019594	0.034896	0
34.889	19.626	0	0.019626	0.034889	0
34.882	19.658	0	0.019658	0.034882	0
34.875	19.687	0	0.019687	0.034875	0
34.867	19.72	0	0.01972	0.034867	0
34.86	19.749	0	0.019749	0.03486	0
34.853	19.781	0	0.019781	0.034853	0
34.846	19.812	0	0.019812	0.034846	0
34.838	19.844	0	0.019844	0.034838	0
34.831	19.874	0	0.019874	0.034831	0
34.823	19.905	0	0.019905	0.034823	0
34.816	19.937	0	0.019937	0.034816	0
34.808	19.967	0	0.019967	0.034808	0
34.8	19.999	0	0.019999	0.0348	0
34.793	20.03	0	0.02003	0.034793	0
34.786	20.059	0	0.020059	0.034786	0
34.777	20.093	0	0.020093	0.034777	0
34.77	20.123	0	0.020123	0.03477	0
34.762	20.154	0	0.020154	0.034762	0
34.754	20.185	0	0.020185	0.034754	0
34.746	20.216	0	0.020216	0.034746	0
34.739	20.247	0	0.020247	0.034739	0
34.73	20.28	0	0.02028	0.03473	0
34.723	20.309	0	0.020309	0.034723	0
34.715	20.341	0	0.020341	0.034715	0
34.707	20.372	0	0.020372	0.034707	0
34.699	20.403	0	0.020403	0.034699	0
34.691	20.434	0	0.020434	0.034691	0
34.682	20.467	0	0.020467	0.034682	0
34.674	20.496	0	0.020496	0.034674	0
34.666	20.529	0	0.020529	0.034666	0
34.657	20.559	0	0.020559	0.034657	0
34.649	20.59	0	0.02059	0.034649	0
34.641	20.622	0	0.020622	0.034641	0
34.632	20.654	0	0.020654	0.034632	0
34.624	20.684	0	0.020684	0.034624	0
34.615	20.717	0	0.020717	0.034615	0
34.607	20.747	0	0.020747	0.034607	0
34.598	20.779	0	0.020779	0.034598	0
34.59	20.809	0	0.020809	0.03459	0
34.581	20.842	0	0.020842	0.034581	0
34.573	20.871	0	0.020871	0.034573	0
34.563	20.904	0	0.020904	0.034563	0
34.555	20.934	0	0.020934	0.034555	0
34.546	20.967	0	0.020967	0.034546	0
34.537	20.997	0	0.020997	0.034537	0
34.528	21.029	0	0.021029	0.034528	0
34.519	21.06	0	0.02106	0.034519	0
34.51	21.092	0	0.021092	0.03451	0
34.501	21.123	0	0.021123	0.034501	0
34.492	21.155	0	0.021155	0.034492	0
34.483	21.186	0	0.021186	0.034483	0
34.474	21.217	0	0.021217	0.034474	0
34.465	21.249	0	0.021249	0.034465	0
34.456	21.28	0	0.02128	0.034456	0
34.446	21.312	0	0.021312	0.034446	0
34.437	21.343	0	0.021343	0.034437	0
34.428	21.374	0	0.021374	0.034428	0
34.419	21.404	0	0.021404	0.034419	0
34.409	21.439	0	0.021439	0.034409	0
34.4	21.468	0	0.021468	0.0344	0
34.39	21.501	0	0.021501	0.03439	0
34.381	21.532	0	0.021532	0.034381	0
34.371	21.562	0	0.021562	0.034371	0
34.361	21.595	0	0.021595	0.034361	0
34.352	21.626	0	0.021626	0.034352	0
34.342	21.657	0	0.021657	0.034342	0
34.332	21.69	0	0.02169	0.034332	0
34.323	21.719	0	0.021719	0.034323	0
34.312	21.753	0	0.021753	0.034312	0
34.303	21.782	0	0.021782	0.034303	0
34.293	21.814	0	0.021814	0.034293	0
34.283	21.847	0	0.021847	0.034283	0
34.273	21.878	0	0.021878	0.034273	0
34.263	21.91	0	0.02191	0.034263	0
34.253	21.941	0	0.021941	0.034253	0
34.243	21.972	0	0.021972	0.034243	0
34.233	22.004	0	0.022004	0.034233	0
34.223	22.036	0	0.022036	0.034223	0
34.213	22.066	0	0.022066	0.034213	0
34.202	22.098	0	0.022098	0.034202	0
34.192	22.129	0	0.022129	0.034192	0
34.182	22.162	0	0.022162	0.034182	0
34.171	22.194	0	0.022194	0.034171	0
34.161	22.224	0	0.022224	0.034161	0
34.15	22.258	0	0.022258	0.03415	0
34.141	22.286	0	0.022286	0.034141	0
34.13	22.319	0	0.022319	0.03413	0
34.119	22.35	0	0.02235	0.034119	0
34.108	22.383	0	0.022383	0.034108	0
34.098	22.414	0	0.022414	0.034098	0
34.087	22.445	0	0.022445	0.034087	0
34.077	22.477	0	0.022477	0.034077	0
34.066	22.509	0	0.022509	0.034066	0
34.055	22.54	0	0.02254	0.034055	0
34.044	22.571	0	0.022571	0.034044	0
34.033	22.603	0	0.022603	0.034033	0
34.022	22.635	0	0.022635	0.034022	0
34.011	22.667	0	0.022667	0.034011	0
34	22.698	0	0.022698	0.034	0
33.99	22.729	0	0.022729	0.03399	0
33.978	22.761	0	0.022761	0.033978	0
33.967	22.792	0	0.022792	0.033967	0
33.956	22.824	0	0.022824	0.033956	0
33.944	22.857	0	0.022857	0.033944	0
33.934	22.888	0	0.022888	0.033934	0
33.923	22.918	0	0.022918	0.033923	0
33.911	22.951	0	0.022951	0.033911	0
33.9	22.982	0	0.022982	0.0339	0
33.888	23.015	0	0.023015	0.033888	0
33.877	23.044	0	0.023044	0.033877	0
33.865	23.078	0	0.023078	0.033865	0
33.854	23.108	0	0.023108	0.033854	0
33.843	23.14	0	0.02314	0.033843	0
33.831	23.172	0	0.023172	0.033831	0
33.819	23.205	0	0.023205	0.033819	0
33.808	23.234	0	0.023234	0.033808	0
33.796	23.266	0	0.023266	0.033796	0
33.784	23.299	0	0.023299	0.033784	0
33.773	23.329	0	0.023329	0.033773	0
33.76	23.362	0	0.023362	0.03376	0
33.749	23.392	0	0.023392	0.033749	0
33.737	23.425	0	0.023425	0.033737	0
33.725	23.457	0	0.023457	0.033725	0
33.713	23.487	0	0.023487	0.033713	0
33.701	23.52	0	0.02352	0.033701	0
33.689	23.551	0	0.023551	0.033689	0
33.677	23.582	0	0.023582	0.033677	0
33.665	23.614	0	0.023614	0.033665	0
33.652	23.647	0	0.023647	0.033652	0
33.64	23.678	0	0.023678	0.03364	0
33.628	23.708	0	0.023708	0.033628	0
33.615	23.742	0	0.023742	0.033615	0
33.604	23.772	0	0.023772	0.033604	0
33.591	23.804	0	0.023804	0.033591	0
33.579	23.836	0	0.023836	0.033579	0
33.567	23.866	0	0.023866	0.033567	0
33.554	23.899	0	0.023899	0.033554	0
33.541	23.931	0	0.023931	0.033541	0
33.529	23.962	0	0.023962	0.033529	0
33.517	23.993	0	0.023993	0.033517	0
33.503	24.026	0	0.024026	0.033503	0
33.491	24.057	0	0.024057	0.033491	0
33.478	24.088	0	0.024088	0.033478	0
33.465	24.12	0	0.02412	0.033465	0
33.452	24.152	0	0.024152	0.033452	0
33.441	24.181	0	0.024181	0.033441	0
33.426	24.217	0	0.024217	0.033426	0
33.414	24.246	0	0.024246	0.033414	0
33.402	24.277	0	0.024277	0.033402	0
33.388	24.31	0	0.02431	0.033388	0
33.375	24.342	0	0.024342	0.033375	0
33.363	24.371	0	0.024371	0.033363	0
33.349	24.405	0	0.024405	0.033349	0
33.336	24.435	0	0.024435	0.033336	0
33.323	24.468	0	0.024468	0.033323	0
33.31	24.499	0	0.024499	0.03331	0
33.296	24.531	0	0.024531	0.033296	0
33.283	24.563	0	0.024563	0.033283	0
33.269	24.594	0	0.024594	0.033269	0
33.257	24.624	0	0.024624	0.033257	0
33.242	24.658	0	0.024658	0.033242	0
33.229	24.689	0	0.024689	0.033229	0
33.216	24.72	0	0.02472	0.033216	0
33.202	24.751	0	0.024751	0.033202	0
33.188	24.784	0	0.024784	0.033188	0
33.175	24.814	0	0.024814	0.033175	0
33.161	24.847	0	0.024847	0.033161	0
33.148	24.878	0	0.024878	0.033148	0
33.134	24.91	0	0.02491	0.033134	0
33.12	24.942	0	0.024942	0.03312	0
33.107	24.971	0	0.024971	0.033107	0
33.092	25.004	0	0.025004	0.033092	0
33.078	25.036	0	0.025036	0.033078	0
33.064	25.068	0	0.025068	0.033064	0
33.051	25.099	0	0.025099	0.033051	0
33.037	25.129	0	0.025129	0.033037	0
33.022	25.163	0	0.025163	0.033022	0
33.009	25.193	0	0.025193	0.033009	0
32.995	25.224	0	0.025224	0.032995	0
32.98	25.257	0	0.025257	0.03298	0
32.966	25.288	0	0.025288	0.032966	0
32.952	25.32	0	0.02532	0.032952	0
32.937	25.351	0	0.025351	0.032937	0
32.923	25.382	0	0.025382	0.032923	0
32.908	25.415	0	0.025415	0.032908	0
32.895	25.445	0	0.025445	0.032895	0
32.88	25.478	0	0.025478	0.03288	0
32.865	25.509	0	0.025509	0.032865	0
32.85	25.541	0	0.025541	0.03285	0
32.837	25.57	0	0.02557	0.032837	0
32.822	25.603	0	0.025603	0.032822	0
32.807	25.635	0	0.025635	0.032807	0
32.793	25.665	0	0.025665	0.032793	0
32.778	25.697	0	0.025697	0.032778	0
32.763	25.729	0	0.025729	0.032763	0
32.748	25.761	0	0.025761	0.032748	0
32.733	25.791	0	0.025791	0.032733	0
32.718	25.823	0	0.025823	0.032718	0
32.703	25.855	0	0.025855	0.032703	0
32.688	25.887	0	0.025887	0.032688	0
32.673	25.919	0	0.025919	0.032673	0
32.659	25.948	0	0.025948	0.032659	0
32.643	25.981	0	0.025981	0.032643	0
32.628	26.012	0	0.026012	0.032628	0
32.613	26.043	0	0.026043	0.032613	0
32.597	26.076	0	0.026076	0.032597	0
32.583	26.106	0	0.026106	0.032583	0
32.567	26.138	0	0.026138	0.032567	0
32.552	26.169	0	0.026169	0.032552	0
32.537	26.201	0	0.026201	0.032537	0
32.521	26.232	0	0.026232	0.032521	0
32.505	26.264	0	0.026264	0.032505	0
32.491	26.294	0	0.026294	0.032491	0
32.475	26.326	0	0.026326	0.032475	0
32.459	26.357	0	0.026357	0.032459	0
32.439	26.398	0	0.026398	0.032439	0
