22.208	-26.162	0
22.216	-26.15	0
22.222	-26.141	0
22.23	-26.129	0
22.238	-26.118	0
22.246	-26.106	0
22.252	-26.097	0
22.26	-26.086	0
22.268	-26.074	0
22.274	-26.065	0
22.282	-26.053	0
22.289	-26.042	0
22.296	-26.033	0
22.304	-26.021	0
22.311	-26.01	0
22.319	-25.998	0
22.325	-25.989	0
22.333	-25.977	0
22.341	-25.966	0
22.347	-25.957	0
22.355	-25.945	0
22.363	-25.934	0
22.369	-25.924	0
22.377	-25.913	0
22.384	-25.901	0
22.392	-25.89	0
22.398	-25.88	0
22.406	-25.869	0
22.414	-25.857	0
22.42	-25.848	0
22.428	-25.836	0
22.435	-25.825	0
22.441	-25.816	0
22.449	-25.804	0
22.457	-25.793	0
22.465	-25.781	0
22.471	-25.772	0
22.478	-25.76	0
22.486	-25.749	0
22.492	-25.739	0
22.5	-25.728	0
22.507	-25.716	0
22.514	-25.707	0
22.521	-25.695	0
22.529	-25.684	0
22.536	-25.672	0
22.543	-25.663	0
22.55	-25.651	0
22.558	-25.64	0
22.564	-25.63	0
22.572	-25.619	0
22.579	-25.607	0
22.585	-25.598	0
22.593	-25.586	0
22.6	-25.575	0
22.608	-25.563	0
22.614	-25.554	0
22.622	-25.542	0
22.629	-25.531	0
22.635	-25.521	0
22.643	-25.51	0
22.65	-25.498	0
22.656	-25.489	0
22.664	-25.477	0
22.671	-25.465	0
22.679	-25.454	0
22.685	-25.444	0
22.693	-25.433	0
22.7	-25.421	0
22.706	-25.412	0
22.714	-25.4	0
22.721	-25.389	0
22.727	-25.379	0
22.735	-25.368	0
22.742	-25.356	0
22.75	-25.344	0
22.756	-25.335	0
22.763	-25.323	0
22.77	-25.312	0
22.776	-25.302	0
22.784	-25.291	0
22.791	-25.279	0
22.797	-25.27	0
22.805	-25.258	0
22.812	-25.246	0
22.82	-25.235	0
22.826	-25.225	0
22.833	-25.214	0
22.84	-25.202	0
22.846	-25.193	0
22.854	-25.181	0
22.861	-25.169	0
22.867	-25.16	0
22.874	-25.148	0
22.882	-25.137	0
22.889	-25.125	0
22.895	-25.116	0
22.902	-25.104	0
22.91	-25.092	0
22.916	-25.083	0
22.923	-25.071	0
22.93	-25.059	0
22.936	-25.05	0
22.944	-25.038	0
22.951	-25.027	0
22.958	-25.015	0
22.964	-25.006	0
22.971	-24.994	0
22.979	-24.982	0
22.985	-24.973	0
22.992	-24.961	0
22.999	-24.949	0
23.005	-24.94	0
23.012	-24.928	0
23.02	-24.917	0
23.027	-24.905	0
23.033	-24.895	0
23.04	-24.884	0
23.047	-24.872	0
23.053	-24.863	0
23.06	-24.851	0
23.067	-24.839	0
23.073	-24.83	0
23.081	-24.818	0
23.088	-24.806	0
23.095	-24.795	0
23.101	-24.785	0
23.108	-24.773	0
23.115	-24.762	0
23.121	-24.752	0
23.128	-24.74	0
23.135	-24.729	0
23.141	-24.719	0
23.148	-24.708	0
23.155	-24.696	0
23.163	-24.684	0
23.168	-24.675	0
23.175	-24.663	0
23.183	-24.651	0
23.188	-24.642	0
23.195	-24.63	0
23.203	-24.618	0
23.208	-24.609	0
23.215	-24.597	0
23.223	-24.585	0
23.23	-24.573	0
23.235	-24.564	0
23.243	-24.552	0
23.25	-24.54	0
23.255	-24.531	0
23.262	-24.519	0
23.269	-24.507	0
23.275	-24.498	0
23.282	-24.486	0
23.289	-24.474	0
23.296	-24.463	0
23.302	-24.453	0
23.309	-24.441	0
23.316	-24.43	0
23.322	-24.42	0
23.329	-24.408	0
23.336	-24.396	0
23.341	-24.387	0
23.348	-24.375	0
23.355	-24.363	0
23.363	-24.352	0
23.368	-24.342	0
23.375	-24.33	0
23.382	-24.318	0
23.388	-24.309	0
23.395	-24.297	0
23.402	-24.285	0
23.407	-24.276	0
23.414	-24.264	0
23.421	-24.252	0
23.428	-24.24	0
23.434	-24.231	0
23.441	-24.219	0
23.448	-24.207	0
23.453	-24.198	0
23.46	-24.186	0
23.467	-24.174	0
23.473	-24.165	0
23.48	-24.153	0
23.486	-24.141	0
23.493	-24.129	0
23.499	-24.12	0
23.506	-24.108	0
23.513	-24.096	0
23.518	-24.086	0
23.525	-24.075	0
23.532	-24.063	0
23.537	-24.053	0
23.544	-24.041	0
23.551	-24.03	0
23.558	-24.018	0
23.564	-24.008	0
23.57	-23.996	0
23.577	-23.984	0
23.583	-23.975	0
23.59	-23.963	0
23.596	-23.951	0
23.602	-23.942	0
23.609	-23.93	0
23.615	-23.918	0
23.622	-23.906	0
23.628	-23.897	0
23.634	-23.885	0
23.641	-23.873	0
23.647	-23.863	0
23.653	-23.851	0
23.66	-23.839	0
23.666	-23.83	0
23.672	-23.818	0
23.679	-23.806	0
23.686	-23.794	0
23.691	-23.785	0
23.698	-23.773	0
23.705	-23.761	0
23.71	-23.751	0
23.717	-23.74	0
23.724	-23.728	0
23.729	-23.718	0
23.736	-23.706	0
23.742	-23.694	0
23.749	-23.682	0
23.754	-23.673	0
23.761	-23.661	0
23.768	-23.649	0
23.773	-23.639	0
23.78	-23.628	0
23.787	-23.616	0
23.792	-23.606	0
23.799	-23.594	0
23.805	-23.582	0
23.812	-23.57	0
23.817	-23.561	0
23.824	-23.549	0
23.83	-23.537	0
23.836	-23.527	0
23.842	-23.515	0
23.849	-23.503	0
23.854	-23.494	0
23.861	-23.482	0
23.867	-23.47	0
23.874	-23.458	0
23.879	-23.448	0
23.886	-23.437	0
23.893	-23.425	0
23.898	-23.415	0
23.904	-23.403	0
23.911	-23.391	0
23.916	-23.382	0
23.923	-23.37	0
23.929	-23.358	0
23.936	-23.346	0
23.941	-23.336	0
23.948	-23.324	0
23.954	-23.312	0
23.959	-23.303	0
23.966	-23.291	0
23.972	-23.279	0
23.978	-23.269	0
23.984	-23.257	0
23.991	-23.245	0
23.997	-23.233	0
24.002	-23.224	0
24.009	-23.212	0
24.015	-23.2	0
24.02	-23.19	0
24.027	-23.178	0
24.033	-23.166	0
24.038	-23.156	0
24.045	-23.144	0
24.051	-23.132	0
24.058	-23.12	0
24.063	-23.111	0
24.069	-23.099	0
24.076	-23.087	0
24.081	-23.077	0
24.087	-23.065	0
24.094	-23.053	0
24.099	-23.044	0
24.105	-23.032	0
24.112	-23.02	0
24.118	-23.008	0
24.123	-22.998	0
24.13	-22.986	0
24.136	-22.974	0
24.141	-22.964	0
24.147	-22.952	0
24.154	-22.94	0
24.159	-22.931	0
24.165	-22.919	0
24.171	-22.907	0
24.178	-22.895	0
24.183	-22.885	0
24.189	-22.873	0
24.196	-22.861	0
24.201	-22.851	0
24.207	-22.839	0
24.213	-22.827	0
24.218	-22.818	0
24.225	-22.806	0
24.231	-22.794	0
24.237	-22.782	0
24.242	-22.772	0
24.248	-22.76	0
24.255	-22.748	0
24.26	-22.738	0
24.266	-22.726	0
24.272	-22.714	0
24.277	-22.705	0
24.283	-22.693	0
24.29	-22.681	0
24.296	-22.669	0
24.301	-22.659	0
24.307	-22.647	0
24.313	-22.635	0
24.318	-22.625	0
24.324	-22.613	0
24.331	-22.601	0
24.336	-22.591	0
24.342	-22.579	0
24.348	-22.567	0
24.354	-22.555	0
24.359	-22.546	0
24.365	-22.533	0
24.371	-22.521	0
24.376	-22.512	0
24.382	-22.5	0
24.389	-22.488	0
24.393	-22.478	0
24.4	-22.466	0
24.406	-22.454	0
24.412	-22.442	0
24.417	-22.432	0
24.423	-22.42	0
24.429	-22.408	0
24.434	-22.398	0
24.44	-22.386	0
24.446	-22.374	0
24.451	-22.364	0
24.457	-22.352	0
24.463	-22.34	0
24.469	-22.328	0
24.474	-22.318	0
24.48	-22.306	0
24.486	-22.294	0
24.491	-22.285	0
24.497	-22.273	0
24.503	-22.26	0
24.508	-22.251	0
24.514	-22.239	0
24.52	-22.227	0
24.526	-22.214	0
24.531	-22.205	0
24.537	-22.193	0
24.543	-22.181	0
24.548	-22.171	0
24.554	-22.159	0
24.56	-22.147	0
24.564	-22.137	0
24.57	-22.125	0
24.576	-22.113	0
24.582	-22.101	0
24.587	-22.091	0
24.593	-22.079	0
24.599	-22.067	0
24.604	-22.057	0
24.61	-22.045	0
24.616	-22.033	0
24.62	-22.023	0
24.626	-22.011	0
24.632	-21.999	0
24.638	-21.987	0
24.643	-21.977	0
24.649	-21.965	0
24.655	-21.953	0
24.659	-21.943	0
24.665	-21.931	0
24.671	-21.919	0
24.676	-21.909	0
24.682	-21.897	0
24.687	-21.885	0
24.693	-21.873	0
24.698	-21.863	0
24.704	-21.851	0
24.71	-21.839	0
24.714	-21.829	0
24.72	-21.817	0
24.726	-21.805	0
24.731	-21.795	0
24.736	-21.783	0
24.742	-21.771	0
24.748	-21.758	0
24.753	-21.749	0
24.759	-21.737	0
24.764	-21.724	0
24.769	-21.715	0
24.775	-21.703	0
24.781	-21.69	0
24.785	-21.681	0
24.791	-21.668	0
24.797	-21.656	0
24.802	-21.644	0
24.807	-21.634	0
24.813	-21.622	0
24.818	-21.61	0
24.823	-21.6	0
24.829	-21.588	0
24.835	-21.576	0
24.839	-21.566	0
24.845	-21.554	0
24.851	-21.542	0
24.856	-21.53	0
24.861	-21.52	0
24.866	-21.508	0
24.872	-21.496	0
24.877	-21.486	0
24.882	-21.474	0
24.888	-21.462	0
24.893	-21.452	0
24.898	-21.44	0
24.904	-21.427	0
24.91	-21.415	0
24.914	-21.406	0
24.92	-21.393	0
24.925	-21.381	0
24.93	-21.371	0
24.935	-21.359	0
24.941	-21.347	0
24.946	-21.337	0
24.951	-21.325	0
24.957	-21.313	0
24.962	-21.301	0
24.967	-21.291	0
24.972	-21.279	0
24.978	-21.266	0
24.982	-21.257	0
24.988	-21.245	0
24.994	-21.232	0
24.998	-21.223	0
25.004	-21.21	0
25.009	-21.198	0
25.015	-21.186	0
25.019	-21.176	0
25.025	-21.164	0
25.03	-21.152	0
25.035	-21.142	0
25.04	-21.13	0
25.046	-21.118	0
25.05	-21.108	0
25.055	-21.096	0
25.061	-21.083	0
25.066	-21.071	0
25.071	-21.061	0
25.076	-21.049	0
25.082	-21.037	0
25.086	-21.027	0
25.092	-21.015	0
25.097	-21.003	0
25.101	-20.993	0
25.107	-20.981	0
25.112	-20.968	0
25.118	-20.956	0
25.122	-20.946	0
25.128	-20.934	0
25.133	-20.922	0
25.137	-20.912	0
25.143	-20.9	0
25.148	-20.888	0
25.152	-20.878	0
25.158	-20.866	0
25.163	-20.853	0
25.169	-20.841	0
25.173	-20.831	0
25.178	-20.819	0
25.184	-20.807	0
25.188	-20.797	0
25.193	-20.785	0
25.199	-20.773	0
25.203	-20.763	0
25.208	-20.751	0
25.214	-20.738	0
25.219	-20.726	0
25.223	-20.716	0
25.228	-20.704	0
25.234	-20.692	0
25.238	-20.682	0
25.243	-20.67	0
25.249	-20.657	0
25.253	-20.648	0
25.258	-20.635	0
25.263	-20.623	0
25.269	-20.611	0
25.273	-20.601	0
25.278	-20.589	0
25.283	-20.577	0
25.288	-20.567	0
25.293	-20.554	0
25.298	-20.542	0
25.302	-20.532	0
25.308	-20.52	0
25.313	-20.508	0
25.318	-20.496	0
25.322	-20.486	0
25.327	-20.473	0
25.333	-20.461	0
25.337	-20.451	0
25.342	-20.439	0
25.347	-20.427	0
25.351	-20.417	0
25.356	-20.405	0
25.362	-20.392	0
25.367	-20.38	0
25.371	-20.37	0
25.376	-20.358	0
25.381	-20.346	0
25.385	-20.336	0
25.391	-20.324	0
25.396	-20.311	0
25.4	-20.302	0
25.405	-20.289	0
25.41	-20.277	0
25.415	-20.265	0
25.419	-20.255	0
25.424	-20.243	0
25.429	-20.23	0
25.434	-20.22	0
25.439	-20.208	0
25.444	-20.196	0
25.448	-20.186	0
25.453	-20.174	0
25.458	-20.161	0
25.463	-20.149	0
25.467	-20.139	0
25.472	-20.127	0
25.477	-20.115	0
25.481	-20.105	0
25.486	-20.093	0
25.491	-20.08	0
25.495	-20.07	0
25.5	-20.058	0
25.505	-20.046	0
25.51	-20.033	0
25.514	-20.024	0
25.519	-20.011	0
25.524	-19.999	0
25.528	-19.989	0
25.533	-19.977	0
25.538	-19.965	0
25.542	-19.955	0
25.547	-19.942	0
25.552	-19.93	0
25.557	-19.918	0
25.561	-19.908	0
25.566	-19.896	0
25.571	-19.883	0
25.575	-19.873	0
25.58	-19.861	0
25.585	-19.849	0
25.589	-19.839	0
25.594	-19.827	0
25.599	-19.814	0
25.603	-19.802	0
25.607	-19.792	0
25.612	-19.78	0
25.617	-19.767	0
25.621	-19.758	0
25.626	-19.745	0
25.631	-19.733	0
25.635	-19.723	0
25.64	-19.711	0
25.644	-19.698	0
25.649	-19.686	0
25.653	-19.676	0
25.658	-19.664	0
25.663	-19.652	0
25.667	-19.642	0
25.671	-19.629	0
25.676	-19.617	0
25.68	-19.607	0
25.685	-19.595	0
25.69	-19.582	0
25.695	-19.57	0
25.698	-19.56	0
25.703	-19.548	0
25.708	-19.536	0
25.712	-19.526	0
25.717	-19.513	0
25.721	-19.501	0
25.725	-19.491	0
25.73	-19.479	0
25.735	-19.466	0
25.739	-19.454	0
25.743	-19.444	0
25.748	-19.432	0
25.753	-19.42	0
25.756	-19.41	0
25.761	-19.397	0
25.766	-19.385	0
25.77	-19.375	0
25.774	-19.363	0
25.779	-19.35	0
25.784	-19.338	0
25.787	-19.328	0
25.792	-19.316	0
25.797	-19.303	0
25.801	-19.293	0
25.805	-19.281	0
25.81	-19.269	0
25.814	-19.259	0
25.818	-19.247	0
25.823	-19.234	0
25.828	-19.222	0
25.831	-19.212	0
25.836	-19.2	0
25.841	-19.187	0
25.844	-19.177	0
25.849	-19.165	0
25.853	-19.153	0
25.857	-19.143	0
25.862	-19.13	0
25.866	-19.118	0
25.871	-19.106	0
25.875	-19.096	0
25.879	-19.083	0
25.884	-19.071	0
25.887	-19.061	0
25.892	-19.049	0
25.896	-19.036	0
25.9	-19.026	0
25.905	-19.014	0
25.909	-19.002	0
25.914	-18.989	0
25.917	-18.979	0
25.922	-18.967	0
25.926	-18.955	0
25.93	-18.945	0
25.935	-18.932	0
25.939	-18.92	0
25.943	-18.91	0
25.947	-18.898	0
25.952	-18.885	0
25.956	-18.873	0
25.96	-18.863	0
25.964	-18.851	0
25.969	-18.838	0
25.972	-18.828	0
25.977	-18.816	0
25.981	-18.804	0
25.985	-18.794	0
25.989	-18.781	0
25.993	-18.769	0
25.998	-18.756	0
26.001	-18.747	0
26.006	-18.734	0
26.01	-18.722	0
26.014	-18.712	0
26.018	-18.699	0
26.023	-18.687	0
26.026	-18.677	0
26.03	-18.665	0
26.035	-18.652	0
26.039	-18.64	0
26.043	-18.63	0
26.047	-18.618	0
26.051	-18.605	0
26.055	-18.595	0
26.059	-18.583	0
26.064	-18.571	0
26.067	-18.561	0
26.071	-18.548	0
26.076	-18.536	0
26.08	-18.523	0
26.084	-18.514	0
26.088	-18.501	0
26.092	-18.489	0
26.096	-18.479	0
26.1	-18.466	0
26.104	-18.454	0
26.108	-18.444	0
26.112	-18.432	0
26.116	-18.419	0
26.12	-18.407	0
26.124	-18.397	0
26.128	-18.385	0
26.132	-18.372	0
26.136	-18.362	0
26.14	-18.35	0
26.144	-18.337	0
26.148	-18.327	0
26.152	-18.315	0
26.156	-18.303	0
26.16	-18.29	0
26.164	-18.28	0
26.168	-18.268	0
26.172	-18.255	0
26.175	-18.246	0
26.18	-18.233	0
26.184	-18.221	0
26.187	-18.211	0
26.191	-18.198	0
26.195	-18.186	0
26.2	-18.174	0
26.203	-18.164	0
26.207	-18.151	0
26.211	-18.139	0
26.215	-18.129	0
26.219	-18.116	0
26.223	-18.104	0
26.226	-18.094	0
26.23	-18.082	0
26.234	-18.069	0
26.238	-18.057	0
26.242	-18.047	0
26.246	-18.034	0
26.25	-18.022	0
26.253	-18.012	0
26.257	-18	0
26.261	-17.987	0
26.265	-17.977	0
26.269	-17.965	0
26.273	-17.952	0
26.277	-17.94	0
26.28	-17.93	0
26.284	-17.918	0
26.288	-17.905	0
26.291	-17.895	0
26.295	-17.883	0
26.299	-17.87	0
26.303	-17.86	0
26.307	-17.848	0
26.311	-17.836	0
26.315	-17.823	0
26.318	-17.813	0
26.322	-17.801	0
26.326	-17.788	0
26.329	-17.778	0
26.333	-17.766	0
26.337	-17.754	0
26.34	-17.744	0
26.344	-17.731	0
26.348	-17.719	0
26.352	-17.706	0
26.355	-17.696	0
26.359	-17.684	0
26.363	-17.671	0
26.366	-17.662	0
26.37	-17.649	0
26.374	-17.637	0
26.377	-17.627	0
26.381	-17.614	0
26.385	-17.602	0
26.389	-17.589	0
26.392	-17.579	0
26.396	-17.567	0
26.4	-17.555	0
26.403	-17.545	0
26.407	-17.532	0
26.411	-17.52	0
26.414	-17.51	0
26.418	-17.497	0
26.421	-17.485	0
26.425	-17.472	0
26.428	-17.462	0
26.432	-17.45	0
26.436	-17.438	0
26.439	-17.428	0
26.443	-17.415	0
26.447	-17.403	0
26.45	-17.393	0
26.454	-17.38	0
26.457	-17.368	0
26.461	-17.355	0
26.464	-17.345	0
26.468	-17.333	0
26.472	-17.321	0
26.475	-17.311	0
26.479	-17.298	0
26.482	-17.286	0
26.485	-17.276	0
26.489	-17.263	0
26.493	-17.251	0
26.497	-17.238	0
26.5	-17.228	0
26.503	-17.216	0
26.507	-17.204	0
26.51	-17.194	0
26.514	-17.181	0
26.517	-17.169	0
26.52	-17.159	0
26.524	-17.146	0
26.528	-17.134	0
26.531	-17.121	0
26.534	-17.111	0
26.538	-17.099	0
26.542	-17.086	0
26.545	-17.076	0
26.548	-17.064	0
26.552	-17.052	0
26.555	-17.042	0
26.559	-17.029	0
26.562	-17.017	0
26.566	-17.004	0
26.569	-16.994	0
26.572	-16.982	0
26.576	-16.969	0
26.579	-16.959	0
26.582	-16.947	0
26.586	-16.934	0
26.589	-16.924	0
26.593	-16.912	0
26.596	-16.9	0
26.6	-16.887	0
26.603	-16.877	0
26.606	-16.865	0
26.61	-16.852	0
26.613	-16.842	0
26.616	-16.83	0
26.62	-16.817	0
26.623	-16.807	0
26.626	-16.795	0
26.63	-16.782	0
26.633	-16.77	0
26.636	-16.76	0
26.639	-16.748	0
26.643	-16.735	0
26.646	-16.725	0
26.649	-16.713	0
26.653	-16.7	0
26.656	-16.69	0
26.659	-16.678	0
26.663	-16.665	0
26.666	-16.653	0
26.669	-16.643	0
26.672	-16.63	0
26.676	-16.618	0
26.679	-16.608	0
26.682	-16.595	0
26.685	-16.583	0
26.688	-16.573	0
26.692	-16.561	0
26.695	-16.548	0
26.698	-16.536	0
26.701	-16.526	0
26.705	-16.513	0
26.708	-16.501	0
26.711	-16.491	0
26.714	-16.478	0
26.718	-16.466	0
26.72	-16.456	0
26.724	-16.443	0
26.727	-16.431	0
26.73	-16.418	0
26.733	-16.408	0
26.736	-16.396	0
26.74	-16.383	0
26.742	-16.373	0
26.746	-16.361	0
26.749	-16.348	0
26.752	-16.339	0
26.755	-16.326	0
26.759	-16.314	0
26.762	-16.301	0
26.764	-16.291	0
26.768	-16.279	0
26.771	-16.266	0
26.774	-16.256	0
26.777	-16.244	0
26.78	-16.231	0
26.783	-16.221	0
26.786	-16.209	0
26.789	-16.196	0
26.793	-16.184	0
26.795	-16.174	0
26.799	-16.161	0
26.802	-16.149	0
26.804	-16.139	0
26.808	-16.126	0
26.811	-16.114	0
26.814	-16.104	0
26.817	-16.092	0
26.82	-16.079	0
26.823	-16.067	0
26.826	-16.057	0
26.829	-16.044	0
26.832	-16.032	0
26.835	-16.022	0
26.838	-16.009	0
26.841	-15.997	0
26.844	-15.987	0
26.847	-15.974	0
26.85	-15.962	0
26.853	-15.949	0
26.856	-15.939	0
26.859	-15.927	0
26.862	-15.914	0
26.865	-15.904	0
26.868	-15.892	0
26.871	-15.879	0
26.873	-15.869	0
26.876	-15.857	0
26.88	-15.844	0
26.883	-15.832	0
26.885	-15.822	0
26.888	-15.809	0
26.891	-15.797	0
26.894	-15.787	0
26.897	-15.775	0
26.9	-15.762	0
26.902	-15.752	0
26.906	-15.74	0
26.909	-15.727	0
26.912	-15.715	0
26.914	-15.705	0
26.917	-15.692	0
26.92	-15.68	0
26.923	-15.67	0
26.926	-15.657	0
26.929	-15.645	0
26.931	-15.635	0
26.934	-15.622	0
26.937	-15.61	0
26.94	-15.597	0
26.943	-15.587	0
26.946	-15.575	0
26.949	-15.562	0
26.951	-15.552	0
26.954	-15.54	0
26.957	-15.527	0
26.959	-15.517	0
26.962	-15.505	0
26.965	-15.492	0
26.968	-15.48	0
26.971	-15.47	0
26.973	-15.457	0
26.976	-15.445	0
26.979	-15.435	0
26.982	-15.423	0
26.985	-15.41	0
26.987	-15.4	0
26.99	-15.388	0
26.993	-15.375	0
26.996	-15.363	0
26.998	-15.353	0
27.001	-15.34	0
27.004	-15.328	0
27.006	-15.318	0
27.009	-15.305	0
27.012	-15.293	0
27.014	-15.283	0
27.017	-15.27	0
27.02	-15.258	0
27.023	-15.245	0
27.025	-15.235	0
27.028	-15.223	0
27.031	-15.21	0
27.033	-15.2	0
27.036	-15.188	0
27.039	-15.175	0
27.041	-15.165	0
27.044	-15.153	0
27.046	-15.14	0
27.049	-15.128	0
27.052	-15.118	0
27.054	-15.105	0
27.057	-15.093	0
27.059	-15.083	0
27.062	-15.07	0
27.065	-15.058	0
27.067	-15.048	0
27.07	-15.035	0
27.073	-15.023	0
27.075	-15.011	0
27.078	-15.001	0
27.08	-14.988	0
27.083	-14.976	0
27.085	-14.966	0
27.088	-14.953	0
27.091	-14.941	0
27.093	-14.931	0
27.096	-14.918	0
27.098	-14.906	0
27.101	-14.893	0
27.103	-14.883	0
27.106	-14.871	0
27.108	-14.858	0
27.111	-14.848	0
27.113	-14.836	0
27.116	-14.823	0
27.118	-14.813	0
27.121	-14.801	0
27.123	-14.788	0
27.126	-14.776	0
27.128	-14.766	0
27.131	-14.753	0
27.133	-14.741	0
27.135	-14.731	0
27.138	-14.718	0
27.141	-14.706	0
27.143	-14.696	0
27.145	-14.683	0
27.148	-14.671	0
27.151	-14.658	0
27.153	-14.648	0
27.155	-14.636	0
27.158	-14.623	0
27.16	-14.613	0
27.162	-14.601	0
27.165	-14.588	0
27.167	-14.579	0
27.17	-14.566	0
27.172	-14.554	0
27.175	-14.541	0
27.177	-14.531	0
27.179	-14.519	0
27.182	-14.506	0
27.184	-14.496	0
27.186	-14.484	0
27.189	-14.471	0
27.191	-14.461	0
27.193	-14.449	0
27.196	-14.436	0
27.198	-14.424	0
27.2	-14.414	0
27.203	-14.401	0
27.205	-14.389	0
27.207	-14.379	0
27.21	-14.366	0
27.212	-14.354	0
27.214	-14.344	0
27.217	-14.331	0
27.219	-14.319	0
27.222	-14.306	0
27.224	-14.296	0
27.226	-14.284	0
27.228	-14.271	0
27.23	-14.261	0
27.233	-14.249	0
27.235	-14.236	0
27.237	-14.226	0
27.239	-14.214	0
27.242	-14.201	0
27.244	-14.189	0
27.246	-14.179	0
27.249	-14.167	0
27.251	-14.154	0
27.253	-14.144	0
27.255	-14.132	0
27.258	-14.119	0
27.259	-14.109	0
27.262	-14.097	0
27.264	-14.084	0
27.266	-14.072	0
27.268	-14.062	0
27.271	-14.049	0
27.273	-14.037	0
27.275	-14.027	0
27.277	-14.014	0
27.279	-14.002	0
27.281	-13.992	0
27.284	-13.979	0
27.286	-13.967	0
27.288	-13.954	0
27.29	-13.944	0
27.292	-13.932	0
27.295	-13.919	0
27.296	-13.909	0
27.299	-13.897	0
27.301	-13.884	0
27.303	-13.874	0
27.305	-13.862	0
27.307	-13.849	0
27.309	-13.837	0
27.311	-13.827	0
27.313	-13.815	0
27.316	-13.802	0
27.317	-13.792	0
27.32	-13.78	0
27.322	-13.767	0
27.324	-13.757	0
27.326	-13.745	0
27.328	-13.732	0
27.33	-13.72	0
27.332	-13.71	0
27.334	-13.697	0
27.336	-13.685	0
27.338	-13.675	0
27.34	-13.662	0
27.342	-13.65	0
27.344	-13.64	0
27.346	-13.627	0
27.348	-13.615	0
27.351	-13.602	0
27.352	-13.592	0
27.354	-13.58	0
27.357	-13.567	0
27.358	-13.557	0
27.36	-13.545	0
27.362	-13.532	0
27.364	-13.522	0
27.366	-13.51	0
27.368	-13.498	0
27.37	-13.485	0
27.372	-13.475	0
27.374	-13.463	0
27.376	-13.45	0
27.378	-13.44	0
27.38	-13.428	0
27.382	-13.415	0
27.384	-13.405	0
27.386	-13.393	0
27.388	-13.38	0
27.39	-13.368	0
27.391	-13.358	0
27.393	-13.345	0
27.395	-13.333	0
27.397	-13.323	0
27.399	-13.31	0
27.401	-13.298	0
27.403	-13.288	0
27.405	-13.275	0
27.407	-13.263	0
27.409	-13.25	0
27.41	-13.241	0
27.412	-13.228	0
27.414	-13.216	0
27.416	-13.206	0
27.418	-13.193	0
27.42	-13.181	0
27.421	-13.171	0
27.423	-13.158	0
27.425	-13.146	0
27.427	-13.133	0
27.429	-13.123	0
27.431	-13.111	0
27.432	-13.098	0
27.434	-13.088	0
27.436	-13.076	0
27.438	-13.063	0
27.439	-13.053	0
27.441	-13.041	0
27.443	-13.028	0
27.445	-13.016	0
27.447	-13.006	0
27.448	-12.994	0
27.45	-12.981	0
27.452	-12.971	0
27.454	-12.959	0
27.455	-12.946	0
27.457	-12.936	0
27.459	-12.924	0
27.461	-12.911	0
27.462	-12.899	0
27.464	-12.889	0
27.466	-12.876	0
27.468	-12.864	0
27.469	-12.854	0
27.471	-12.841	0
27.473	-12.829	0
27.474	-12.819	0
27.476	-12.806	0
27.478	-12.794	0
27.479	-12.782	0
27.481	-12.772	0
27.483	-12.759	0
27.484	-12.747	0
27.486	-12.737	0
27.488	-12.724	0
27.489	-12.712	0
27.491	-12.702	0
27.493	-12.689	0
27.494	-12.677	0
27.496	-12.664	0
27.497	-12.654	0
27.499	-12.642	0
27.501	-12.629	0
27.502	-12.619	0
27.504	-12.607	0
27.506	-12.595	0
27.507	-12.585	0
27.509	-12.572	0
27.51	-12.56	0
27.512	-12.547	0
27.513	-12.537	0
27.515	-12.525	0
27.517	-12.512	0
27.518	-12.502	0
27.52	-12.49	0
27.521	-12.477	0
27.523	-12.467	0
27.524	-12.455	0
27.526	-12.442	0
27.528	-12.43	0
27.529	-12.42	0
27.531	-12.408	0
27.532	-12.395	0
27.534	-12.385	0
27.535	-12.373	0
27.537	-12.36	0
27.538	-12.35	0
27.54	-12.338	0
27.541	-12.325	0
27.543	-12.313	0
27.544	-12.303	0
27.546	-12.29	0
27.547	-12.278	0
27.549	-12.268	0
27.55	-12.255	0
27.552	-12.243	0
27.553	-12.233	0
27.554	-12.221	0
27.556	-12.208	0
27.558	-12.196	0
27.559	-12.186	0
27.56	-12.173	0
27.562	-12.161	0
27.563	-12.151	0
27.565	-12.138	0
27.566	-12.126	0
27.567	-12.116	0
27.569	-12.103	0
27.57	-12.091	0
27.572	-12.079	0
27.573	-12.069	0
27.574	-12.056	0
27.576	-12.044	0
27.577	-12.034	0
27.579	-12.021	0
27.58	-12.009	0
27.581	-11.999	0
27.583	-11.986	0
27.584	-11.974	0
27.586	-11.961	0
27.587	-11.951	0
27.588	-11.939	0
27.59	-11.927	0
27.591	-11.917	0
27.592	-11.904	0
27.594	-11.892	0
27.595	-11.882	0
27.596	-11.869	0
27.597	-11.857	0
27.599	-11.844	0
27.6	-11.834	0
27.601	-11.822	0
27.603	-11.809	0
27.604	-11.799	0
27.605	-11.787	0
27.607	-11.775	0
27.608	-11.765	0
27.609	-11.752	0
27.61	-11.74	0
27.612	-11.727	0
27.613	-11.717	0
27.614	-11.705	0
27.615	-11.692	0
27.617	-11.682	0
27.618	-11.67	0
27.619	-11.657	0
27.62	-11.647	0
27.622	-11.635	0
27.623	-11.623	0
27.624	-11.61	0
27.625	-11.6	0
27.626	-11.588	0
27.628	-11.575	0
27.629	-11.565	0
27.63	-11.553	0
27.631	-11.54	0
27.632	-11.53	0
27.634	-11.518	0
27.635	-11.505	0
27.636	-11.493	0
27.637	-11.483	0
27.638	-11.471	0
27.64	-11.458	0
27.641	-11.448	0
27.642	-11.436	0
27.643	-11.423	0
27.644	-11.413	0
27.645	-11.401	0
27.646	-11.388	0
27.648	-11.376	0
27.649	-11.366	0
27.65	-11.354	0
27.651	-11.341	0
27.652	-11.331	0
27.653	-11.319	0
27.654	-11.306	0
27.655	-11.296	0
27.656	-11.284	0
27.657	-11.271	0
27.659	-11.259	0
27.66	-11.249	0
27.661	-11.236	0
27.662	-11.224	0
27.663	-11.214	0
27.664	-11.202	0
27.665	-11.189	0
27.666	-11.179	0
27.667	-11.167	0
27.668	-11.154	0
27.669	-11.142	0
27.67	-11.132	0
27.671	-11.119	0
27.672	-11.107	0
27.673	-11.097	0
27.674	-11.085	0
27.675	-11.072	0
27.676	-11.062	0
27.677	-11.05	0
27.678	-11.037	0
27.679	-11.025	0
27.68	-11.015	0
27.681	-11.002	0
27.682	-10.99	0
27.683	-10.98	0
27.684	-10.968	0
27.685	-10.955	0
27.686	-10.945	0
27.687	-10.933	0
27.688	-10.92	0
27.689	-10.908	0
27.69	-10.898	0
27.691	-10.885	0
27.692	-10.873	0
27.693	-10.863	0
27.694	-10.85	0
27.695	-10.838	0
27.695	-10.828	0
27.696	-10.816	0
27.697	-10.803	0
27.698	-10.791	0
27.699	-10.781	0
27.7	-10.768	0
27.701	-10.756	0
27.702	-10.746	0
27.703	-10.733	0
27.704	-10.721	0
27.704	-10.711	0
27.705	-10.699	0
27.706	-10.686	0
27.707	-10.674	0
27.708	-10.664	0
27.709	-10.651	0
27.71	-10.639	0
27.71	-10.629	0
27.711	-10.616	0
27.712	-10.604	0
27.713	-10.594	0
27.714	-10.582	0
27.715	-10.569	0
27.716	-10.557	0
27.716	-10.547	0
27.717	-10.534	0
27.718	-10.522	0
27.719	-10.512	0
27.72	-10.499	0
27.72	-10.487	0
27.721	-10.477	0
27.722	-10.465	0
27.723	-10.452	0
27.724	-10.44	0
27.724	-10.43	0
27.725	-10.417	0
27.726	-10.405	0
27.726	-10.395	0
27.727	-10.382	0
27.728	-10.37	0
27.729	-10.36	0
27.729	-10.348	0
27.73	-10.335	0
27.731	-10.323	0
27.732	-10.313	0
27.732	-10.3	0
27.733	-10.288	0
27.734	-10.278	0
27.735	-10.265	0
27.735	-10.253	0
27.736	-10.243	0
27.737	-10.231	0
27.737	-10.218	0
27.738	-10.206	0
27.739	-10.196	0
27.739	-10.183	0
27.74	-10.171	0
27.741	-10.161	0
27.741	-10.148	0
27.742	-10.136	0
27.743	-10.126	0
27.743	-10.114	0
27.744	-10.101	0
27.745	-10.089	0
27.745	-10.079	0
27.746	-10.066	0
27.747	-10.054	0
27.747	-10.044	0
27.748	-10.031	0
27.748	-10.019	0
27.749	-10.009	0
27.75	-9.9966	0
27.75	-9.9841	0
27.751	-9.9717	0
27.751	-9.9617	0
27.752	-9.9493	0
27.753	-9.9368	0
27.753	-9.9269	0
27.754	-9.9144	0
27.754	-9.902	0
27.755	-9.892	0
27.755	-9.8796	0
27.756	-9.8671	0
27.757	-9.8547	0
27.757	-9.8447	0
27.758	-9.8323	0
27.758	-9.8198	0
27.759	-9.8099	0
27.759	-9.7974	0
27.76	-9.785	0
27.76	-9.775	0
27.761	-9.7626	0
27.761	-9.7501	0
27.762	-9.7377	0
27.762	-9.7277	0
27.763	-9.7153	0
27.764	-9.7028	0
27.764	-9.6929	0
27.764	-9.6804	0
27.765	-9.668	0
27.765	-9.658	0
27.766	-9.6456	0
27.766	-9.6331	0
27.767	-9.6207	0
27.767	-9.6107	0
27.768	-9.5983	0
27.768	-9.5858	0
27.769	-9.5759	0
27.769	-9.5634	0
27.77	-9.551	0
27.77	-9.541	0
27.77	-9.5286	0
27.771	-9.5161	0
27.771	-9.5037	0
27.772	-9.4937	0
27.772	-9.4813	0
27.773	-9.4688	0
27.773	-9.4589	0
27.773	-9.4464	0
27.774	-9.434	0
27.774	-9.424	0
27.775	-9.4116	0
27.775	-9.3991	0
27.775	-9.3867	0
27.776	-9.3767	0
27.776	-9.3643	0
27.777	-9.3518	0
27.777	-9.3419	0
27.777	-9.3294	0
27.778	-9.317	0
27.778	-9.307	0
27.778	-9.2945	0
27.779	-9.2821	0
27.779	-9.2696	0
27.779	-9.2597	0
27.78	-9.2472	0
27.78	-9.2348	0
27.78	-9.2248	0
27.781	-9.2124	0
27.781	-9.1999	0
27.781	-9.19	0
27.782	-9.1775	0
27.782	-9.1651	0
27.782	-9.1526	0
27.782	-9.1427	0
27.783	-9.1302	0
27.783	-9.1177	0
27.783	-9.1078	0
27.784	-9.0953	0
27.784	-9.0829	0
27.784	-9.0729	0
27.784	-9.0605	0
27.785	-9.048	0
27.785	-9.0356	0
27.785	-9.0256	0
27.786	-9.0131	0
27.786	-9.0007	0
27.786	-8.9907	0
27.786	-8.9783	0
27.786	-8.9658	0
27.787	-8.9559	0
27.787	-8.9434	0
27.787	-8.9309	0
27.787	-8.9185	0
27.788	-8.9085	0
27.788	-8.8961	0
27.788	-8.8836	0
27.788	-8.8737	0
27.788	-8.8612	0
27.789	-8.8487	0
27.789	-8.8388	0
27.789	-8.8263	0
27.789	-8.8139	0
27.789	-8.8014	0
27.789	-8.7914	0
27.79	-8.779	0
27.79	-8.7665	0
27.79	-8.7566	0
27.79	-8.7441	0
27.79	-8.7316	0
27.79	-8.7217	0
27.791	-8.7092	0
27.791	-8.6967	0
27.791	-8.6843	0
27.791	-8.6743	0
27.791	-8.6619	0
27.791	-8.6494	0
27.791	-8.6394	0
27.791	-8.627	0
27.792	-8.6145	0
27.792	-8.6045	0
27.792	-8.5921	0
27.792	-8.5796	0
27.792	-8.5671	0
27.792	-8.5572	0
27.792	-8.5447	0
27.792	-8.5322	0
27.792	-8.5223	0
27.792	-8.5098	0
27.792	-8.4973	0
27.792	-8.4874	0
27.793	-8.4749	0
27.793	-8.4624	0
27.793	-8.45	0
27.793	-8.44	0
27.793	-8.4275	0
27.793	-8.415	0
27.793	-8.4051	0
27.793	-8.3926	0
27.793	-8.3801	0
27.793	-8.3702	0
27.793	-8.3577	0
27.793	-8.3452	0
27.793	-8.3327	0
27.793	-8.3228	0
27.793	-8.3103	0
27.793	-8.2978	0
27.793	-8.2878	0
27.793	-8.2754	0
27.793	-8.2629	0
27.793	-8.2529	0
27.793	-8.2404	0
27.793	-8.228	0
27.793	-8.2155	0
27.793	-8.2055	0
27.793	-8.193	0
27.793	-8.1805	0
27.793	-8.1706	0
27.793	-8.1581	0
27.793	-8.1456	0
27.792	-8.1356	0
27.792	-8.1231	0
27.792	-8.1107	0
27.792	-8.0982	0
27.792	-8.0882	0
27.792	-8.0757	0
27.792	-8.0632	0
27.792	-8.0532	0
27.792	-8.0407	0
27.792	-8.0283	0
27.792	-8.0183	0
27.792	-8.0058	0
27.791	-7.9933	0
27.791	-7.9808	0
27.791	-7.9708	0
27.791	-7.9583	0
27.791	-7.9458	0
27.791	-7.9358	0
27.791	-7.9234	0
27.791	-7.9109	0
27.79	-7.9009	0
27.79	-7.8884	0
27.79	-7.8759	0
27.79	-7.8634	0
27.79	-7.8534	0
27.79	-7.8409	0
27.79	-7.8284	0
27.789	-7.8184	0
27.789	-7.8059	0
27.789	-7.7934	0
27.789	-7.7834	0
27.789	-7.7709	0
27.788	-7.7584	0
27.788	-7.7459	0
27.788	-7.7359	0
27.788	-7.7234	0
27.788	-7.7109	0
27.787	-7.7009	0
27.787	-7.6884	0
27.787	-7.6759	0
27.787	-7.6659	0
27.787	-7.6533	0
27.786	-7.6408	0
27.786	-7.6283	0
27.786	-7.6183	0
27.786	-7.6058	0
27.785	-7.5933	0
27.785	-7.5833	0
27.785	-7.5708	0
27.785	-7.5582	0
27.784	-7.5482	0
27.784	-7.5357	0
27.784	-7.5232	0
27.784	-7.5107	0
27.783	-7.5007	0
27.783	-7.4881	0
27.783	-7.4756	0
27.782	-7.4656	0
27.782	-7.4531	0
27.782	-7.4405	0
27.782	-7.4305	0
27.781	-7.418	0
27.781	-7.4055	0
27.781	-7.3929	0
27.78	-7.3829	0
27.78	-7.3704	0
27.78	-7.3578	0
27.779	-7.3478	0
27.779	-7.3353	0
27.779	-7.3227	0
27.778	-7.3127	0
27.778	-7.3002	0
27.778	-7.2876	0
27.777	-7.2751	0
27.777	-7.265	0
27.777	-7.2525	0
27.776	-7.2399	0
27.776	-7.2299	0
27.776	-7.2174	0
27.775	-7.2048	0
27.775	-7.1948	0
27.774	-7.1822	0
27.774	-7.1697	0
27.774	-7.1571	0
27.773	-7.1471	0
27.773	-7.1345	0
27.772	-7.1219	0
27.772	-7.1119	0
27.772	-7.0993	0
27.771	-7.0868	0
27.771	-7.0767	0
27.77	-7.0642	0
27.77	-7.0516	0
27.769	-7.039	0
27.769	-7.029	0
27.769	-7.0164	0
27.768	-7.0038	0
27.768	-6.9938	0
27.767	-6.9812	0
27.767	-6.9686	0
27.766	-6.9585	0
27.766	-6.946	0
27.765	-6.9334	0
27.765	-6.9208	0
27.765	-6.9107	0
27.764	-6.8981	0
27.764	-6.8855	0
27.763	-6.8755	0
27.763	-6.8629	0
27.762	-6.8503	0
27.762	-6.8402	0
27.761	-6.8276	0
27.761	-6.815	0
27.76	-6.8024	0
27.76	-6.7923	0
27.759	-6.7797	0
27.759	-6.7671	0
27.758	-6.757	0
27.758	-6.7444	0
27.757	-6.7318	0
27.757	-6.7217	0
27.756	-6.7091	0
27.755	-6.6965	0
27.755	-6.6839	0
27.754	-6.6738	0
27.754	-6.6611	0
27.753	-6.6485	0
27.753	-6.6384	0
27.752	-6.6258	0
27.751	-6.6131	0
27.751	-6.603	0
27.75	-6.5904	0
27.75	-6.5778	0
27.749	-6.5651	0
27.749	-6.555	0
27.748	-6.5424	0
27.747	-6.5297	0
27.747	-6.5196	0
27.746	-6.507	0
27.746	-6.4943	0
27.745	-6.4842	0
27.744	-6.4715	0
27.744	-6.4589	0
27.743	-6.4462	0
27.743	-6.4361	0
27.742	-6.4234	0
27.741	-6.4107	0
27.741	-6.4006	0
27.74	-6.3879	0
27.739	-6.3752	0
27.739	-6.3651	0
27.738	-6.3524	0
27.737	-6.3397	0
27.737	-6.327	0
27.736	-6.3169	0
27.735	-6.3042	0
27.735	-6.2915	0
27.734	-6.2813	0
27.733	-6.2686	0
27.733	-6.2559	0
27.732	-6.2458	0
27.731	-6.2331	0
27.731	-6.2203	0
27.73	-6.2076	0
27.729	-6.1975	0
27.729	-6.1847	0
27.728	-6.172	0
27.727	-6.1618	0
27.726	-6.1491	0
27.726	-6.1364	0
27.725	-6.1262	0
27.724	-6.1135	0
27.724	-6.1007	0
27.723	-6.088	0
27.722	-6.0778	0
27.721	-6.065	0
27.721	-6.0523	0
27.72	-6.0421	0
27.719	-6.0293	0
27.718	-6.0165	0
27.718	-6.0063	0
27.717	-5.9936	0
27.716	-5.9808	0
27.715	-5.968	0
27.715	-5.9578	0
27.714	-5.945	0
27.713	-5.9322	0
27.712	-5.922	0
27.711	-5.9092	0
27.711	-5.8964	0
27.71	-5.8862	0
27.709	-5.8733	0
27.708	-5.8605	0
27.707	-5.8477	0
27.707	-5.8375	0
27.706	-5.8247	0
27.705	-5.8118	0
27.704	-5.8016	0
27.703	-5.7887	0
27.702	-5.7759	0
27.702	-5.7656	0
27.701	-5.7528	0
27.7	-5.7399	0
27.699	-5.7271	0
27.698	-5.7168	0
27.697	-5.704	0
27.697	-5.6911	0
27.696	-5.6808	0
27.695	-5.6679	0
27.694	-5.6551	0
27.693	-5.6447	0
27.692	-5.6319	0
27.691	-5.619	0
27.69	-5.6061	0
27.69	-5.5958	0
27.689	-5.5829	0
27.688	-5.57	0
27.687	-5.5596	0
27.686	-5.5467	0
27.685	-5.5338	0
27.684	-5.5235	0
27.683	-5.5105	0
27.682	-5.4976	0
27.681	-5.4846	0
27.681	-5.4743	0
27.68	-5.4613	0
27.679	-5.4484	0
27.678	-5.438	0
27.677	-5.4251	0
27.676	-5.4121	0
27.675	-5.4017	0
27.674	-5.3887	0
27.673	-5.3757	0
27.672	-5.3627	0
27.671	-5.3524	0
27.67	-5.3394	0
27.669	-5.3263	0
27.668	-5.3159	0
27.667	-5.3029	0
27.666	-5.2899	0
27.666	-5.2795	0
27.665	-5.2664	0
27.663	-5.2534	0
27.662	-5.2403	0
27.662	-5.2299	0
27.661	-5.2168	0
27.659	-5.2038	0
27.659	-5.1933	0
27.658	-5.1802	0
27.657	-5.1672	0
27.656	-5.1567	0
27.655	-5.1436	0
27.653	-5.1305	0
27.652	-5.1174	0
27.652	-5.1069	0
27.65	-5.0938	0
27.649	-5.0806	0
27.648	-5.0701	0
27.647	-5.057	0
27.646	-5.0438	0
27.645	-5.0333	0
27.644	-5.0202	0
27.643	-5.007	0
27.642	-4.9938	0
27.641	-4.9833	0
27.64	-4.9701	0
27.639	-4.9569	0
27.638	-4.9463	0
27.637	-4.9331	0
27.636	-4.9199	0
27.635	-4.9093	0
27.634	-4.8961	0
27.632	-4.8828	0
27.631	-4.8696	0
27.63	-4.859	0
27.629	-4.8457	0
27.628	-4.8324	0
27.627	-4.8218	0
27.626	-4.8085	0
27.625	-4.7952	0
27.624	-4.7846	0
27.623	-4.7713	0
27.621	-4.7579	0
27.62	-4.7446	0
27.619	-4.7339	0
27.618	-4.7206	0
27.617	-4.7072	0
27.616	-4.6966	0
27.615	-4.6832	0
27.613	-4.6698	0
27.613	-4.6591	0
27.611	-4.6457	0
27.61	-4.6323	0
27.609	-4.6188	0
27.608	-4.6081	0
27.607	-4.5947	0
27.605	-4.5812	0
27.604	-4.5705	0
27.603	-4.557	0
27.602	-4.5435	0
27.601	-4.5327	0
27.6	-4.5192	0
27.598	-4.5057	0
27.597	-4.4922	0
27.596	-4.4814	0
27.595	-4.4678	0
27.594	-4.4543	0
27.593	-4.4434	0
27.591	-4.4299	0
27.59	-4.4163	0
27.589	-4.4054	0
27.588	-4.3918	0
27.586	-4.3782	0
27.585	-4.3646	0
27.584	-4.3537	0
27.583	-4.34	0
27.581	-4.3264	0
27.58	-4.3154	0
27.579	-4.3018	0
27.578	-4.2881	0
27.577	-4.2771	0
27.575	-4.2634	0
27.574	-4.2497	0
27.573	-4.2359	0
27.572	-4.2249	0
27.57	-4.2111	0
27.569	-4.1974	0
27.568	-4.1863	0
27.566	-4.1725	0
27.565	-4.1587	0
27.564	-4.1476	0
27.563	-4.1338	0
27.561	-4.1194	0
27.56	-4.1047	0
27.559	-4.0927	0
27.557	-4.0775	0
27.556	-4.0622	0
27.554	-4.0496	0
27.553	-4.0338	0
27.551	-4.0179	0
27.55	-4.0049	0
27.548	-3.9886	0
27.547	-3.9722	0
27.545	-3.9555	0
27.544	-3.9421	0
27.542	-3.9253	0
27.541	-3.9082	0
27.539	-3.8944	0
27.538	-3.8773	0
27.536	-3.8598	0
27.535	-3.8458	0
27.533	-3.8282	0
27.531	-3.8104	0
27.53	-3.7925	0
27.528	-3.7781	0
27.527	-3.7601	0
27.525	-3.7419	0
27.524	-3.7273	0
27.522	-3.7089	0
27.52	-3.6904	0
27.519	-3.6756	0
27.517	-3.6568	0
27.515	-3.638	0
27.514	-3.6192	0
27.512	-3.604	0
27.511	-3.5849	0
27.509	-3.5657	0
27.508	-3.5502	0
27.506	-3.5309	0
27.504	-3.5114	0
27.503	-3.4957	0
27.501	-3.4761	0
27.5	-3.4563	0
27.498	-3.4365	0
27.497	-3.4205	0
27.495	-3.4005	0
27.493	-3.3803	0
27.492	-3.3642	0
27.49	-3.3439	0
27.489	-3.3234	0
27.487	-3.307	0
27.486	-3.2864	0
27.484	-3.2658	0
27.483	-3.245	0
27.481	-3.2283	0
27.48	-3.2073	0
27.478	-3.1863	0
27.477	-3.1694	0
27.475	-3.1482	0
27.474	-3.1268	0
27.473	-3.1097	0
27.471	-3.0882	0
27.47	-3.0666	0
27.468	-3.045	0
27.467	-3.0276	0
27.465	-3.0057	0
27.464	-2.9837	0
27.463	-2.9661	0
27.461	-2.944	0
27.46	-2.9218	0
27.459	-2.904	0
27.458	-2.8816	0
27.456	-2.8591	0
27.455	-2.8365	0
27.454	-2.8184	0
27.452	-2.7957	0
27.451	-2.7729	0
27.45	-2.7545	0
27.449	-2.7315	0
27.448	-2.7085	0
27.447	-2.69	0
27.445	-2.6668	0
27.444	-2.6434	0
27.443	-2.62	0
27.442	-2.6012	0
27.441	-2.5776	0
27.44	-2.554	0
27.439	-2.535	0
27.438	-2.5114	0
27.437	-2.4878	0
27.436	-2.469	0
27.435	-2.4453	0
27.434	-2.4216	0
27.433	-2.3978	0
27.433	-2.3788	0
27.432	-2.3552	0
27.431	-2.3318	0
27.43	-2.3129	0
27.43	-2.2894	0
27.429	-2.2657	0
27.428	-2.2468	0
27.427	-2.2231	0
27.427	-2.1997	0
27.426	-2.1764	0
27.426	-2.1576	0
27.425	-2.1341	0
27.424	-2.1106	0
27.424	-2.0917	0
27.423	-2.0683	0
27.423	-2.0451	0
27.423	-2.0265	0
27.422	-2.0032	0
27.422	-1.9798	0
27.421	-1.9564	0
27.421	-1.9377	0
27.421	-1.9145	0
27.42	-1.8914	0
27.42	-1.8729	0
27.42	-1.8498	0
27.419	-1.8266	0
27.419	-1.808	0
27.419	-1.7848	0
27.419	-1.7618	0
27.419	-1.7389	0
27.418	-1.7206	0
27.418	-1.6977	0
27.418	-1.6747	0
27.418	-1.6563	0
27.418	-1.6333	0
27.418	-1.6105	0
27.418	-1.5924	0
27.418	-1.5697	0
27.418	-1.547	0
27.418	-1.5243	0
27.418	-1.5061	0
27.418	-1.4833	0
27.418	-1.4607	0
27.419	-1.4428	0
27.419	-1.4204	0
27.419	-1.398	0
27.419	-1.38	0
27.419	-1.3575	0
27.419	-1.335	0
27.42	-1.3127	0
27.42	-1.295	0
27.42	-1.2729	0
27.42	-1.2507	0
27.421	-1.233	0
27.421	-1.2109	0
27.421	-1.1887	0
27.422	-1.1709	0
27.422	-1.1491	0
27.423	-1.1273	0
27.423	-1.1055	0
27.423	-1.088	0
27.424	-1.0662	0
27.424	-1.0444	0
27.425	-1.0269	0
27.425	-1.0053	0
27.426	-0.98383	0
27.426	-0.96667	0
27.427	-0.94522	0
27.427	-0.92376	0
27.428	-0.9023	0
27.429	-0.88513	0
27.429	-0.86368	0
27.43	-0.84258	0
27.43	-0.82573	0
27.431	-0.80466	0
27.432	-0.78359	0
27.432	-0.76673	0
27.433	-0.74566	0
27.434	-0.7246	0
27.434	-0.70368	0
27.435	-0.68715	0
27.436	-0.66648	0
27.437	-0.64582	0
27.437	-0.62929	0
27.438	-0.60864	0
27.439	-0.58799	0
27.44	-0.57148	0
27.44	-0.55103	0
27.441	-0.53078	0
27.442	-0.51054	0
27.443	-0.49435	0
27.444	-0.47413	0
27.445	-0.45391	0
27.445	-0.43775	0
27.446	-0.41755	0
27.447	-0.39762	0
27.448	-0.38177	0
27.449	-0.36198	0
27.45	-0.34219	0
27.451	-0.32242	0
27.452	-0.30661	0
27.453	-0.28686	0
27.454	-0.26712	0
27.454	-0.25156	0
27.455	-0.23221	0
27.456	-0.21287	0
27.457	-0.19741	0
27.458	-0.1781	0
27.459	-0.1588	0
27.46	-0.13952	0
27.461	-0.12411	0
27.462	-0.10508	0
27.463	-0.086187	0
27.464	-0.071089	0
27.465	-0.05223	0
27.466	-0.033389	0
27.467	-0.018328	0
27.468	0.00048188	0
27.469	0.019274	0
27.47	0.037859	0
27.471	0.052596	0
27.472	0.071	0
27.473	0.089387	0
27.474	0.10408	0
27.475	0.12244	0
27.477	0.14077	0
27.478	0.15542	0
27.479	0.17366	0
27.48	0.19162	0
27.481	0.20955	0
27.482	0.22388	0
27.483	0.24178	0
27.484	0.25966	0
27.485	0.27395	0
27.486	0.2918	0
27.487	0.30962	0
27.488	0.32366	0
27.489	0.34116	0
27.491	0.35864	0
27.492	0.3761	0
27.493	0.39005	0
27.494	0.40747	0
27.495	0.42487	0
27.496	0.43878	0
27.497	0.45613	0
27.498	0.47342	0
27.499	0.48723	0
27.501	0.50449	0
27.502	0.52172	0
27.503	0.53893	0
27.504	0.55268	0
27.505	0.56986	0
27.506	0.58701	0
27.507	0.60072	0
27.509	0.61783	0
27.51	0.63492	0
27.511	0.64858	0
27.512	0.66564	0
27.513	0.68267	0
27.514	0.69968	0
27.515	0.71327	0
27.517	0.73024	0
27.518	0.74719	0
27.519	0.76073	0
27.52	0.77764	0
27.521	0.79453	0
27.522	0.80802	0
27.524	0.82487	0
27.525	0.84169	0
27.526	0.85849	0
27.527	0.87192	0
27.528	0.88868	0
27.53	0.90542	0
27.531	0.91879	0
27.532	0.93549	0
27.533	0.95216	0
27.534	0.96548	0
27.536	0.98212	0
27.537	0.99873	0
27.538	1.0153	0
27.539	1.0286	0
27.54	1.0451	0
27.542	1.0616	0
27.543	1.0748	0
27.544	1.0913	0
27.545	1.1078	0
27.546	1.1209	0
27.548	1.1373	0
27.549	1.1537	0
27.55	1.1701	0
27.551	1.1832	0
27.553	1.1995	0
27.554	1.2158	0
27.555	1.2288	0
27.556	1.2451	0
27.558	1.2614	0
27.559	1.2743	0
27.56	1.2905	0
27.561	1.3067	0
27.563	1.3229	0
27.564	1.3358	0
27.565	1.3519	0
27.566	1.368	0
27.567	1.3808	0
27.569	1.3969	0
27.57	1.4129	0
27.571	1.4257	0
27.572	1.4417	0
27.574	1.4576	0
27.575	1.4736	0
27.576	1.4863	0
27.577	1.5022	0
27.579	1.5181	0
27.58	1.5307	0
27.581	1.5466	0
27.582	1.5624	0
27.583	1.575	0
27.585	1.5908	0
27.586	1.6065	0
27.587	1.6222	0
27.588	1.6348	0
27.59	1.6505	0
27.591	1.6661	0
27.592	1.6787	0
27.593	1.6943	0
27.595	1.7099	0
27.596	1.7223	0
27.597	1.7379	0
27.598	1.7534	0
27.6	1.7689	0
27.601	1.7813	0
27.602	1.7968	0
27.603	1.8123	0
27.604	1.8246	0
27.606	1.84	0
27.607	1.8554	0
27.608	1.8677	0
27.609	1.8831	0
27.611	1.8984	0
27.612	1.9137	0
27.613	1.9259	0
27.614	1.9412	0
27.616	1.9564	0
27.617	1.9686	0
27.618	1.9838	0
27.619	1.999	0
27.62	2.0112	0
27.622	2.0263	0
27.623	2.0415	0
27.624	2.0566	0
27.625	2.0686	0
27.627	2.0837	0
27.628	2.0988	0
27.629	2.1108	0
27.63	2.1258	0
27.632	2.1408	0
27.633	2.1528	0
27.634	2.1677	0
27.635	2.1827	0
27.637	2.1976	0
27.638	2.2095	0
27.639	2.2244	0
27.64	2.2393	0
27.641	2.2512	0
27.642	2.266	0
27.644	2.2808	0
27.645	2.2926	0
27.646	2.3074	0
27.647	2.3222	0
27.649	2.3369	0
27.65	2.3487	0
27.651	2.3634	0
27.652	2.3781	0
27.653	2.3898	0
27.654	2.4045	0
27.656	2.4191	0
27.657	2.4308	0
27.658	2.4454	0
27.659	2.46	0
27.661	2.4745	0
27.662	2.4862	0
27.663	2.5007	0
27.664	2.5152	0
27.665	2.5268	0
27.666	2.5413	0
27.668	2.5558	0
27.669	2.5673	0
27.67	2.5817	0
27.671	2.5962	0
27.672	2.6106	0
27.673	2.6221	0
27.675	2.6364	0
27.676	2.6508	0
27.677	2.6622	0
27.678	2.6766	0
27.679	2.6909	0
27.68	2.7023	0
27.681	2.7166	0
27.683	2.7308	0
27.684	2.7451	0
27.685	2.7564	0
27.686	2.7706	0
27.687	2.7848	0
27.688	2.7962	0
27.69	2.8103	0
27.691	2.8245	0
27.692	2.8358	0
27.693	2.85	0
27.694	2.8641	0
27.695	2.8783	0
27.696	2.8896	0
27.698	2.9036	0
27.699	2.9177	0
27.7	2.929	0
27.701	2.9432	0
27.702	2.9574	0
27.703	2.9688	0
27.704	2.983	0
27.705	2.9972	0
27.707	3.0113	0
27.708	3.0226	0
27.709	3.0368	0
27.71	3.051	0
27.711	3.0625	0
27.712	3.0768	0
27.713	3.0911	0
27.714	3.1025	0
27.716	3.1168	0
27.717	3.131	0
27.718	3.1453	0
27.719	3.1568	0
27.72	3.1712	0
27.721	3.1856	0
27.722	3.1971	0
27.724	3.2115	0
27.725	3.2259	0
27.726	3.2373	0
27.727	3.2517	0
27.728	3.2662	0
27.729	3.2807	0
27.73	3.2923	0
27.732	3.3068	0
27.733	3.3213	0
27.734	3.3329	0
27.735	3.3473	0
27.736	3.3619	0
27.737	3.3736	0
27.738	3.3883	0
27.74	3.4029	0
27.741	3.4175	0
27.742	3.4292	0
27.743	3.4438	0
27.744	3.4584	0
27.745	3.4703	0
27.747	3.4851	0
27.748	3.4998	0
27.749	3.5116	0
27.75	3.5264	0
27.751	3.5411	0
27.752	3.5559	0
27.753	3.5678	0
27.755	3.5828	0
27.756	3.5977	0
27.757	3.6096	0
27.758	3.6245	0
27.76	3.6394	0
27.761	3.6514	0
27.762	3.6665	0
27.763	3.6816	0
27.764	3.6967	0
27.765	3.7087	0
27.767	3.7237	0
27.768	3.7388	0
27.769	3.7511	0
27.77	3.7664	0
27.772	3.7817	0
27.773	3.7939	0
27.774	3.8091	0
27.775	3.8243	0
27.777	3.8398	0
27.778	3.8522	0
27.779	3.8677	0
27.78	3.8831	0
27.781	3.8955	0
27.783	3.9109	0
27.784	3.9267	0
27.785	3.9393	0
27.787	3.955	0
27.788	3.9706	0
27.789	3.9863	0
27.79	3.9989	0
27.792	4.0149	0
27.793	4.0309	0
27.794	4.0437	0
27.796	4.0596	0
27.797	4.0755	0
27.798	4.0885	0
27.8	4.1048	0
27.801	4.121	0
27.803	4.1373	0
27.804	4.1502	0
27.805	4.1668	0
27.807	4.1834	0
27.808	4.1966	0
27.809	4.2131	0
27.811	4.2297	0
27.812	4.2433	0
27.814	4.2602	0
27.815	4.2772	0
27.817	4.294	0
27.818	4.3077	0
27.82	4.3251	0
27.821	4.3425	0
27.823	4.3563	0
27.824	4.3736	0
27.826	4.3915	0
27.827	4.4058	0
27.829	4.4236	0
27.831	4.4414	0
27.833	4.4597	0
27.834	4.4745	0
27.836	4.4929	0
27.838	4.5112	0
27.839	4.5265	0
27.841	4.5456	0
27.843	4.5646	0
27.845	4.5799	0
27.846	4.5993	0
27.848	4.6188	0
27.85	4.6381	0
27.852	4.6534	0
27.854	4.6726	0
27.856	4.6916	0
27.858	4.7068	0
27.86	4.7255	0
27.862	4.7443	0
27.863	4.7592	0
27.865	4.7776	0
27.867	4.796	0
27.869	4.8144	0
27.871	4.8289	0
27.873	4.8469	0
27.875	4.8649	0
27.877	4.8792	0
27.879	4.8969	0
27.881	4.9146	0
27.882	4.9286	0
27.884	4.946	0
27.886	4.9634	0
27.888	4.9805	0
27.89	4.9942	0
27.892	5.0112	0
27.894	5.028	0
27.895	5.0414	0
27.897	5.0581	0
27.899	5.0746	0
27.901	5.0877	0
27.903	5.104	0
27.904	5.1201	0
27.906	5.1362	0
27.908	5.1489	0
27.91	5.1647	0
27.912	5.1804	0
27.913	5.1928	0
27.915	5.2082	0
27.917	5.2236	0
27.918	5.2356	0
27.92	5.2507	0
27.922	5.2656	0
27.924	5.2803	0
27.925	5.2921	0
27.927	5.3065	0
27.929	5.3209	0
27.93	5.3322	0
27.932	5.3463	0
27.933	5.3602	0
27.935	5.3711	0
27.936	5.3848	0
27.938	5.3982	0
27.94	5.4115	0
27.941	5.4219	0
27.942	5.4348	0
27.944	5.4475	0
27.945	5.4572	0
27.946	5.4694	0
27.948	5.4816	0
27.949	5.4913	0
27.951	5.5035	0
27.952	5.5157	0
27.953	5.528	0
27.955	5.5377	0
27.956	5.5499	0
27.958	5.5621	0
27.959	5.5719	0
27.96	5.5841	0
27.962	5.5964	0
27.963	5.6061	0
27.964	5.6184	0
27.966	5.6306	0
27.967	5.6428	0
27.968	5.6526	0
27.969	5.6649	0
27.971	5.6771	0
27.972	5.6869	0
27.973	5.6991	0
27.975	5.7114	0
27.976	5.7212	0
27.977	5.7334	0
27.979	5.7457	0
27.98	5.7579	0
27.981	5.7677	0
27.983	5.78	0
27.984	5.7923	0
27.985	5.8021	0
27.986	5.8143	0
27.988	5.8266	0
27.989	5.8364	0
27.99	5.8487	0
27.992	5.8609	0
27.993	5.8732	0
27.994	5.883	0
27.995	5.8953	0
27.997	5.9075	0
27.998	5.9174	0
27.999	5.9296	0
28.001	5.9419	0
28.002	5.9517	0
28.003	5.964	0
28.004	5.9763	0
28.006	5.9885	0
28.007	5.9984	0
28.008	6.0106	0
28.009	6.0229	0
28.01	6.0327	0
28.012	6.045	0
28.013	6.0573	0
28.014	6.0671	0
28.015	6.0794	0
28.017	6.0916	0
28.018	6.1039	0
28.019	6.1137	0
28.02	6.126	0
28.022	6.1383	0
28.023	6.1481	0
28.024	6.1603	0
28.025	6.1726	0
28.026	6.1824	0
28.028	6.1947	0
28.029	6.207	0
28.03	6.2192	0
28.031	6.229	0
28.032	6.2413	0
28.034	6.2536	0
28.035	6.2634	0
28.036	6.2756	0
28.037	6.2879	0
28.038	6.2977	0
28.039	6.3099	0
28.041	6.3222	0
28.042	6.3345	0
28.043	6.3443	0
28.044	6.3565	0
28.045	6.3688	0
28.046	6.3786	0
28.048	6.3908	0
28.049	6.403	0
28.05	6.4128	0
28.051	6.4251	0
28.052	6.4373	0
28.053	6.4496	0
28.054	6.4594	0
28.056	6.4716	0
28.057	6.4838	0
28.058	6.4936	0
28.059	6.5058	0
28.06	6.5181	0
28.061	6.5278	0
28.062	6.5401	0
28.063	6.5523	0
28.065	6.5645	0
28.065	6.5743	0
28.067	6.5865	0
28.068	6.5987	0
28.069	6.6085	0
28.07	6.6207	0
28.071	6.6329	0
28.072	6.6427	0
28.073	6.6549	0
28.074	6.6671	0
28.075	6.6793	0
28.076	6.689	0
28.077	6.7012	0
28.079	6.7134	0
28.079	6.7232	0
28.081	6.7353	0
28.082	6.7475	0
28.083	6.7573	0
28.084	6.7694	0
28.085	6.7816	0
28.086	6.7938	0
28.087	6.8035	0
28.088	6.8157	0
28.089	6.8279	0
28.09	6.8376	0
28.091	6.8498	0
28.092	6.8619	0
28.093	6.8716	0
28.094	6.8838	0
28.095	6.8959	0
28.096	6.9081	0
28.097	6.9178	0
28.098	6.9299	0
28.099	6.9421	0
28.1	6.9518	0
28.101	6.9639	0
28.102	6.976	0
28.103	6.9857	0
28.104	6.9979	0
28.105	7.01	0
28.106	7.0221	0
28.107	7.0318	0
28.108	7.0439	0
28.109	7.056	0
28.11	7.0657	0
28.111	7.0778	0
28.112	7.0899	0
28.112	7.0996	0
28.113	7.1117	0
28.114	7.1238	0
28.115	7.1358	0
28.116	7.1455	0
28.117	7.1576	0
28.118	7.1697	0
28.119	7.1793	0
28.12	7.1914	0
28.121	7.2035	0
28.122	7.2131	0
28.123	7.2252	0
28.124	7.2372	0
28.125	7.2493	0
28.125	7.2589	0
28.126	7.271	0
28.127	7.283	0
28.128	7.2926	0
28.129	7.3047	0
28.13	7.3167	0
28.131	7.3263	0
28.132	7.3384	0
28.133	7.3504	0
28.133	7.3624	0
28.134	7.372	0
28.135	7.384	0
28.136	7.396	0
28.137	7.4057	0
28.138	7.4177	0
28.139	7.4297	0
28.139	7.4393	0
28.14	7.4513	0
28.141	7.4632	0
28.142	7.4752	0
28.143	7.4848	0
28.144	7.4968	0
28.144	7.5088	0
28.145	7.5183	0
28.146	7.5303	0
28.147	7.5423	0
28.148	7.5519	0
28.148	7.5638	0
28.149	7.5758	0
28.15	7.5877	0
28.151	7.5973	0
28.152	7.6092	0
28.152	7.6212	0
28.153	7.6307	0
28.154	7.6427	0
28.155	7.6546	0
28.155	7.6641	0
28.156	7.6761	0
28.157	7.688	0
28.158	7.6999	0
28.158	7.7095	0
28.159	7.7214	0
28.16	7.7333	0
28.161	7.7428	0
28.161	7.7547	0
28.162	7.7666	0
28.163	7.7762	0
28.164	7.7881	0
28.164	7.8	0
28.165	7.8119	0
28.166	7.8214	0
28.167	7.8333	0
28.167	7.8452	0
28.168	7.8547	0
28.169	7.8666	0
28.169	7.8784	0
28.17	7.8879	0
28.171	7.8998	0
28.171	7.9117	0
28.172	7.9236	0
28.173	7.9331	0
28.173	7.9449	0
28.174	7.9568	0
28.175	7.9663	0
28.175	7.9782	0
28.176	7.99	0
28.177	7.9995	0
28.177	8.0114	0
28.178	8.0232	0
28.179	8.0351	0
28.179	8.0446	0
28.18	8.0564	0
28.181	8.0683	0
28.181	8.0777	0
28.182	8.0896	0
28.183	8.1014	0
28.183	8.1109	0
28.184	8.1228	0
28.184	8.1346	0
28.185	8.1464	0
28.186	8.1559	0
28.186	8.1677	0
28.187	8.1796	0
28.187	8.189	0
28.188	8.2009	0
28.189	8.2127	0
28.189	8.2222	0
28.19	8.234	0
28.19	8.2458	0
28.191	8.2576	0
28.191	8.2671	0
28.192	8.2789	0
28.193	8.2907	0
28.193	8.3002	0
28.194	8.312	0
28.194	8.3238	0
28.195	8.3333	0
28.195	8.3451	0
28.196	8.3569	0
28.196	8.3687	0
28.197	8.3782	0
28.197	8.39	0
28.198	8.4018	0
28.198	8.4113	0
28.199	8.4231	0
28.2	8.4349	0
28.2	8.4443	0
28.201	8.4561	0
28.201	8.4679	0
28.202	8.4797	0
28.202	8.4892	0
28.203	8.501	0
28.203	8.5128	0
28.203	8.5222	0
28.204	8.534	0
28.204	8.5458	0
28.205	8.5553	0
28.205	8.5671	0
28.206	8.5789	0
28.206	8.5907	0
28.207	8.6001	0
28.207	8.6119	0
28.208	8.6237	0
28.208	8.6331	0
28.208	8.6449	0
28.209	8.6567	0
28.209	8.6662	0
28.21	8.678	0
28.21	8.6898	0
28.211	8.7016	0
28.211	8.711	0
28.211	8.7228	0
28.212	8.7346	0
28.212	8.744	0
28.213	8.7558	0
28.213	8.7676	0
28.213	8.777	0
28.214	8.7888	0
28.214	8.8006	0
28.215	8.8124	0
28.215	8.8218	0
28.215	8.8336	0
28.216	8.8454	0
28.216	8.8549	0
28.216	8.8666	0
28.217	8.8784	0
28.217	8.8879	0
28.217	8.8997	0
28.218	8.9114	0
28.218	8.9232	0
28.218	8.9327	0
28.219	8.9445	0
28.219	8.9563	0
28.219	8.9657	0
28.22	8.9775	0
28.22	8.9893	0
28.22	8.9987	0
28.221	9.0105	0
28.221	9.0223	0
28.221	9.0341	0
28.222	9.0435	0
28.222	9.0553	0
28.222	9.0671	0
28.222	9.0765	0
28.223	9.0883	0
28.223	9.1001	0
28.223	9.1095	0
28.224	9.1213	0
28.224	9.1331	0
28.224	9.1449	0
28.224	9.1543	0
28.225	9.1661	0
28.225	9.1779	0
28.225	9.1874	0
28.225	9.1992	0
28.226	9.2109	0
28.226	9.2204	0
28.226	9.2322	0
28.226	9.244	0
28.226	9.2558	0
28.227	9.2652	0
28.227	9.277	0
28.227	9.2888	0
28.227	9.2982	0
28.227	9.31	0
28.228	9.3218	0
28.228	9.3313	0
28.228	9.3431	0
28.228	9.3549	0
28.228	9.3667	0
28.229	9.3761	0
28.229	9.3879	0
28.229	9.3997	0
28.229	9.4091	0
28.229	9.4209	0
28.229	9.4327	0
28.23	9.4422	0
28.23	9.454	0
28.23	9.4658	0
28.23	9.4776	0
28.23	9.487	0
28.23	9.4988	0
28.23	9.5107	0
28.23	9.5201	0
28.231	9.5319	0
28.231	9.5437	0
28.231	9.5532	0
28.231	9.565	0
28.231	9.5768	0
28.231	9.5886	0
28.231	9.598	0
28.231	9.6099	0
28.231	9.6217	0
28.231	9.6311	0
28.232	9.6429	0
28.232	9.6547	0
28.232	9.6642	0
28.232	9.676	0
28.232	9.6878	0
28.232	9.6996	0
28.232	9.7091	0
28.232	9.7209	0
28.232	9.7327	0
28.232	9.7422	0
28.232	9.754	0
28.232	9.7658	0
28.232	9.7753	0
28.232	9.7871	0
28.232	9.799	0
28.232	9.8108	0
28.232	9.8203	0
28.232	9.8321	0
28.232	9.8439	0
28.232	9.8534	0
28.232	9.8652	0
28.232	9.877	0
28.232	9.8865	0
28.232	9.8983	0
28.232	9.9102	0
28.232	9.922	0
28.232	9.9315	0
28.232	9.9433	0
28.232	9.9552	0
28.232	9.9646	0
28.232	9.9765	0
28.232	9.9883	0
28.232	9.9978	0
28.232	10.01	0
28.232	10.022	0
28.232	10.033	0
28.232	10.043	0
28.232	10.055	0
28.231	10.067	0
28.231	10.076	0
28.231	10.088	0
28.231	10.1	0
28.231	10.109	0
28.231	10.121	0
28.231	10.133	0
28.231	10.145	0
28.231	10.154	0
28.231	10.166	0
28.23	10.178	0
28.23	10.188	0
28.23	10.199	0
28.23	10.211	0
28.23	10.221	0
28.23	10.233	0
28.23	10.245	0
28.229	10.256	0
28.229	10.266	0
28.229	10.278	0
28.229	10.29	0
28.229	10.299	0
28.229	10.311	0
28.228	10.323	0
28.228	10.332	0
28.228	10.344	0
28.228	10.356	0
28.228	10.368	0
28.228	10.378	0
28.227	10.39	0
28.227	10.401	0
28.227	10.411	0
28.227	10.423	0
28.226	10.435	0
28.226	10.444	0
28.226	10.456	0
28.226	10.468	0
28.226	10.48	0
28.225	10.489	0
28.225	10.501	0
28.225	10.513	0
28.225	10.523	0
28.224	10.535	0
28.224	10.547	0
28.224	10.556	0
28.224	10.568	0
28.223	10.58	0
28.223	10.592	0
28.223	10.602	0
28.222	10.613	0
28.222	10.625	0
28.222	10.635	0
28.222	10.647	0
28.221	10.659	0
28.221	10.668	0
28.221	10.68	0
28.22	10.692	0
28.22	10.704	0
28.22	10.714	0
28.219	10.726	0
28.219	10.738	0
28.219	10.747	0
28.218	10.759	0
28.218	10.771	0
28.218	10.781	0
28.217	10.793	0
28.217	10.804	0
28.217	10.816	0
28.216	10.826	0
28.216	10.838	0
28.216	10.85	0
28.215	10.859	0
28.215	10.871	0
28.214	10.883	0
28.214	10.893	0
28.214	10.905	0
28.213	10.917	0
28.213	10.929	0
28.212	10.938	0
28.212	10.95	0
28.212	10.962	0
28.211	10.972	0
28.211	10.984	0
28.21	10.996	0
28.21	11.006	0
28.21	11.018	0
28.209	11.03	0
28.209	11.042	0
28.208	11.051	0
28.208	11.063	0
28.207	11.075	0
28.207	11.085	0
28.206	11.097	0
28.206	11.109	0
28.205	11.118	0
28.205	11.13	0
28.204	11.142	0
28.204	11.154	0
28.204	11.164	0
28.203	11.176	0
28.202	11.188	0
28.202	11.198	0
28.202	11.21	0
28.201	11.222	0
28.201	11.231	0
28.2	11.243	0
28.199	11.255	0
28.199	11.267	0
28.198	11.277	0
28.198	11.289	0
28.197	11.301	0
28.197	11.311	0
28.196	11.323	0
28.196	11.335	0
28.195	11.344	0
28.195	11.356	0
28.194	11.368	0
28.193	11.38	0
28.193	11.39	0
28.192	11.402	0
28.192	11.414	0
28.191	11.424	0
28.191	11.436	0
28.19	11.448	0
28.189	11.458	0
28.189	11.47	0
28.188	11.482	0
28.187	11.494	0
28.187	11.503	0
28.186	11.515	0
28.186	11.527	0
28.185	11.537	0
28.184	11.549	0
28.184	11.561	0
28.183	11.571	0
28.183	11.583	0
28.182	11.595	0
28.181	11.607	0
28.181	11.617	0
28.18	11.629	0
28.179	11.641	0
28.179	11.651	0
28.178	11.663	0
28.177	11.675	0
28.177	11.685	0
28.176	11.697	0
28.175	11.709	0
28.174	11.721	0
28.174	11.73	0
28.173	11.743	0
28.172	11.755	0
28.172	11.764	0
28.171	11.776	0
28.17	11.789	0
28.17	11.798	0
28.169	11.81	0
28.168	11.822	0
28.167	11.835	0
28.167	11.844	0
28.166	11.856	0
28.165	11.868	0
28.164	11.878	0
28.164	11.89	0
28.163	11.902	0
28.162	11.912	0
28.161	11.924	0
28.161	11.936	0
28.16	11.948	0
28.159	11.958	0
28.158	11.97	0
28.157	11.982	0
28.157	11.992	0
28.156	12.004	0
28.155	12.016	0
28.154	12.026	0
28.153	12.038	0
28.153	12.05	0
28.152	12.062	0
28.151	12.072	0
28.15	12.084	0
28.149	12.096	0
28.149	12.106	0
28.148	12.118	0
28.147	12.13	0
28.146	12.14	0
28.145	12.152	0
28.144	12.164	0
28.143	12.176	0
28.143	12.186	0
28.142	12.198	0
28.141	12.21	0
28.14	12.22	0
28.139	12.232	0
28.138	12.244	0
28.137	12.254	0
28.136	12.266	0
28.135	12.278	0
28.135	12.29	0
28.134	12.3	0
28.133	12.312	0
28.132	12.324	0
28.131	12.334	0
28.13	12.346	0
28.129	12.358	0
28.128	12.368	0
28.127	12.38	0
28.126	12.392	0
28.125	12.404	0
28.125	12.414	0
28.124	12.426	0
28.123	12.438	0
28.122	12.447	0
28.121	12.46	0
28.12	12.472	0
28.119	12.481	0
28.118	12.493	0
28.117	12.506	0
28.116	12.518	0
28.115	12.527	0
28.114	12.539	0
28.113	12.552	0
28.112	12.561	0
28.111	12.573	0
28.11	12.585	0
28.109	12.595	0
28.108	12.607	0
28.107	12.619	0
28.106	12.631	0
28.105	12.641	0
28.104	12.653	0
28.103	12.665	0
28.102	12.675	0
28.101	12.687	0
28.099	12.699	0
28.099	12.709	0
28.097	12.721	0
28.096	12.733	0
28.095	12.745	0
28.094	12.755	0
28.093	12.767	0
28.092	12.779	0
28.091	12.789	0
28.09	12.801	0
28.089	12.813	0
28.088	12.823	0
28.087	12.835	0
28.085	12.847	0
28.084	12.859	0
28.083	12.868	0
28.082	12.881	0
28.081	12.893	0
28.08	12.902	0
28.079	12.914	0
28.078	12.926	0
28.077	12.936	0
28.075	12.948	0
28.074	12.96	0
28.073	12.972	0
28.072	12.982	0
28.071	12.994	0
28.07	13.006	0
28.069	13.016	0
28.067	13.028	0
28.066	13.04	0
28.065	13.05	0
28.064	13.062	0
28.062	13.074	0
28.061	13.086	0
28.06	13.095	0
28.059	13.107	0
28.058	13.119	0
28.057	13.129	0
28.055	13.141	0
28.054	13.153	0
28.053	13.163	0
28.052	13.175	0
28.05	13.187	0
28.049	13.199	0
28.048	13.209	0
28.047	13.221	0
28.045	13.233	0
28.044	13.242	0
28.043	13.254	0
28.042	13.266	0
28.04	13.276	0
28.039	13.288	0
28.038	13.3	0
28.036	13.312	0
28.035	13.322	0
28.034	13.334	0
28.032	13.346	0
28.031	13.356	0
28.03	13.368	0
28.029	13.38	0
28.027	13.389	0
28.026	13.401	0
28.025	13.413	0
28.023	13.425	0
28.022	13.435	0
28.021	13.447	0
28.019	13.459	0
28.018	13.469	0
28.017	13.481	0
28.015	13.493	0
28.014	13.502	0
28.013	13.514	0
28.011	13.526	0
28.01	13.538	0
28.008	13.548	0
28.007	13.56	0
28.006	13.572	0
28.004	13.581	0
28.003	13.593	0
28.001	13.605	0
28	13.615	0
27.999	13.627	0
27.997	13.639	0
27.996	13.651	0
27.994	13.661	0
27.993	13.673	0
27.991	13.685	0
27.99	13.694	0
27.989	13.706	0
27.987	13.718	0
27.986	13.728	0
27.984	13.74	0
27.983	13.752	0
27.981	13.764	0
27.98	13.773	0
27.978	13.785	0
27.977	13.797	0
27.975	13.807	0
27.974	13.819	0
27.972	13.831	0
27.971	13.841	0
27.969	13.853	0
27.968	13.864	0
27.966	13.876	0
27.965	13.886	0
27.963	13.898	0
27.961	13.91	0
27.96	13.92	0
27.958	13.932	0
27.957	13.944	0
27.955	13.953	0
27.954	13.965	0
27.952	13.977	0
27.95	13.989	0
27.949	13.999	0
27.947	14.011	0
27.946	14.023	0
27.944	14.032	0
27.943	14.044	0
27.941	14.056	0
27.94	14.066	0
27.938	14.078	0
27.936	14.09	0
27.934	14.102	0
27.933	14.111	0
27.931	14.123	0
27.929	14.135	0
27.928	14.145	0
27.926	14.157	0
27.925	14.169	0
27.923	14.178	0
27.921	14.19	0
27.92	14.202	0
27.918	14.214	0
27.916	14.224	0
27.915	14.236	0
27.913	14.248	0
27.911	14.257	0
27.909	14.269	0
27.908	14.281	0
27.906	14.291	0
27.904	14.303	0
27.902	14.315	0
27.901	14.327	0
27.899	14.336	0
27.897	14.348	0
27.895	14.36	0
27.894	14.37	0
27.892	14.382	0
27.89	14.394	0
27.889	14.404	0
27.887	14.416	0
27.885	14.428	0
27.883	14.439	0
27.881	14.449	0
27.879	14.461	0
27.878	14.473	0
27.876	14.483	0
27.874	14.495	0
27.872	14.507	0
27.871	14.516	0
27.869	14.528	0
27.867	14.54	0
27.865	14.552	0
27.863	14.562	0
27.861	14.574	0
27.859	14.586	0
27.857	14.595	0
27.855	14.607	0
27.853	14.619	0
27.852	14.629	0
27.85	14.641	0
27.848	14.653	0
27.846	14.665	0
27.844	14.675	0
27.842	14.687	0
27.84	14.699	0
27.838	14.708	0
27.836	14.72	0
27.834	14.732	0
27.833	14.742	0
27.831	14.754	0
27.828	14.766	0
27.826	14.778	0
27.825	14.787	0
27.823	14.799	0
27.82	14.811	0
27.819	14.821	0
27.817	14.833	0
27.814	14.845	0
27.813	14.855	0
27.811	14.867	0
27.808	14.879	0
27.806	14.891	0
27.805	14.9	0
27.802	14.912	0
27.8	14.924	0
27.798	14.934	0
27.796	14.946	0
27.794	14.958	0
27.792	14.968	0
27.79	14.98	0
27.788	14.992	0
27.786	15.004	0
27.784	15.013	0
27.782	15.026	0
27.779	15.038	0
27.778	15.047	0
27.775	15.059	0
27.773	15.071	0
27.771	15.081	0
27.769	15.093	0
27.767	15.105	0
27.764	15.117	0
27.763	15.127	0
27.76	15.139	0
27.758	15.151	0
27.756	15.16	0
27.754	15.172	0
27.751	15.185	0
27.75	15.194	0
27.747	15.206	0
27.745	15.218	0
27.743	15.23	0
27.741	15.24	0
27.738	15.252	0
27.736	15.264	0
27.734	15.274	0
27.732	15.286	0
27.729	15.298	0
27.727	15.308	0
27.725	15.32	0
27.723	15.332	0
27.72	15.344	0
27.718	15.353	0
27.716	15.366	0
27.713	15.378	0
27.711	15.387	0
27.709	15.399	0
27.706	15.411	0
27.704	15.421	0
27.702	15.433	0
27.7	15.445	0
27.697	15.457	0
27.695	15.467	0
27.693	15.479	0
27.69	15.491	0
27.688	15.501	0
27.685	15.513	0
27.683	15.525	0
27.681	15.535	0
27.678	15.547	0
27.676	15.559	0
27.673	15.571	0
27.671	15.581	0
27.669	15.593	0
27.666	15.605	0
27.664	15.615	0
27.661	15.627	0
27.659	15.639	0
27.657	15.649	0
27.654	15.661	0
27.652	15.673	0
27.649	15.685	0
27.647	15.695	0
27.644	15.707	0
27.642	15.719	0
27.639	15.729	0
27.637	15.741	0
27.634	15.753	0
27.632	15.763	0
27.629	15.775	0
27.627	15.787	0
27.624	15.799	0
27.622	15.809	0
27.619	15.821	0
27.616	15.833	0
27.614	15.843	0
27.611	15.855	0
27.609	15.867	0
27.607	15.877	0
27.604	15.889	0
27.601	15.901	0
27.598	15.913	0
27.596	15.923	0
27.593	15.935	0
27.591	15.947	0
27.588	15.957	0
27.586	15.969	0
27.583	15.981	0
27.58	15.991	0
27.578	16.003	0
27.575	16.016	0
27.572	16.028	0
27.57	16.037	0
27.567	16.05	0
27.564	16.062	0
27.562	16.072	0
27.559	16.084	0
27.556	16.096	0
27.554	16.106	0
27.551	16.118	0
27.548	16.13	0
27.545	16.142	0
27.543	16.152	0
27.54	16.164	0
27.537	16.176	0
27.535	16.186	0
27.532	16.198	0
27.529	16.211	0
27.526	16.22	0
27.523	16.233	0
27.52	16.245	0
27.517	16.257	0
27.515	16.267	0
27.512	16.279	0
27.509	16.291	0
27.507	16.301	0
27.504	16.313	0
27.501	16.325	0
27.498	16.335	0
27.495	16.347	0
27.492	16.36	0
27.489	16.372	0
27.487	16.382	0
27.484	16.394	0
27.481	16.406	0
27.478	16.416	0
27.475	16.428	0
27.472	16.44	0
27.47	16.45	0
27.467	16.462	0
27.463	16.475	0
27.46	16.487	0
27.458	16.497	0
27.455	16.509	0
27.452	16.521	0
27.449	16.531	0
27.446	16.543	0
27.443	16.555	0
27.44	16.565	0
27.437	16.577	0
27.434	16.59	0
27.431	16.602	0
27.428	16.612	0
27.425	16.624	0
27.422	16.636	0
27.419	16.646	0
27.416	16.658	0
27.413	16.671	0
27.41	16.68	0
27.407	16.693	0
27.404	16.705	0
27.401	16.717	0
27.398	16.727	0
27.395	16.739	0
27.391	16.752	0
27.389	16.761	0
27.386	16.774	0
27.382	16.786	0
27.38	16.796	0
27.376	16.808	0
27.373	16.82	0
27.37	16.833	0
27.367	16.842	0
27.364	16.855	0
27.36	16.867	0
27.358	16.877	0
27.354	16.889	0
27.351	16.901	0
27.348	16.911	0
27.345	16.924	0
27.342	16.936	0
27.338	16.948	0
27.335	16.958	0
27.332	16.97	0
27.329	16.983	0
27.326	16.992	0
27.323	17.005	0
27.319	17.017	0
27.316	17.027	0
27.313	17.039	0
27.309	17.052	0
27.306	17.064	0
27.303	17.074	0
27.3	17.086	0
27.296	17.098	0
27.294	17.108	0
27.29	17.121	0
27.287	17.133	0
27.284	17.143	0
27.28	17.155	0
27.277	17.167	0
27.273	17.18	0
27.27	17.19	0
27.267	17.202	0
27.263	17.214	0
27.26	17.224	0
27.257	17.236	0
27.253	17.249	0
27.25	17.259	0
27.247	17.271	0
27.243	17.283	0
27.24	17.296	0
27.237	17.306	0
27.233	17.318	0
27.23	17.33	0
27.227	17.34	0
27.223	17.352	0
27.219	17.365	0
27.217	17.375	0
27.213	17.387	0
27.209	17.399	0
27.206	17.412	0
27.203	17.422	0
27.199	17.434	0
27.195	17.446	0
27.192	17.456	0
27.189	17.469	0
27.185	17.481	0
27.182	17.491	0
27.178	17.503	0
27.174	17.516	0
27.171	17.528	0
27.168	17.538	0
27.164	17.55	0
27.16	17.563	0
27.157	17.573	0
27.153	17.585	0
27.15	17.597	0
27.147	17.607	0
27.143	17.62	0
27.139	17.632	0
27.135	17.644	0
27.132	17.654	0
27.128	17.667	0
27.125	17.679	0
27.122	17.689	0
27.118	17.701	0
27.114	17.714	0
27.111	17.724	0
27.107	17.736	0
27.103	17.748	0
27.099	17.761	0
27.096	17.771	0
27.092	17.783	0
27.088	17.795	0
27.085	17.805	0
27.081	17.818	0
27.077	17.83	0
27.074	17.84	0
27.07	17.852	0
27.066	17.865	0
27.063	17.877	0
27.059	17.887	0
27.055	17.9	0
27.051	17.912	0
27.048	17.922	0
27.044	17.934	0
27.04	17.947	0
27.037	17.957	0
27.033	17.969	0
27.029	17.981	0
27.025	17.994	0
27.022	18.004	0
27.018	18.016	0
27.014	18.029	0
27.011	18.038	0
27.007	18.051	0
27.003	18.063	0
26.999	18.073	0
26.995	18.086	0
26.991	18.098	0
26.987	18.11	0
26.984	18.12	0
26.98	18.133	0
26.976	18.145	0
26.972	18.155	0
26.968	18.168	0
26.964	18.18	0
26.961	18.19	0
26.957	18.202	0
26.953	18.215	0
26.949	18.227	0
26.945	18.237	0
26.941	18.249	0
26.937	18.262	0
26.934	18.272	0
26.929	18.284	0
26.925	18.297	0
26.922	18.307	0
26.918	18.319	0
26.914	18.331	0
26.909	18.344	0
26.906	18.354	0
26.902	18.366	0
26.898	18.379	0
26.894	18.389	0
26.89	18.401	0
26.886	18.413	0
26.882	18.423	0
26.878	18.436	0
26.874	18.448	0
26.869	18.461	0
26.866	18.471	0
26.862	18.483	0
26.857	18.496	0
26.854	18.505	0
26.85	18.518	0
26.845	18.53	0
26.842	18.54	0
26.838	18.553	0
26.833	18.565	0
26.829	18.578	0
26.826	18.588	0
26.821	18.6	0
26.817	18.612	0
26.813	18.622	0
26.809	18.635	0
26.805	18.647	0
26.801	18.657	0
26.797	18.67	0
26.792	18.682	0
26.788	18.694	0
26.784	18.704	0
26.78	18.717	0
26.776	18.729	0
26.772	18.739	0
26.768	18.752	0
26.763	18.764	0
26.76	18.774	0
26.755	18.787	0
26.751	18.799	0
26.746	18.811	0
26.743	18.821	0
26.738	18.834	0
26.734	18.846	0
26.73	18.856	0
26.726	18.869	0
26.721	18.881	0
26.717	18.891	0
26.713	18.903	0
26.708	18.916	0
26.704	18.928	0
26.7	18.938	0
26.696	18.951	0
26.691	18.963	0
26.688	18.973	0
26.683	18.986	0
26.678	18.998	0
26.675	19.008	0
26.67	19.02	0
26.666	19.033	0
26.661	19.045	0
26.657	19.055	0
26.653	19.068	0
26.648	19.08	0
26.644	19.09	0
26.64	19.102	0
26.635	19.115	0
26.631	19.125	0
26.627	19.137	0
26.622	19.15	0
26.618	19.162	0
26.614	19.172	0
26.609	19.185	0
26.604	19.197	0
26.601	19.207	0
26.596	19.219	0
26.591	19.232	0
26.588	19.242	0
26.583	19.254	0
26.578	19.267	0
26.573	19.279	0
26.57	19.289	0
26.565	19.302	0
26.56	19.314	0
26.556	19.324	0
26.552	19.336	0
26.547	19.349	0
26.543	19.359	0
26.538	19.371	0
26.534	19.384	0
26.529	19.396	0
26.525	19.406	0
26.52	19.418	0
26.515	19.431	0
26.511	19.441	0
26.507	19.453	0
26.502	19.466	0
26.498	19.476	0
26.493	19.488	0
26.488	19.501	0
26.483	19.513	0
26.48	19.523	0
26.475	19.535	0
26.47	19.548	0
26.466	19.558	0
26.461	19.57	0
26.456	19.583	0
26.452	19.593	0
26.447	19.605	0
26.443	19.618	0
26.438	19.63	0
26.434	19.64	0
26.429	19.652	0
26.424	19.665	0
26.42	19.675	0
26.415	19.687	0
26.41	19.7	0
26.406	19.71	0
26.401	19.722	0
26.396	19.734	0
26.391	19.747	0
26.387	19.757	0
26.382	19.769	0
26.377	19.782	0
26.373	19.792	0
26.368	19.804	0
26.363	19.816	0
26.359	19.826	0
26.354	19.839	0
26.349	19.851	0
26.344	19.864	0
26.34	19.874	0
26.335	19.886	0
26.33	19.899	0
26.326	19.908	0
26.321	19.921	0
26.316	19.933	0
26.312	19.943	0
26.307	19.956	0
26.302	19.968	0
26.296	19.981	0
26.292	19.99	0
26.287	20.003	0
26.282	20.015	0
26.278	20.025	0
26.273	20.038	0
26.268	20.05	0
26.264	20.06	0
26.259	20.072	0
26.253	20.085	0
26.248	20.097	0
26.244	20.107	0
26.239	20.12	0
26.234	20.132	0
26.23	20.142	0
26.224	20.154	0
26.219	20.167	0
26.215	20.177	0
26.21	20.189	0
26.205	20.202	0
26.199	20.214	0
26.195	20.224	0
26.19	20.236	0
26.185	20.249	0
26.181	20.259	0
26.175	20.271	0
26.17	20.284	0
26.166	20.294	0
26.161	20.306	0
26.155	20.318	0
26.15	20.331	0
26.146	20.341	0
26.141	20.353	0
26.135	20.366	0
26.131	20.375	0
26.126	20.388	0
26.12	20.4	0
26.116	20.41	0
26.111	20.423	0
26.106	20.435	0
26.1	20.447	0
26.096	20.457	0
26.091	20.47	0
26.085	20.482	0
26.081	20.492	0
26.076	20.505	0
26.07	20.517	0
26.066	20.527	0
26.06	20.539	0
26.055	20.552	0
26.05	20.564	0
26.045	20.574	0
26.04	20.586	0
26.035	20.599	0
26.03	20.609	0
26.025	20.621	0
26.019	20.634	0
26.015	20.643	0
26.01	20.656	0
26.004	20.668	0
25.999	20.681	0
25.994	20.691	0
25.989	20.703	0
25.983	20.715	0
25.979	20.725	0
25.973	20.738	0
25.968	20.75	0
25.963	20.76	0
25.958	20.772	0
25.952	20.785	0
25.947	20.797	0
25.943	20.807	0
25.937	20.819	0
25.931	20.832	0
25.927	20.842	0
25.921	20.854	0
25.916	20.866	0
25.911	20.876	0
25.906	20.889	0
25.9	20.901	0
25.895	20.914	0
25.89	20.923	0
25.885	20.936	0
25.879	20.948	0
25.875	20.958	0
25.869	20.97	0
25.863	20.983	0
25.859	20.993	0
25.853	21.005	0
25.848	21.018	0
25.842	21.03	0
25.837	21.04	0
25.832	21.052	0
25.826	21.065	0
25.822	21.074	0
25.816	21.087	0
25.81	21.099	0
25.806	21.109	0
25.8	21.121	0
25.794	21.134	0
25.789	21.146	0
25.784	21.156	0
25.778	21.168	0
25.773	21.181	0
25.768	21.191	0
25.762	21.203	0
25.756	21.215	0
25.752	21.225	0
25.746	21.238	0
25.74	21.25	0
25.735	21.262	0
25.73	21.272	0
25.724	21.285	0
25.718	21.297	0
25.714	21.307	0
25.708	21.319	0
25.702	21.332	0
25.698	21.341	0
25.692	21.354	0
25.686	21.366	0
25.68	21.378	0
25.675	21.388	0
25.67	21.401	0
25.664	21.413	0
25.659	21.423	0
25.653	21.435	0
25.647	21.448	0
25.643	21.458	0
25.637	21.47	0
25.631	21.482	0
25.625	21.495	0
25.62	21.504	0
25.614	21.517	0
25.609	21.529	0
25.604	21.539	0
25.598	21.551	0
25.592	21.564	0
25.587	21.573	0
25.581	21.586	0
25.575	21.598	0
25.569	21.61	0
25.565	21.62	0
25.559	21.633	0
25.553	21.645	0
25.548	21.655	0
25.542	21.667	0
25.536	21.68	0
25.531	21.689	0
25.525	21.702	0
25.519	21.714	0
25.513	21.726	0
25.508	21.736	0
25.502	21.749	0
25.496	21.761	0
25.492	21.771	0
25.486	21.783	0
25.479	21.795	0
25.475	21.805	0
25.469	21.818	0
25.463	21.83	0
25.456	21.842	0
25.452	21.852	0
25.446	21.864	0
25.439	21.877	0
25.435	21.886	0
25.428	21.899	0
25.422	21.911	0
25.418	21.921	0
25.411	21.933	0
25.405	21.946	0
25.399	21.958	0
25.394	21.968	0
25.388	21.98	0
25.382	21.992	0
25.377	22.002	0
25.371	22.014	0
25.365	22.027	0
25.36	22.037	0
25.354	22.049	0
25.347	22.061	0
25.341	22.073	0
25.336	22.083	0
25.33	22.096	0
25.324	22.108	0
25.319	22.118	0
25.313	22.13	0
25.307	22.142	0
25.302	22.152	0
25.295	22.164	0
25.289	22.177	0
25.283	22.189	0
25.278	22.199	0
25.272	22.211	0
25.265	22.223	0
25.26	22.233	0
25.254	22.245	0
25.248	22.258	0
25.243	22.267	0
25.236	22.28	0
25.23	22.292	0
25.224	22.304	0
25.219	22.314	0
25.212	22.326	0
25.206	22.339	0
25.201	22.348	0
25.195	22.361	0
25.188	22.373	0
25.183	22.383	0
25.177	22.395	0
25.171	22.407	0
25.164	22.42	0
25.159	22.429	0
25.153	22.442	0
25.146	22.454	0
25.141	22.464	0
25.135	22.476	0
25.128	22.488	0
25.123	22.498	0
25.117	22.51	0
25.111	22.522	0
25.104	22.535	0
25.099	22.545	0
25.093	22.557	0
25.086	22.569	0
25.081	22.579	0
25.074	22.591	0
25.068	22.603	0
25.063	22.613	0
25.056	22.625	0
25.05	22.638	0
25.043	22.65	0
25.038	22.66	0
25.032	22.672	0
25.025	22.684	0
25.02	22.694	0
25.013	22.706	0
25.007	22.718	0
25.002	22.728	0
24.995	22.74	0
24.989	22.753	0
24.982	22.765	0
24.977	22.775	0
24.97	22.787	0
24.964	22.799	0
24.959	22.809	0
24.952	22.821	0
24.945	22.833	0
24.94	22.843	0
24.934	22.855	0
24.927	22.867	0
24.92	22.88	0
24.915	22.889	0
24.908	22.902	0
24.902	22.914	0
24.896	22.923	0
24.89	22.936	0
24.883	22.948	0
24.878	22.958	0
24.871	22.97	0
24.865	22.982	0
24.858	22.994	0
24.853	23.004	0
24.846	23.016	0
24.839	23.028	0
24.834	23.038	0
24.827	23.05	0
24.82	23.063	0
24.815	23.072	0
24.808	23.084	0
24.802	23.097	0
24.795	23.109	0
24.79	23.119	0
24.783	23.131	0
24.776	23.143	0
24.771	23.153	0
24.764	23.165	0
24.757	23.177	0
24.752	23.187	0
24.745	23.199	0
24.738	23.211	0
24.731	23.223	0
24.726	23.233	0
24.719	23.245	0
24.712	23.257	0
24.707	23.267	0
24.7	23.279	0
24.693	23.291	0
24.688	23.301	0
24.681	23.313	0
24.674	23.326	0
24.667	23.338	0
24.662	23.347	0
24.655	23.36	0
24.648	23.372	0
24.643	23.381	0
24.636	23.394	0
24.629	23.406	0
24.623	23.415	0
24.616	23.428	0
24.61	23.44	0
24.603	23.452	0
24.597	23.462	0
24.59	23.474	0
24.583	23.486	0
24.578	23.496	0
24.571	23.508	0
24.564	23.52	0
24.558	23.53	0
24.551	23.542	0
24.544	23.554	0
24.537	23.566	0
24.532	23.576	0
24.525	23.588	0
24.518	23.6	0
24.512	23.61	0
24.505	23.622	0
24.498	23.634	0
24.493	23.644	0
24.486	23.656	0
24.479	23.668	0
24.472	23.68	0
24.466	23.69	0
24.459	23.702	0
24.452	23.714	0
24.446	23.724	0
24.439	23.736	0
24.432	23.748	0
24.427	23.757	0
24.419	23.77	0
24.412	23.782	0
24.405	23.794	0
24.4	23.803	0
24.393	23.816	0
24.385	23.828	0
24.38	23.837	0
24.373	23.849	0
24.365	23.861	0
24.36	23.871	0
24.353	23.883	0
24.345	23.895	0
24.338	23.907	0
24.333	23.917	0
24.325	23.929	0
24.318	23.941	0
24.313	23.951	0
24.305	23.963	0
24.298	23.975	0
24.292	23.985	0
24.285	23.997	0
24.278	24.009	0
24.271	24.021	0
24.265	24.031	0
24.258	24.043	0
24.251	24.055	0
24.245	24.064	0
24.238	24.076	0
24.23	24.089	0
24.225	24.098	0
24.217	24.11	0
24.21	24.122	0
24.203	24.134	0
24.197	24.144	0
24.19	24.156	0
24.182	24.168	0
24.177	24.178	0
24.169	24.19	0
24.162	24.202	0
24.156	24.212	0
24.149	24.224	0
24.141	24.236	0
24.134	24.248	0
24.128	24.257	0
24.121	24.269	0
24.114	24.281	0
24.108	24.291	0
24.1	24.303	0
24.093	24.315	0
24.087	24.325	0
24.08	24.337	0
24.072	24.349	0
24.065	24.361	0
24.059	24.37	0
24.052	24.382	0
24.044	24.394	0
24.038	24.404	0
24.031	24.416	0
24.023	24.428	0
24.017	24.438	0
24.01	24.45	0
24.003	24.462	0
23.995	24.474	0
23.989	24.483	0
23.982	24.495	0
23.974	24.507	0
23.968	24.517	0
23.961	24.529	0
23.953	24.541	0
23.947	24.551	0
23.94	24.563	0
23.932	24.575	0
23.925	24.587	0
23.919	24.596	0
23.911	24.608	0
23.904	24.62	0
23.898	24.63	0
23.89	24.642	0
23.882	24.654	0
23.876	24.663	0
23.869	24.675	0
23.861	24.687	0
23.854	24.699	0
23.848	24.709	0
23.84	24.721	0
23.832	24.733	0
23.826	24.742	0
23.819	24.754	0
23.811	24.766	0
23.805	24.776	0
23.797	24.788	0
23.79	24.8	0
23.782	24.812	0
23.776	24.821	0
23.768	24.833	0
23.761	24.845	0
23.755	24.855	0
23.747	24.867	0
23.739	24.879	0
23.733	24.888	0
23.725	24.9	0
23.718	24.912	0
23.71	24.924	0
23.704	24.934	0
23.696	24.946	0
23.688	24.958	0
23.682	24.967	0
23.675	24.979	0
23.667	24.991	0
23.661	25.001	0
23.653	25.012	0
23.645	25.024	0
23.637	25.036	0
23.631	25.046	0
23.623	25.058	0
23.616	25.07	0
23.609	25.079	0
23.602	25.091	0
23.594	25.103	0
23.588	25.113	0
23.58	25.125	0
23.572	25.136	0
23.564	25.148	0
23.558	25.158	0
23.55	25.17	0
23.542	25.182	0
23.536	25.191	0
23.528	25.203	0
23.52	25.215	0
23.514	25.225	0
23.506	25.236	0
23.498	25.248	0
23.49	25.26	0
23.484	25.27	0
23.476	25.282	0
23.468	25.294	0
23.462	25.303	0
23.454	25.315	0
23.446	25.327	0
23.44	25.336	0
23.432	25.348	0
23.424	25.36	0
23.416	25.372	0
23.409	25.381	0
23.401	25.393	0
23.393	25.405	0
23.387	25.415	0
23.379	25.427	0
23.371	25.438	0
23.365	25.448	0
23.357	25.46	0
23.349	25.472	0
23.341	25.483	0
23.334	25.493	0
23.326	25.505	0
23.318	25.517	0
23.312	25.526	0
23.304	25.538	0
23.296	25.55	0
23.289	25.559	0
23.281	25.571	0
23.273	25.583	0
23.265	25.595	0
23.259	25.604	0
23.25	25.616	0
23.242	25.628	0
23.236	25.637	0
23.228	25.649	0
23.22	25.661	0
23.213	25.671	0
23.205	25.682	0
23.197	25.694	0
23.189	25.706	0
23.182	25.716	0
23.174	25.727	0
23.166	25.739	0
23.159	25.749	0
23.151	25.76	0
23.143	25.772	0
23.137	25.782	0
23.128	25.793	0
23.12	25.805	0
23.112	25.818	0
