-17.047	20.667	-0
-16.84	20.836	-0
-16.42	21.169	-0
-16.207	21.332	-0
-15.777	21.652	-0
-15.56	21.808	-0
-15.341	21.963	-0
-14.899	22.265	-0
-14.675	22.413	-0
-14.224	22.702	-0
-13.996	22.843	-0
-13.767	22.982	-0
-13.305	23.253	-0
-13.072	23.385	-0
-12.601	23.641	-0
-12.364	23.766	-0
-12.126	23.889	-0
-11.646	24.126	-0
-11.404	24.242	-0
-10.917	24.465	-0
-10.672	24.573	-0
-10.426	24.678	-0
-9.93	24.882	-0
-9.6807	24.98	-0
-9.1792	25.169	-0
-8.927	25.259	-0
-8.674	25.347	-0
-8.1654	25.515	-0
-7.9098	25.596	-0
-7.3963	25.749	-0
-7.1385	25.822	-0
-6.8799	25.892	-0
-6.3608	26.024	-0
-6.1002	26.086	-0
-5.5773	26.203	-0
-5.315	26.258	-0
-5.0521	26.309	-0
-4.525	26.405	-0
-4.2607	26.449	-0
-3.7309	26.529	-0
-3.4654	26.565	-0
-3.1996	26.598	-0
-2.667	26.657	-0
-2.4003	26.682	-0
-1.8662	26.725	-0
-1.5989	26.742	-0
-1.3314	26.757	-0
-0.79603	26.778	-0
-0.56277	26.785	-0
0.048627	26.79	0
0.082082	26.79	0
0.11563	26.791	0
0.183	26.792	0
0.2168	26.793	0
0.2846	26.794	0
0.31858	26.795	0
0.35261	26.797	0
0.4208	26.8	0
0.45493	26.801	0
0.52325	26.805	0
0.55742	26.807	0
0.59159	26.809	0
0.65989	26.814	0
0.69401	26.816	0
0.76215	26.821	0
0.79616	26.824	0
0.83012	26.827	0
0.89786	26.834	0
0.93163	26.837	0
0.99893	26.844	0
1.0324	26.848	0
1.0659	26.852	0
1.1324	26.86	0
1.1655	26.864	0
1.2314	26.872	0
1.2641	26.877	0
1.2967	26.881	0
1.3615	26.891	0
1.3936	26.896	0
1.4575	26.906	0
1.4892	26.911	0
1.5207	26.916	0
1.5833	26.927	0
1.6143	26.932	0
1.6757	26.943	0
1.7062	26.949	0
1.7364	26.955	0
1.7964	26.966	0
1.826	26.972	0
1.8848	26.984	0
1.9138	26.99	0
1.9427	26.996	0
1.9998	27.009	0
2.028	27.015	0
2.0838	27.028	0
2.1114	27.034	0
2.1387	27.041	0
2.1928	27.054	0
2.2195	27.06	0
2.2722	27.073	0
2.2983	27.08	0
2.3241	27.087	0
2.375	27.1	0
2.4002	27.107	0
2.4498	27.12	0
2.4743	27.127	0
2.4986	27.134	0
2.5464	27.147	0
2.5701	27.154	0
2.6166	27.167	0
2.6396	27.174	0
2.6623	27.181	0
2.7072	27.194	0
2.7293	27.201	0
2.7729	27.215	0
2.7943	27.221	0
2.8156	27.228	0
2.8575	27.241	0
2.8782	27.248	0
2.9189	27.261	0
2.939	27.268	0
2.9588	27.275	0
2.998	27.288	0
3.0172	27.294	0
3.0552	27.307	0
3.0739	27.314	0
3.0925	27.32	0
3.129	27.333	0
3.147	27.34	0
3.1824	27.352	0
3.1999	27.359	0
3.2172	27.365	0
3.2512	27.377	0
3.268	27.384	0
3.3011	27.396	0
3.3173	27.402	0
3.3335	27.408	0
3.3652	27.42	0
3.3809	27.426	0
3.4117	27.438	0
3.4269	27.444	0
3.442	27.45	0
3.4716	27.462	0
3.4862	27.467	0
3.515	27.479	0
3.5292	27.485	0
3.5433	27.49	0
3.571	27.502	0
3.5847	27.507	0
3.6116	27.518	0
3.6249	27.524	0
3.638	27.529	0
3.6639	27.54	0
3.6767	27.545	0
3.7019	27.556	0
3.7143	27.561	0
3.7266	27.566	0
3.7509	27.577	0
3.7629	27.582	0
3.7865	27.592	0
3.7981	27.597	0
3.8097	27.602	0
3.8325	27.612	0
3.8437	27.617	0
3.8659	27.627	0
3.8768	27.632	0
3.8876	27.637	0
3.909	27.646	0
3.9196	27.651	0
3.9404	27.66	0
3.9507	27.665	0
3.9609	27.67	0
3.981	27.679	0
3.991	27.683	0
4.0106	27.692	0
4.0203	27.697	0
4.0299	27.701	0
4.0489	27.71	0
4.0583	27.714	0
4.0768	27.723	0
4.0859	27.727	0
4.095	27.732	0
4.1129	27.74	0
4.1218	27.744	0
4.1393	27.753	0
4.1479	27.757	0
4.1565	27.761	0
4.1735	27.769	0
4.1818	27.773	0
4.1984	27.781	0
4.2066	27.785	0
4.2147	27.789	0
4.2308	27.797	0
4.2387	27.8	0
4.2545	27.808	0
4.2622	27.812	0
4.2699	27.816	0
4.2852	27.823	0
4.2927	27.827	0
4.3077	27.834	0
4.3151	27.838	0
4.3224	27.841	0
4.3369	27.849	0
4.3441	27.852	0
4.3583	27.859	0
4.3653	27.863	0
4.3723	27.866	0
4.3861	27.873	0
4.3929	27.877	0
4.4065	27.884	0
4.4132	27.887	0
4.4199	27.89	0
4.433	27.897	0
4.4396	27.9	0
4.4525	27.907	0
4.4589	27.91	0
4.4653	27.913	0
4.4779	27.92	0
4.4841	27.923	0
4.4965	27.929	0
4.5026	27.932	0
4.5087	27.936	0
4.5207	27.942	0
4.5267	27.945	0
4.5385	27.951	0
4.5444	27.954	0
4.5502	27.957	0
4.5618	27.963	0
4.5675	27.966	0
4.5789	27.972	0
4.5845	27.975	0
4.5901	27.978	0
4.6012	27.984	0
4.6067	27.987	0
4.6176	27.992	0
4.623	27.995	0
4.6284	27.998	0
4.639	28.004	0
4.6443	28.006	0
4.6548	28.012	0
4.66	28.015	0
4.6652	28.017	0
4.6754	28.023	0
4.6805	28.026	0
4.6906	28.031	0
4.6956	28.034	0
4.7006	28.036	0
4.7105	28.041	0
4.7154	28.044	0
4.7251	28.049	0
4.73	28.052	0
4.7348	28.054	0
4.7443	28.06	0
4.749	28.062	0
4.7584	28.067	0
4.7631	28.07	0
4.7677	28.072	0
4.777	28.077	0
4.7815	28.08	0
4.7906	28.085	0
4.7951	28.087	0
4.7996	28.089	0
4.8085	28.094	0
4.8129	28.097	0
4.8217	28.101	0
4.8261	28.104	0
4.8304	28.106	0
4.839	28.111	0
4.8433	28.113	0
4.8518	28.118	0
4.856	28.12	0
4.8602	28.122	0
4.8686	28.127	0
4.8727	28.129	0
4.881	28.134	0
4.8851	28.136	0
4.8891	28.138	0
4.8972	28.143	0
4.9013	28.145	0
4.9093	28.149	0
4.9132	28.151	0
4.9172	28.153	0
4.925	28.158	0
4.929	28.16	0
4.9367	28.164	0
4.9406	28.166	0
4.9444	28.168	0
4.952	28.173	0
4.9558	28.175	0
4.9634	28.179	0
4.9671	28.181	0
4.9709	28.183	0
4.9783	28.187	0
4.982	28.189	0
4.9893	28.193	0
4.993	28.195	0
4.9966	28.197	0
5.0038	28.201	0
5.0074	28.203	0
5.0146	28.207	0
5.0181	28.209	0
5.0217	28.211	0
5.0287	28.215	0
5.0322	28.217	0
5.0391	28.221	0
5.0426	28.223	0
5.0461	28.225	0
5.0529	28.229	0
5.0563	28.231	0
5.0631	28.234	0
5.0665	28.236	0
5.0698	28.238	0
5.0765	28.242	0
5.0798	28.244	0
5.0865	28.247	0
5.0898	28.249	0
5.093	28.251	0
5.0996	28.255	0
5.1028	28.256	0
5.1093	28.26	0
5.1125	28.262	0
5.1157	28.264	0
5.122	28.267	0
5.1252	28.269	0
5.1315	28.273	0
5.1347	28.274	0
5.1378	28.276	0
5.144	28.28	0
5.1471	28.281	0
5.1533	28.285	0
5.1563	28.286	0
5.1594	28.288	0
5.1655	28.292	0
5.1685	28.293	0
5.1745	28.297	0
5.1775	28.298	0
5.1805	28.3	0
5.1865	28.303	0
5.1894	28.305	0
5.1953	28.308	0
5.1983	28.31	0
5.2012	28.312	0
5.207	28.315	0
5.2099	28.317	0
5.2157	28.32	0
5.2186	28.322	0
5.2214	28.323	0
5.2271	28.326	0
5.23	28.328	0
5.2356	28.331	0
5.2385	28.333	0
5.2413	28.334	0
5.2469	28.337	0
5.2496	28.339	0
5.2552	28.342	0
5.2579	28.344	0
5.2607	28.345	0
5.2662	28.348	0
5.2689	28.35	0
5.2743	28.353	0
5.277	28.354	0
5.2797	28.356	0
5.2851	28.359	0
5.2878	28.361	0
5.2931	28.364	0
5.2958	28.365	0
5.2984	28.367	0
5.3037	28.37	0
5.3063	28.371	0
5.3115	28.374	0
5.3141	28.375	0
5.3167	28.377	0
5.3219	28.38	0
5.3245	28.381	0
5.3296	28.384	0
5.3322	28.386	0
5.3347	28.387	0
5.3398	28.39	0
5.3423	28.391	0
5.3474	28.394	0
5.3499	28.396	0
5.3524	28.397	0
5.3574	28.4	0
5.3599	28.401	0
5.3648	28.404	0
5.3673	28.405	0
5.3698	28.407	0
5.3747	28.41	0
5.3771	28.411	0
5.382	28.414	0
5.3844	28.415	0
5.3868	28.416	0
5.3916	28.419	0
5.394	28.421	0
5.3988	28.423	0
5.4012	28.425	0
5.4036	28.426	0
5.4083	28.429	0
5.4107	28.43	0
5.4154	28.433	0
5.4178	28.434	0
5.4201	28.435	0
5.4248	28.438	0
5.4271	28.439	0
5.4317	28.442	0
5.434	28.443	0
5.4363	28.444	0
5.4409	28.447	0
5.4432	28.448	0
5.4478	28.451	0
5.4501	28.452	0
5.4523	28.453	0
5.4568	28.456	0
5.4591	28.457	0
5.4636	28.46	0
5.4658	28.461	0
5.4681	28.462	0
5.4725	28.465	0
5.4747	28.466	0
5.4792	28.469	0
5.4814	28.47	0
5.4836	28.471	0
5.488	28.474	0
5.4901	28.475	0
5.4945	28.477	0
5.4967	28.479	0
5.4989	28.48	0
5.5032	28.482	0
5.5053	28.483	0
5.5096	28.486	0
5.5118	28.487	0
5.5139	28.488	0
5.5182	28.491	0
5.5203	28.492	0
5.5245	28.494	0
5.5267	28.495	0
5.5288	28.497	0
5.533	28.499	0
5.5351	28.5	0
5.5392	28.502	0
5.5413	28.504	0
5.5434	28.505	0
5.5476	28.507	0
5.5496	28.508	0
5.5538	28.511	0
5.5558	28.512	0
5.5579	28.513	0
5.562	28.515	0
5.564	28.516	0
5.5681	28.519	0
5.5701	28.52	0
5.5721	28.521	0
5.5762	28.523	0
5.5782	28.524	0
5.5822	28.527	0
5.5842	28.528	0
5.5862	28.529	0
5.5902	28.531	0
5.5922	28.532	0
5.5962	28.534	0
5.5981	28.535	0
5.6001	28.537	0
5.6041	28.539	0
5.606	28.54	0
5.61	28.542	0
5.6119	28.543	0
5.6139	28.544	0
5.6178	28.546	0
5.6197	28.548	0
5.6236	28.55	0
5.6255	28.551	0
5.6274	28.552	0
5.6313	28.554	0
5.6332	28.555	0
5.637	28.557	0
5.639	28.558	0
5.6409	28.559	0
5.6447	28.561	0
5.6466	28.562	0
5.6504	28.565	0
5.6522	28.566	0
5.6541	28.567	0
5.6579	28.569	0
5.6598	28.57	0
5.6635	28.572	0
5.6654	28.573	0
5.6672	28.574	0
5.671	28.576	0
5.6728	28.577	0
5.6765	28.579	0
5.6784	28.58	0
5.6802	28.581	0
5.6839	28.583	0
5.6858	28.584	0
5.6894	28.586	0
5.6913	28.587	0
5.6931	28.588	0
5.6967	28.59	0
5.6985	28.591	0
5.7022	28.593	0
5.704	28.594	0
5.7058	28.595	0
5.7094	28.597	0
5.7112	28.598	0
5.7148	28.6	0
5.7166	28.601	0
5.7184	28.602	0
5.722	28.604	0
5.7237	28.605	0
5.7273	28.607	0
5.7291	28.608	0
5.7309	28.609	0
5.7344	28.611	0
5.7362	28.612	0
5.7397	28.614	0
5.7414	28.615	0
5.7432	28.616	0
5.7467	28.618	0
5.7485	28.619	0
5.752	28.621	0
5.7537	28.622	0
5.7554	28.623	0
5.7589	28.625	0
5.7607	28.626	0
5.7641	28.627	0
5.7659	28.628	0
5.7676	28.629	0
5.771	28.631	0
5.7727	28.632	0
5.7762	28.634	0
5.7779	28.635	0
5.7796	28.636	0
5.783	28.638	0
5.7847	28.639	0
5.7881	28.641	0
5.7898	28.642	0
5.7915	28.642	0
5.7949	28.644	0
5.7966	28.645	0
5.8	28.647	0
5.8017	28.648	0
5.8034	28.649	0
5.8067	28.651	0
5.8084	28.652	0
5.8118	28.653	0
5.8134	28.654	0
5.8151	28.655	0
5.8184	28.657	0
5.8201	28.658	0
5.8234	28.66	0
5.8251	28.661	0
5.8268	28.662	0
5.8301	28.663	0
5.8317	28.664	0
5.835	28.666	0
5.8367	28.667	0
5.8383	28.668	0
5.8416	28.67	0
5.8433	28.671	0
5.8465	28.672	0
5.8482	28.673	0
5.8498	28.674	0
5.8531	28.676	0
5.8547	28.677	0
5.858	28.678	0
5.8596	28.679	0
5.8612	28.68	0
5.8645	28.682	0
5.8661	28.683	0
5.8693	28.685	0
5.8709	28.685	0
5.8726	28.686	0
5.8758	28.688	0
5.8774	28.689	0
5.8806	28.691	0
5.8822	28.692	0
5.8838	28.692	0
5.887	28.694	0
5.8886	28.695	0
5.8918	28.697	0
5.8934	28.698	0
5.895	28.698	0
5.8982	28.7	0
5.8998	28.701	0
5.903	28.703	0
5.9046	28.704	0
5.9061	28.704	0
5.9093	28.706	0
5.9109	28.707	0
5.9141	28.709	0
5.9156	28.709	0
5.9172	28.71	0
5.9204	28.712	0
5.9219	28.713	0
5.9251	28.714	0
5.9267	28.715	0
5.9282	28.716	0
5.9314	28.718	0
5.9329	28.719	0
5.9361	28.72	0
5.9376	28.721	0
5.9392	28.722	0
5.9423	28.724	0
5.9439	28.724	0
5.947	28.726	0
5.9485	28.727	0
5.9501	28.728	0
5.9532	28.729	0
5.9547	28.73	0
5.9578	28.732	0
5.9594	28.733	0
5.9609	28.733	0
5.964	28.735	0
5.9656	28.736	0
5.9687	28.738	0
5.9702	28.738	0
5.9717	28.739	0
5.9748	28.741	0
5.9764	28.742	0
5.9794	28.743	0
5.981	28.744	0
5.9825	28.745	0
5.9856	28.746	0
5.9871	28.747	0
5.9902	28.749	0
5.9917	28.75	0
5.9932	28.75	0
5.9963	28.752	0
5.9978	28.753	0
6.0009	28.754	0
6.0024	28.755	0
6.0039	28.756	0
6.007	28.758	0
6.0085	28.758	0
6.0115	28.76	0
6.013	28.761	0
6.0146	28.762	0
6.0176	28.763	0
6.0191	28.764	0
6.0221	28.766	0
6.0237	28.766	0
6.0252	28.767	0
6.0282	28.769	0
6.0297	28.769	0
6.0327	28.771	0
6.0342	28.772	0
6.0358	28.773	0
6.0388	28.774	0
6.0403	28.775	0
6.0433	28.776	0
6.0448	28.777	0
6.0463	28.778	0
6.0493	28.78	0
6.0508	28.78	0
6.0538	28.782	0
6.0553	28.783	0
6.0568	28.783	0
6.0598	28.785	0
6.0613	28.786	0
6.0643	28.787	0
6.0658	28.788	0
6.0673	28.789	0
6.0703	28.79	0
6.0718	28.791	0
6.0748	28.793	0
6.0763	28.794	0
6.0778	28.794	0
6.0808	28.796	0
6.0823	28.797	0
6.0853	28.798	0
6.0868	28.799	0
6.0883	28.8	0
6.0913	28.801	0
6.0928	28.802	0
6.0957	28.803	0
6.0972	28.804	0
6.0987	28.805	0
6.1017	28.806	0
6.1032	28.807	0
6.1062	28.809	0
6.1077	28.81	0
6.1092	28.81	0
6.1121	28.812	0
6.1136	28.813	0
6.1166	28.814	0
6.1181	28.815	0
6.1196	28.816	0
6.1225	28.817	0
6.124	28.818	0
6.127	28.819	0
6.1285	28.82	0
6.13	28.821	0
6.133	28.822	0
6.1344	28.823	0
6.1374	28.825	0
6.1389	28.825	0
6.1404	28.826	0
6.1433	28.828	0
6.1448	28.828	0
6.1478	28.83	0
6.1493	28.831	0
6.1508	28.831	0
6.1537	28.833	0
6.1552	28.834	0
6.1582	28.835	0
6.1597	28.836	0
6.1612	28.837	0
6.1641	28.838	0
6.1656	28.839	0
6.1686	28.84	0
6.1701	28.841	0
6.1715	28.842	0
6.1745	28.843	0
6.176	28.844	0
6.179	28.845	0
6.1804	28.846	0
6.1819	28.847	0
6.1849	28.848	0
6.1864	28.849	0
6.1893	28.851	0
6.1908	28.851	0
6.1923	28.852	0
6.1953	28.854	0
6.1968	28.854	0
6.1997	28.856	0
6.2012	28.857	0
6.2027	28.857	0
6.2057	28.859	0
6.2072	28.86	0
6.2101	28.861	0
6.2116	28.862	0
6.2131	28.862	0
6.2161	28.864	0
6.2176	28.865	0
6.2205	28.866	0
6.222	28.867	0
6.2235	28.868	0
6.2265	28.869	0
6.228	28.87	0
6.2309	28.871	0
6.2324	28.872	0
6.2339	28.873	0
6.2369	28.874	0
6.2384	28.875	0
6.2414	28.876	0
6.2429	28.877	0
6.2443	28.878	0
6.2473	28.879	0
6.2488	28.88	0
6.2518	28.882	0
6.2533	28.882	0
6.2548	28.883	0
6.2578	28.884	0
6.2593	28.885	0
6.2622	28.887	0
6.2637	28.887	0
6.2652	28.888	0
6.2682	28.89	0
6.2697	28.89	0
6.2727	28.892	0
6.2742	28.892	0
6.2757	28.893	0
6.2787	28.895	0
6.2802	28.895	0
6.2832	28.897	0
6.2847	28.898	0
6.2862	28.898	0
6.2892	28.9	0
6.2907	28.9	0
6.2937	28.902	0
6.2952	28.903	0
6.2967	28.903	0
6.2997	28.905	0
6.3012	28.906	0
6.3042	28.907	0
6.3057	28.908	0
6.3072	28.908	0
6.3102	28.91	0
6.3117	28.911	0
6.3148	28.912	0
6.3163	28.913	0
6.3178	28.914	0
6.3208	28.915	0
6.3223	28.916	0
6.3253	28.917	0
6.3268	28.918	0
6.3283	28.919	0
6.3314	28.92	0
6.3329	28.921	0
6.3359	28.922	0
6.3374	28.923	0
6.3389	28.924	0
6.342	28.925	0
6.3435	28.926	0
6.3465	28.927	0
6.3481	28.928	0
6.3496	28.929	0
6.3526	28.93	0
6.3541	28.931	0
6.3572	28.932	0
6.3587	28.933	0
6.3602	28.934	0
6.3633	28.935	0
6.3648	28.936	0
6.3679	28.937	0
6.3694	28.938	0
6.3709	28.939	0
6.374	28.94	0
6.3755	28.941	0
6.3786	28.942	0
6.3801	28.943	0
6.3816	28.944	0
6.3847	28.945	0
6.3862	28.946	0
6.3893	28.948	0
6.3908	28.948	0
6.3924	28.949	0
6.3955	28.95	0
6.397	28.951	0
6.4001	28.953	0
6.4016	28.953	0
6.4032	28.954	0
6.4063	28.956	0
6.4078	28.956	0
6.4109	28.958	0
6.4124	28.958	0
6.414	28.959	0
6.4171	28.961	0
6.4186	28.961	0
6.4217	28.963	0
6.4233	28.964	0
6.4249	28.964	0
6.428	28.966	0
6.4295	28.966	0
6.4326	28.968	0
6.4342	28.969	0
6.4358	28.969	0
6.4389	28.971	0
6.4404	28.972	0
6.4436	28.973	0
6.4451	28.974	0
6.4467	28.974	0
6.4498	28.976	0
6.4514	28.977	0
6.4545	28.978	0
6.4561	28.979	0
6.4577	28.979	0
6.4608	28.981	0
6.4624	28.982	0
6.4655	28.983	0
6.4671	28.984	0
6.4687	28.985	0
6.4719	28.986	0
6.4734	28.987	0
6.4766	28.988	0
6.4782	28.989	0
6.4798	28.99	0
6.4829	28.991	0
6.4845	28.992	0
6.4877	28.993	0
6.4893	28.994	0
6.4909	28.995	0
6.4941	28.996	0
6.4957	28.997	0
6.4988	28.998	0
6.5004	28.999	0
6.502	29	0
6.5052	29.001	0
6.5068	29.002	0
6.51	29.004	0
6.5116	29.004	0
6.5132	29.005	0
6.5164	29.007	0
6.5181	29.007	0
6.5213	29.009	0
6.5229	29.009	0
6.5245	29.01	0
6.5277	29.012	0
6.5293	29.012	0
6.5326	29.014	0
6.5342	29.015	0
6.5358	29.015	0
6.539	29.017	0
6.5407	29.018	0
6.5439	29.019	0
6.5455	29.02	0
6.5472	29.02	0
6.5504	29.022	0
6.552	29.023	0
6.5553	29.024	0
6.5569	29.025	0
6.5586	29.026	0
6.5618	29.027	0
6.5635	29.028	0
6.5667	29.029	0
6.5684	29.03	0
6.57	29.031	0
6.5733	29.032	0
6.575	29.033	0
6.5782	29.034	0
6.5799	29.035	0
6.5815	29.036	0
6.5848	29.037	0
6.5865	29.038	0
6.5898	29.04	0
6.5915	29.04	0
6.5931	29.041	0
6.5964	29.043	0
6.5981	29.043	0
6.6014	29.045	0
6.6031	29.046	0
6.6047	29.046	0
6.6081	29.048	0
6.6097	29.049	0
6.6131	29.05	0
6.6148	29.051	0
6.6164	29.052	0
6.6198	29.053	0
6.6215	29.054	0
6.6248	29.055	0
6.6265	29.056	0
6.6282	29.057	0
6.6315	29.058	0
6.6332	29.059	0
6.6366	29.06	0
6.6383	29.061	0
6.64	29.062	0
6.6434	29.063	0
6.6451	29.064	0
6.6484	29.066	0
6.6501	29.066	0
6.6518	29.067	0
6.6552	29.069	0
6.6569	29.069	0
6.6603	29.071	0
6.6621	29.072	0
6.6638	29.072	0
6.6672	29.074	0
6.6689	29.075	0
6.6723	29.076	0
6.674	29.077	0
6.6757	29.078	0
6.6792	29.079	0
6.6809	29.08	0
6.6843	29.082	0
6.6861	29.082	0
6.6878	29.083	0
6.6913	29.085	0
6.693	29.085	0
6.6964	29.087	0
6.6982	29.088	0
6.6999	29.088	0
6.7034	29.09	0
6.7051	29.091	0
6.7086	29.092	0
6.7103	29.093	0
6.7121	29.094	0
6.7156	29.095	0
6.7173	29.096	0
6.7208	29.097	0
6.7226	29.098	0
6.7243	29.099	0
6.7278	29.1	0
6.7296	29.101	0
6.7331	29.103	0
6.7349	29.104	0
6.7366	29.104	0
6.7402	29.106	0
6.7419	29.107	0
6.7455	29.108	0
6.7472	29.109	0
6.749	29.11	0
6.7526	29.111	0
6.7543	29.112	0
6.7579	29.113	0
6.7597	29.114	0
6.7615	29.115	0
6.765	29.117	0
6.7668	29.117	0
6.7704	29.119	0
6.7722	29.12	0
6.774	29.12	0
6.7776	29.122	0
6.7794	29.123	0
6.783	29.124	0
6.7848	29.125	0
6.7866	29.126	0
6.7902	29.127	0
6.792	29.128	0
6.7956	29.13	0
6.7974	29.13	0
6.7992	29.131	0
6.8028	29.133	0
6.8047	29.134	0
6.8083	29.135	0
6.8101	29.136	0
6.8119	29.137	0
6.8156	29.138	0
6.8174	29.139	0
6.8211	29.141	0
6.8229	29.141	0
6.8247	29.142	0
6.8284	29.144	0
6.8302	29.144	0
6.8339	29.146	0
6.8358	29.147	0
6.8376	29.148	0
6.8413	29.149	0
6.8431	29.15	0
6.8468	29.151	0
6.8487	29.152	0
6.8505	29.153	0
6.8542	29.155	0
6.8561	29.155	0
6.8598	29.157	0
6.8617	29.158	0
6.8635	29.159	0
6.8673	29.16	0
6.8691	29.161	0
6.8729	29.162	0
6.8748	29.163	0
6.8766	29.164	0
6.8804	29.166	0
6.8823	29.166	0
6.886	29.168	0
6.8879	29.169	0
6.8898	29.17	0
6.8936	29.171	0
6.8955	29.172	0
6.8992	29.174	0
6.9011	29.174	0
6.903	29.175	0
6.9068	29.177	0
6.9087	29.178	0
6.9125	29.179	0
6.9144	29.18	0
6.9163	29.181	0
6.9201	29.182	0
6.9221	29.183	0
6.9259	29.185	0
6.9278	29.186	0
6.9297	29.186	0
6.9336	29.188	0
6.9355	29.189	0
6.9393	29.19	0
6.9413	29.191	0
6.9432	29.192	0
6.947	29.194	0
6.949	29.194	0
6.9528	29.196	0
6.9548	29.197	0
6.9567	29.198	0
6.9606	29.199	0
6.9625	29.2	0
6.9664	29.202	0
6.9684	29.202	0
6.9703	29.203	0
6.9742	29.205	0
6.9762	29.206	0
6.9801	29.207	0
6.9821	29.208	0
6.984	29.209	0
6.988	29.211	0
6.9899	29.211	0
6.9939	29.213	0
6.9958	29.214	0
6.9978	29.215	0
7.0018	29.216	0
7.0037	29.217	0
7.0077	29.219	0
7.0097	29.219	0
7.0117	29.22	0
7.0156	29.222	0
7.0176	29.223	0
7.0216	29.224	0
7.0236	29.225	0
7.0256	29.226	0
7.0296	29.228	0
7.0316	29.228	0
7.0356	29.23	0
7.0376	29.231	0
7.0396	29.232	0
7.0436	29.233	0
7.0456	29.234	0
7.0496	29.236	0
7.0517	29.237	0
7.0537	29.238	0
7.0577	29.239	0
7.0597	29.24	0
7.0638	29.242	0
7.0658	29.243	0
7.0678	29.243	0
7.0719	29.245	0
7.0739	29.246	0
7.078	29.247	0
7.0801	29.248	0
7.0821	29.249	0
7.0862	29.251	0
7.0882	29.252	0
7.0923	29.253	0
7.0944	29.254	0
7.0964	29.255	0
7.1005	29.257	0
7.1026	29.257	0
7.1067	29.259	0
7.1088	29.26	0
7.1108	29.261	0
7.115	29.263	0
7.117	29.263	0
7.1212	29.265	0
7.1233	29.266	0
7.1253	29.267	0
7.1295	29.268	0
7.1316	29.269	0
7.1357	29.271	0
7.1378	29.272	0
7.1399	29.273	0
7.1441	29.274	0
7.1462	29.275	0
7.1504	29.277	0
7.1525	29.278	0
7.1546	29.279	0
7.1588	29.28	0
7.1609	29.281	0
7.1651	29.283	0
7.1672	29.284	0
7.1693	29.284	0
7.1735	29.286	0
7.1756	29.287	0
7.1799	29.289	0
7.182	29.29	0
7.1841	29.29	0
7.1884	29.292	0
7.1905	29.293	0
7.1947	29.295	0
7.1969	29.296	0
7.199	29.296	0
7.2033	29.298	0
7.2054	29.299	0
7.2097	29.301	0
7.2118	29.302	0
7.214	29.302	0
7.2183	29.304	0
7.2204	29.305	0
7.2247	29.307	0
7.2269	29.308	0
7.229	29.308	0
7.2334	29.31	0
7.2355	29.311	0
7.2399	29.313	0
7.242	29.314	0
7.2442	29.314	0
7.2485	29.316	0
7.2507	29.317	0
7.2551	29.319	0
7.2572	29.32	0
7.2594	29.321	0
7.2638	29.322	0
7.266	29.323	0
7.2704	29.325	0
7.2725	29.326	0
7.2747	29.327	0
7.2791	29.328	0
7.2813	29.329	0
7.2857	29.331	0
7.2879	29.332	0
7.2901	29.333	0
7.2945	29.335	0
7.2968	29.335	0
7.3012	29.337	0
7.3034	29.338	0
7.3056	29.339	0
7.31	29.341	0
7.3123	29.342	0
7.3167	29.343	0
7.3189	29.344	0
7.3212	29.345	0
7.3256	29.347	0
7.3279	29.348	0
7.3323	29.349	0
7.3346	29.35	0
7.3368	29.351	0
7.3413	29.353	0
7.3435	29.354	0
7.348	29.356	0
7.3503	29.357	0
7.3525	29.357	0
7.357	29.359	0
7.3593	29.36	0
7.3638	29.362	0
7.3661	29.363	0
7.3683	29.364	0
7.3729	29.365	0
7.3751	29.366	0
7.3797	29.368	0
7.382	29.369	0
7.3842	29.37	0
7.3888	29.372	0
7.3911	29.373	0
7.3956	29.374	0
7.3979	29.375	0
7.4002	29.376	0
7.4048	29.378	0
7.4071	29.379	0
7.4117	29.381	0
7.414	29.382	0
7.4163	29.383	0
7.4209	29.384	0
7.4232	29.385	0
7.4278	29.387	0
7.4301	29.388	0
7.4324	29.389	0
7.437	29.391	0
7.4393	29.392	0
7.444	29.393	0
7.4463	29.394	0
7.4486	29.395	0
7.4533	29.397	0
7.4556	29.398	0
7.4602	29.4	0
7.4626	29.401	0
7.4649	29.402	0
7.4696	29.403	0
7.4719	29.404	0
7.4766	29.406	0
7.479	29.407	0
7.4813	29.408	0
7.486	29.41	0
7.4883	29.411	0
7.4931	29.413	0
7.4954	29.413	0
7.4978	29.414	0
7.5025	29.416	0
7.5048	29.417	0
7.5096	29.419	0
7.5119	29.42	0
7.5143	29.421	0
7.5191	29.423	0
7.5214	29.424	0
7.5262	29.425	0
7.5286	29.426	0
7.5309	29.427	0
7.5357	29.429	0
7.5381	29.43	0
7.5429	29.432	0
7.5453	29.433	0
7.5477	29.434	0
7.5524	29.436	0
7.5548	29.437	0
7.5596	29.438	0
7.562	29.439	0
7.5644	29.44	0
7.5693	29.442	0
7.5717	29.443	0
7.5765	29.445	0
7.5789	29.446	0
7.5813	29.447	0
7.5862	29.449	0
7.5886	29.45	0
7.5934	29.452	0
7.5958	29.452	0
7.5983	29.453	0
7.6031	29.455	0
7.6056	29.456	0
7.6104	29.458	0
7.6129	29.459	0
7.6153	29.46	0
7.6202	29.462	0
7.6226	29.463	0
7.6275	29.465	0
7.63	29.466	0
7.6324	29.467	0
7.6373	29.469	0
7.6398	29.469	0
7.6447	29.471	0
7.6471	29.472	0
7.6496	29.473	0
7.6545	29.475	0
7.657	29.476	0
7.6619	29.478	0
7.6644	29.479	0
7.6669	29.48	0
7.6718	29.482	0
7.6743	29.483	0
7.6793	29.485	0
7.6818	29.486	0
7.6842	29.487	0
7.6892	29.489	0
7.6917	29.49	0
7.6967	29.491	0
7.6992	29.492	0
7.7017	29.493	0
7.7067	29.495	0
7.7092	29.496	0
7.7142	29.498	0
7.7167	29.499	0
7.7192	29.5	0
7.7242	29.502	0
7.7267	29.503	0
7.7317	29.505	0
7.7342	29.506	0
7.7368	29.507	0
7.7418	29.509	0
7.7443	29.51	0
7.7494	29.512	0
7.7519	29.513	0
7.7544	29.514	0
7.7595	29.516	0
7.762	29.517	0
7.7671	29.519	0
7.7696	29.519	0
7.7722	29.52	0
7.7773	29.522	0
7.7798	29.523	0
7.7849	29.525	0
7.7874	29.526	0
7.79	29.527	0
7.7951	29.529	0
7.7976	29.53	0
7.8028	29.532	0
7.8053	29.533	0
7.8079	29.534	0
7.813	29.536	0
7.8156	29.537	0
7.8207	29.539	0
7.8233	29.54	0
7.8259	29.541	0
7.831	29.543	0
7.8336	29.544	0
7.8387	29.546	0
7.8413	29.547	0
7.8439	29.548	0
7.8491	29.55	0
7.8517	29.551	0
7.8568	29.553	0
7.8594	29.554	0
7.862	29.555	0
7.8672	29.557	0
7.8698	29.558	0
7.875	29.56	0
7.8776	29.561	0
7.8802	29.562	0
7.8854	29.564	0
7.888	29.565	0
7.8933	29.567	0
7.8959	29.568	0
7.8985	29.569	0
7.9037	29.571	0
7.9063	29.572	0
7.9116	29.574	0
7.9142	29.575	0
7.9168	29.576	0
7.9221	29.578	0
7.9247	29.579	0
7.93	29.581	0
7.9326	29.582	0
7.9353	29.583	0
7.9405	29.585	0
7.9432	29.586	0
7.9485	29.588	0
7.9511	29.589	0
7.9538	29.59	0
7.959	29.592	0
7.9617	29.593	0
7.967	29.595	0
7.9697	29.596	0
7.9723	29.597	0
7.9776	29.599	0
7.9803	29.6	0
7.9856	29.602	0
7.9883	29.603	0
7.9909	29.604	0
7.9963	29.606	0
7.999	29.607	0
8.0043	29.609	0
8.007	29.61	0
8.0097	29.611	0
8.015	29.613	0
8.0177	29.614	0
8.0231	29.616	0
8.0257	29.617	0
8.0284	29.619	0
8.0338	29.621	0
8.0365	29.622	0
8.0419	29.624	0
8.0446	29.625	0
8.0473	29.626	0
8.0527	29.628	0
8.0554	29.629	0
8.0608	29.631	0
8.0635	29.632	0
8.0662	29.633	0
8.0716	29.635	0
8.0743	29.636	0
8.0797	29.638	0
8.0825	29.639	0
8.0852	29.64	0
8.0906	29.642	0
8.0933	29.643	0
8.0988	29.645	0
8.1015	29.646	0
8.1042	29.647	0
8.1097	29.65	0
8.1124	29.651	0
8.1179	29.653	0
8.1206	29.654	0
8.1234	29.655	0
8.1288	29.657	0
8.1316	29.658	0
8.137	29.66	0
8.1398	29.661	0
8.1425	29.662	0
8.148	29.664	0
8.1508	29.665	0
8.1563	29.667	0
8.159	29.668	0
8.1618	29.669	0
8.1673	29.671	0
8.1701	29.673	0
8.1756	29.675	0
8.1783	29.676	0
8.1811	29.677	0
8.1866	29.679	0
8.1894	29.68	0
8.1949	29.682	0
8.1977	29.683	0
8.2005	29.684	0
8.206	29.686	0
8.2088	29.687	0
8.2144	29.689	0
8.2172	29.691	0
8.2199	29.692	0
8.2255	29.694	0
8.2283	29.695	0
8.2339	29.697	0
8.2367	29.698	0
8.2395	29.699	0
8.245	29.701	0
8.2478	29.702	0
8.2534	29.704	0
8.2562	29.705	0
8.259	29.706	0
8.2646	29.709	0
8.2674	29.71	0
8.273	29.712	0
8.2759	29.713	0
8.2787	29.714	0
8.2843	29.716	0
8.2871	29.717	0
8.2927	29.719	0
8.2955	29.72	0
8.2984	29.722	0
8.304	29.724	0
8.3068	29.725	0
8.3125	29.727	0
8.3153	29.728	0
8.3181	29.729	0
8.3238	29.731	0
8.3266	29.732	0
8.3323	29.734	0
8.3351	29.736	0
8.3379	29.737	0
8.3436	29.739	0
8.3464	29.74	0
8.3521	29.742	0
8.355	29.743	0
8.3578	29.744	0
8.3635	29.746	0
8.3663	29.747	0
8.372	29.75	0
8.3749	29.751	0
8.3777	29.752	0
8.3835	29.754	0
8.3863	29.755	0
8.392	29.757	0
8.3949	29.758	0
8.3977	29.759	0
8.4035	29.762	0
8.4063	29.763	0
8.4121	29.765	0
8.4149	29.766	0
8.4178	29.767	0
8.4235	29.769	0
8.4264	29.77	0
8.4321	29.773	0
8.435	29.774	0
8.4379	29.775	0
8.4436	29.777	0
8.4465	29.778	0
8.4523	29.78	0
8.4552	29.781	0
8.4581	29.783	0
8.4638	29.785	0
8.4667	29.786	0
8.4725	29.788	0
8.4754	29.789	0
8.4783	29.79	0
8.4841	29.793	0
8.487	29.794	0
8.4927	29.796	0
8.4956	29.797	0
8.4985	29.798	0
8.5043	29.8	0
8.5072	29.801	0
8.5131	29.804	0
8.516	29.805	0
8.5189	29.806	0
8.5247	29.808	0
8.5276	29.809	0
8.5334	29.811	0
8.5363	29.813	0
8.5392	29.814	0
8.5451	29.816	0
8.548	29.817	0
8.5538	29.819	0
8.5567	29.82	0
8.5597	29.822	0
8.5655	29.824	0
8.5684	29.825	0
8.5743	29.827	0
8.5772	29.828	0
8.5801	29.829	0
8.586	29.832	0
8.5889	29.833	0
8.5948	29.835	0
8.5977	29.836	0
8.6007	29.837	0
8.6065	29.84	0
8.6095	29.841	0
8.6154	29.843	0
8.6183	29.844	0
8.6212	29.845	0
8.6271	29.847	0
8.6301	29.849	0
8.636	29.851	0
8.6389	29.852	0
8.6419	29.853	0
8.6478	29.855	0
8.6507	29.857	0
8.6566	29.859	0
8.6596	29.86	0
8.6625	29.861	0
8.6685	29.863	0
8.6714	29.865	0
8.6773	29.867	0
8.6803	29.868	0
8.6833	29.869	0
8.6892	29.871	0
8.6921	29.873	0
8.6981	29.875	0
8.701	29.876	0
8.704	29.877	0
8.71	29.879	0
8.7129	29.881	0
8.7189	29.883	0
8.7218	29.884	0
8.7248	29.885	0
8.7308	29.887	0
8.7338	29.889	0
8.7397	29.891	0
8.7427	29.892	0
8.7457	29.893	0
8.7516	29.896	0
8.7546	29.897	0
8.7606	29.899	0
8.7636	29.9	0
8.7666	29.901	0
8.7725	29.904	0
8.7755	29.905	0
8.7815	29.907	0
8.7845	29.908	0
8.7875	29.909	0
8.7935	29.912	0
8.7965	29.913	0
8.8025	29.915	0
8.8055	29.916	0
8.8085	29.918	0
8.8145	29.92	0
8.8175	29.921	0
8.8235	29.923	0
8.8265	29.925	0
8.8295	29.926	0
8.8355	29.928	0
8.8385	29.929	0
8.8445	29.932	0
8.8475	29.933	0
8.8506	29.934	0
8.8566	29.936	0
8.8596	29.937	0
8.8656	29.94	0
8.8686	29.941	0
8.8716	29.942	0
8.8777	29.944	0
8.8807	29.946	0
8.8867	29.948	0
8.8898	29.949	0
8.8928	29.95	0
8.8988	29.953	0
8.9018	29.954	0
8.9079	29.956	0
8.9109	29.957	0
8.9139	29.959	0
8.92	29.961	0
8.923	29.962	0
8.9291	29.964	0
8.9321	29.966	0
8.9352	29.967	0
8.9412	29.969	0
8.9442	29.97	0
8.9503	29.973	0
8.9534	29.974	0
8.9564	29.975	0
8.9625	29.977	0
8.9655	29.979	0
8.9716	29.981	0
8.9746	29.982	0
8.9777	29.983	0
8.9837	29.986	0
8.9868	29.987	0
8.9929	29.989	0
8.9959	29.991	0
8.999	29.992	0
9.0051	29.994	0
9.0081	29.995	0
9.0142	29.998	0
9.0173	29.999	0
9.0203	30	0
9.0264	30.003	0
9.0295	30.004	0
9.0356	30.006	0
9.0386	30.007	0
9.0417	30.008	0
9.0478	30.011	0
9.0508	30.012	0
9.057	30.014	0
9.06	30.016	0
9.0631	30.017	0
9.0692	30.019	0
9.0723	30.021	0
9.0784	30.023	0
9.0814	30.024	0
9.0845	30.025	0
9.0906	30.028	0
9.0937	30.029	0
9.0998	30.031	0
9.1029	30.033	0
9.106	30.034	0
9.1121	30.036	0
9.1152	30.037	0
9.1213	30.04	0
9.1244	30.041	0
9.1275	30.042	0
9.1336	30.045	0
9.1367	30.046	0
9.1428	30.048	0
9.1459	30.05	0
9.149	30.051	0
9.1551	30.053	0
9.1582	30.054	0
9.1643	30.057	0
9.1674	30.058	0
9.1705	30.059	0
9.1767	30.062	0
9.1797	30.063	0
9.1859	30.065	0
9.189	30.067	0
9.1921	30.068	0
9.1982	30.07	0
9.2013	30.071	0
9.2075	30.074	0
9.2106	30.075	0
9.2137	30.076	0
9.2198	30.079	0
9.2229	30.08	0
9.2291	30.082	0
9.2322	30.084	0
9.2353	30.085	0
9.2414	30.087	0
9.2445	30.089	0
9.2507	30.091	0
9.2538	30.092	0
9.2569	30.093	0
9.2631	30.096	0
9.2662	30.097	0
9.2724	30.1	0
9.2755	30.101	0
9.2786	30.102	0
9.2847	30.105	0
9.2878	30.106	0
9.294	30.108	0
9.2971	30.109	0
9.3002	30.111	0
9.3064	30.113	0
9.3095	30.114	0
9.3157	30.117	0
9.3188	30.118	0
9.3219	30.119	0
9.3281	30.122	0
9.3312	30.123	0
9.3374	30.126	0
9.3405	30.127	0
9.3436	30.128	0
9.3498	30.131	0
9.3529	30.132	0
9.3592	30.134	0
9.3623	30.135	0
9.3654	30.137	0
9.3716	30.139	0
9.3747	30.14	0
9.3809	30.143	0
9.384	30.144	0
9.3871	30.145	0
9.3933	30.148	0
9.3964	30.149	0
9.4026	30.152	0
9.4058	30.153	0
9.4089	30.154	0
9.4151	30.157	0
9.4182	30.158	0
9.4244	30.16	0
9.4275	30.162	0
9.4306	30.163	0
9.4369	30.165	0
9.44	30.167	0
9.4462	30.169	0
9.4493	30.17	0
9.4524	30.172	0
9.4587	30.174	0
9.4618	30.175	0
9.468	30.178	0
9.4711	30.179	0
9.4742	30.18	0
9.4805	30.183	0
9.4836	30.184	0
9.4898	30.187	0
9.4929	30.188	0
9.4961	30.189	0
9.5023	30.192	0
9.5054	30.193	0
9.5116	30.196	0
9.5148	30.197	0
9.5179	30.198	0
9.5241	30.201	0
9.5272	30.202	0
9.5335	30.204	0
9.5366	30.206	0
9.5397	30.207	0
9.546	30.209	0
9.5491	30.211	0
9.5553	30.213	0
9.5584	30.215	0
9.5616	30.216	0
9.5678	30.218	0
9.5709	30.22	0
9.5772	30.222	0
9.5803	30.223	0
9.5834	30.225	0
9.5897	30.227	0
9.5928	30.228	0
9.599	30.231	0
9.6022	30.232	0
9.6053	30.234	0
9.6115	30.236	0
9.6147	30.237	0
9.6209	30.24	0
9.624	30.241	0
9.6272	30.242	0
9.6334	30.245	0
9.6365	30.246	0
9.6428	30.249	0
9.6459	30.25	0
9.649	30.251	0
9.6553	30.254	0
9.6584	30.255	0
9.6647	30.258	0
9.6678	30.259	0
9.6709	30.26	0
9.6772	30.263	0
9.6803	30.264	0
9.6865	30.267	0
9.6897	30.268	0
9.6928	30.269	0
9.699	30.272	0
9.7022	30.273	0
9.7084	30.276	0
9.7116	30.277	0
9.7147	30.278	0
9.7209	30.281	0
9.7241	30.282	0
9.7303	30.285	0
9.7334	30.286	0
9.7366	30.287	0
9.7428	30.29	0
9.746	30.291	0
9.7522	30.294	0
9.7553	30.295	0
9.7585	30.296	0
9.7647	30.299	0
9.7678	30.3	0
9.7741	30.303	0
9.7772	30.304	0
9.7804	30.305	0
9.7866	30.308	0
9.7897	30.309	0
9.796	30.312	0
9.7991	30.313	0
9.8023	30.314	0
9.8085	30.317	0
9.8116	30.318	0
9.8179	30.321	0
9.821	30.322	0
9.8241	30.323	0
9.8304	30.326	0
9.8335	30.327	0
9.8398	30.33	0
9.8429	30.331	0
9.846	30.332	0
9.8523	30.335	0
9.8554	30.336	0
9.8617	30.339	0
9.8648	30.34	0
9.8679	30.341	0
9.8742	30.344	0
9.8773	30.345	0
9.8836	30.348	0
9.8867	30.349	0
9.8898	30.351	0
9.8961	30.353	0
9.8992	30.354	0
9.9054	30.357	0
9.9086	30.358	0
9.9117	30.36	0
9.9179	30.362	0
9.9211	30.364	0
9.9273	30.366	0
9.9304	30.367	0
9.9336	30.369	0
9.9398	30.371	0
9.9429	30.373	0
9.9492	30.375	0
9.9523	30.377	0
9.9554	30.378	0
9.9617	30.38	0
9.9648	30.382	0
9.971	30.384	0
9.9742	30.386	0
9.9773	30.387	0
9.9835	30.39	0
9.9867	30.391	0
9.9929	30.394	0
9.996	30.395	0
9.9991	30.396	0
10.005	30.399	0
10.009	30.4	0
10.015	30.403	0
10.018	30.404	0
10.021	30.405	0
10.027	30.408	0
10.03	30.409	0
10.037	30.412	0
10.04	30.413	0
10.043	30.414	0
10.049	30.417	0
10.052	30.418	0
10.058	30.421	0
10.062	30.422	0
10.065	30.424	0
10.071	30.426	0
10.074	30.428	0
10.08	30.43	0
10.083	30.432	0
10.086	30.433	0
10.093	30.436	0
10.096	30.437	0
10.102	30.439	0
10.105	30.441	0
10.108	30.442	0
10.115	30.445	0
10.118	30.446	0
10.124	30.449	0
10.127	30.45	0
10.13	30.451	0
10.136	30.454	0
10.139	30.455	0
10.146	30.458	0
10.149	30.459	0
10.152	30.461	0
10.158	30.463	0
10.161	30.464	0
10.167	30.467	0
10.171	30.468	0
10.174	30.47	0
10.18	30.472	0
10.183	30.474	0
10.189	30.476	0
10.192	30.478	0
10.195	30.479	0
10.202	30.482	0
10.205	30.483	0
10.211	30.486	0
10.214	30.487	0
10.217	30.488	0
10.223	30.491	0
10.226	30.492	0
10.233	30.495	0
10.236	30.496	0
10.239	30.498	0
10.245	30.5	0
10.248	30.502	0
10.254	30.504	0
10.257	30.505	0
10.261	30.507	0
10.267	30.509	0
10.27	30.511	0
10.276	30.513	0
10.279	30.515	0
10.282	30.516	0
10.288	30.519	0
10.291	30.52	0
10.298	30.523	0
10.301	30.524	0
10.304	30.525	0
10.31	30.528	0
10.313	30.529	0
10.319	30.532	0
10.322	30.533	0
10.326	30.535	0
10.332	30.537	0
10.335	30.539	0
10.341	30.541	0
10.344	30.543	0
10.347	30.544	0
10.353	30.547	0
10.356	30.548	0
10.363	30.551	0
10.366	30.552	0
10.369	30.553	0
10.375	30.556	0
10.378	30.557	0
10.384	30.56	0
10.387	30.561	0
10.39	30.563	0
10.397	30.565	0
10.4	30.567	0
10.406	30.569	0
10.409	30.571	0
10.412	30.572	0
10.418	30.575	0
10.421	30.576	0
10.427	30.579	0
10.43	30.58	0
10.433	30.581	0
10.44	30.584	0
10.443	30.585	0
10.449	30.588	0
10.452	30.589	0
10.455	30.591	0
10.461	30.593	0
10.464	30.595	0
10.47	30.597	0
10.473	30.599	0
10.476	30.6	0
10.483	30.603	0
10.486	30.604	0
10.492	30.607	0
10.495	30.608	0
10.498	30.609	0
10.504	30.612	0
10.507	30.613	0
10.513	30.616	0
10.516	30.617	0
10.519	30.619	0
10.526	30.621	0
10.529	30.623	0
10.535	30.625	0
10.538	30.627	0
10.541	30.628	0
10.547	30.631	0
10.55	30.632	0
10.556	30.635	0
10.559	30.636	0
10.562	30.637	0
10.568	30.64	0
10.571	30.641	0
10.577	30.644	0
10.581	30.645	0
10.584	30.647	0
10.59	30.649	0
10.593	30.651	0
10.599	30.653	0
10.602	30.655	0
10.605	30.656	0
10.611	30.659	0
10.614	30.66	0
10.62	30.663	0
10.623	30.664	0
10.626	30.665	0
10.632	30.668	0
10.635	30.669	0
10.641	30.672	0
10.645	30.673	0
10.648	30.675	0
10.654	30.677	0
10.657	30.679	0
10.663	30.682	0
10.666	30.683	0
10.669	30.684	0
10.675	30.687	0
10.678	30.688	0
10.684	30.691	0
10.687	30.692	0
10.69	30.694	0
10.696	30.696	0
10.699	30.698	0
10.705	30.7	0
10.708	30.702	0
10.711	30.703	0
10.717	30.706	0
10.72	30.707	0
10.726	30.71	0
10.729	30.711	0
10.732	30.712	0
10.738	30.715	0
10.741	30.716	0
10.748	30.719	0
10.751	30.72	0
10.754	30.722	0
10.76	30.724	0
10.763	30.726	0
10.769	30.728	0
10.772	30.73	0
10.775	30.731	0
10.781	30.734	0
10.784	30.735	0
10.79	30.738	0
10.793	30.739	0
10.796	30.74	0
10.802	30.743	0
10.805	30.744	0
10.811	30.747	0
10.814	30.749	0
10.817	30.75	0
10.823	30.753	0
10.826	30.754	0
10.832	30.757	0
10.835	30.758	0
10.838	30.759	0
10.844	30.762	0
10.847	30.763	0
10.853	30.766	0
10.856	30.767	0
10.859	30.769	0
10.865	30.771	0
10.868	30.773	0
10.874	30.775	0
10.877	30.777	0
10.88	30.778	0
10.886	30.781	0
10.889	30.782	0
10.895	30.785	0
10.898	30.786	0
10.901	30.787	0
10.907	30.79	0
10.91	30.791	0
10.915	30.794	0
10.918	30.795	0
10.921	30.797	0
10.927	30.799	0
10.93	30.801	0
10.936	30.803	0
10.939	30.805	0
10.942	30.806	0
10.948	30.809	0
10.951	30.81	0
10.957	30.813	0
10.96	30.814	0
10.963	30.815	0
10.969	30.818	0
10.972	30.82	0
10.978	30.822	0
10.981	30.824	0
10.984	30.825	0
10.99	30.828	0
10.993	30.829	0
10.999	30.832	0
11.002	30.833	0
11.005	30.834	0
11.01	30.837	0
11.013	30.838	0
11.019	30.841	0
11.022	30.842	0
11.025	30.844	0
11.031	30.846	0
11.034	30.848	0
11.04	30.85	0
11.043	30.852	0
11.046	30.853	0
11.052	30.856	0
11.055	30.857	0
11.061	30.86	0
11.064	30.861	0
11.067	30.862	0
11.072	30.865	0
11.075	30.866	0
11.081	30.869	0
11.084	30.87	0
11.087	30.872	0
11.093	30.874	0
11.096	30.876	0
11.102	30.878	0
11.105	30.88	0
11.108	30.881	0
11.113	30.884	0
11.116	30.885	0
11.122	30.888	0
11.125	30.889	0
11.128	30.89	0
11.134	30.893	0
11.137	30.894	0
11.143	30.897	0
11.146	30.898	0
11.149	30.9	0
11.154	30.902	0
11.157	30.904	0
11.163	30.906	0
11.166	30.908	0
11.169	30.909	0
11.175	30.912	0
11.178	30.913	0
11.184	30.916	0
11.186	30.917	0
11.189	30.918	0
11.195	30.921	0
11.198	30.922	0
11.204	30.925	0
11.207	30.926	0
11.21	30.928	0
11.215	30.93	0
11.218	30.932	0
11.224	30.934	0
11.227	30.936	0
11.23	30.937	0
11.236	30.94	0
11.239	30.941	0
11.244	30.944	0
11.247	30.945	0
11.25	30.946	0
11.256	30.949	0
11.259	30.95	0
11.265	30.953	0
11.268	30.954	0
11.27	30.956	0
11.276	30.958	0
11.279	30.96	0
11.285	30.962	0
11.288	30.964	0
11.291	30.965	0
11.296	30.968	0
11.299	30.969	0
11.305	30.972	0
11.308	30.973	0
11.311	30.974	0
11.316	30.977	0
11.319	30.978	0
11.325	30.981	0
11.328	30.982	0
11.331	30.983	0
11.337	30.986	0
11.339	30.987	0
11.345	30.99	0
11.348	30.991	0
11.351	30.993	0
11.357	30.995	0
11.359	30.997	0
11.365	30.999	0
11.368	31.001	0
11.371	31.002	0
11.377	31.005	0
11.379	31.006	0
11.385	31.009	0
11.388	31.01	0
11.391	31.011	0
11.396	31.014	0
11.399	31.015	0
11.405	31.018	0
11.408	31.019	0
11.411	31.021	0
11.416	31.023	0
11.419	31.024	0
11.425	31.027	0
11.428	31.028	0
11.431	31.03	0
11.436	31.032	0
11.439	31.034	0
11.445	31.036	0
11.448	31.038	0
11.45	31.039	0
11.456	31.042	0
11.459	31.043	0
11.465	31.046	0
11.467	31.047	0
11.47	31.048	0
11.476	31.051	0
11.479	31.052	0
11.484	31.055	0
11.487	31.056	0
11.49	31.057	0
11.496	31.06	0
11.498	31.061	0
11.504	31.064	0
11.507	31.065	0
11.51	31.067	0
11.515	31.069	0
11.518	31.071	0
11.524	31.073	0
11.526	31.074	0
11.529	31.076	0
11.535	31.078	0
11.538	31.08	0
11.543	31.082	0
11.546	31.084	0
11.549	31.085	0
11.554	31.088	0
11.557	31.089	0
11.563	31.091	0
11.566	31.093	0
11.568	31.094	0
11.574	31.097	0
11.577	31.098	0
11.582	31.101	0
11.585	31.102	0
11.588	31.103	0
11.593	31.106	0
11.596	31.107	0
11.602	31.11	0
11.605	31.111	0
11.607	31.112	0
11.613	31.115	0
11.616	31.116	0
11.621	31.119	0
11.624	31.12	0
11.627	31.122	0
11.632	31.124	0
11.635	31.125	0
11.641	31.128	0
11.643	31.129	0
11.646	31.131	0
11.652	31.133	0
11.654	31.135	0
11.66	31.137	0
11.663	31.138	0
11.665	31.14	0
11.671	31.142	0
11.674	31.144	0
11.679	31.146	0
11.682	31.148	0
11.685	31.149	0
11.69	31.151	0
11.693	31.153	0
11.698	31.155	0
11.701	31.157	0
11.704	31.158	0
11.709	31.16	0
11.712	31.162	0
11.718	31.164	0
11.72	31.166	0
11.723	31.167	0
11.729	31.17	0
11.731	31.171	0
11.737	31.173	0
11.739	31.175	0
11.742	31.176	0
11.748	31.179	0
11.75	31.18	0
11.756	31.182	0
11.759	31.184	0
11.761	31.185	0
11.767	31.188	0
11.769	31.189	0
11.775	31.191	0
11.778	31.193	0
11.78	31.194	0
11.786	31.197	0
11.788	31.198	0
11.794	31.2	0
11.797	31.202	0
11.799	31.203	0
11.805	31.206	0
11.807	31.207	0
11.813	31.209	0
11.816	31.211	0
11.818	31.212	0
11.824	31.215	0
11.826	31.216	0
11.832	31.218	0
11.834	31.22	0
11.837	31.221	0
11.843	31.224	0
11.845	31.225	0
11.851	31.227	0
11.853	31.229	0
11.856	31.23	0
11.861	31.233	0
11.864	31.234	0
11.869	31.236	0
11.872	31.238	0
11.875	31.239	0
11.88	31.241	0
11.883	31.243	0
11.888	31.245	0
11.891	31.247	0
11.894	31.248	0
11.899	31.25	0
11.902	31.252	0
11.907	31.254	0
11.91	31.256	0
11.912	31.257	0
11.918	31.259	0
11.92	31.261	0
11.926	31.263	0
11.928	31.264	0
11.931	31.266	0
11.936	31.268	0
11.939	31.269	0
11.944	31.272	0
11.947	31.273	0
11.95	31.275	0
11.955	31.277	0
11.958	31.278	0
11.963	31.281	0
11.966	31.282	0
11.968	31.283	0
11.973	31.286	0
11.976	31.287	0
11.981	31.29	0
11.984	31.291	0
11.987	31.292	0
11.992	31.295	0
11.995	31.296	0
12	31.299	0
12.003	31.3	0
12.005	31.301	0
12.01	31.304	0
12.013	31.305	0
12.018	31.307	0
12.021	31.309	0
12.024	31.31	0
12.029	31.312	0
12.031	31.314	0
12.037	31.316	0
12.039	31.317	0
12.042	31.319	0
12.047	31.321	0
12.05	31.322	0
12.055	31.325	0
12.058	31.326	0
12.06	31.327	0
12.066	31.33	0
12.068	31.331	0
12.073	31.334	0
12.076	31.335	0
12.079	31.336	0
12.084	31.339	0
12.086	31.34	0
12.092	31.343	0
12.094	31.344	0
12.097	31.345	0
12.102	31.348	0
12.105	31.349	0
12.11	31.351	0
12.112	31.352	0
12.115	31.354	0
12.12	31.356	0
12.123	31.357	0
12.128	31.36	0
12.131	31.361	0
12.133	31.362	0
12.138	31.365	0
12.141	31.366	0
12.146	31.369	0
12.149	31.37	0
12.151	31.371	0
12.156	31.374	0
12.159	31.375	0
12.164	31.377	0
12.167	31.379	0
12.169	31.38	0
12.174	31.382	0
12.177	31.384	0
12.182	31.386	0
12.185	31.387	0
12.187	31.388	0
12.192	31.391	0
12.195	31.392	0
12.2	31.395	0
12.203	31.396	0
12.205	31.397	0
12.21	31.4	0
12.213	31.401	0
12.218	31.403	0
12.221	31.404	0
12.223	31.406	0
12.228	31.408	0
12.231	31.409	0
12.236	31.412	0
12.238	31.413	0
12.241	31.414	0
12.246	31.417	0
12.249	31.418	0
12.254	31.42	0
12.256	31.422	0
12.259	31.423	0
12.264	31.425	0
12.266	31.427	0
12.272	31.429	0
12.274	31.43	0
12.277	31.431	0
12.282	31.434	0
12.284	31.435	0
12.289	31.438	0
12.292	31.439	0
12.294	31.44	0
12.299	31.442	0
12.302	31.444	0
12.307	31.446	0
12.309	31.447	0
12.312	31.448	0
12.317	31.451	0
12.32	31.452	0
12.325	31.455	0
12.327	31.456	0
12.33	31.457	0
12.335	31.459	0
12.337	31.461	0
12.342	31.463	0
12.345	31.464	0
12.347	31.465	0
12.352	31.468	0
12.355	31.469	0
12.36	31.472	0
12.362	31.473	0
12.365	31.474	0
12.37	31.476	0
12.372	31.478	0
12.377	31.48	0
12.38	31.481	0
12.382	31.482	0
12.387	31.485	0
12.39	31.486	0
12.395	31.488	0
12.397	31.49	0
12.4	31.491	0
12.405	31.493	0
12.407	31.494	0
12.412	31.497	0
12.415	31.498	0
12.417	31.499	0
12.422	31.502	0
12.424	31.503	0
12.429	31.505	0
12.432	31.506	0
12.434	31.508	0
12.439	31.51	0
12.442	31.511	0
12.447	31.514	0
12.449	31.515	0
12.452	31.516	0
12.457	31.518	0
12.459	31.519	0
12.464	31.522	0
12.467	31.523	0
12.469	31.524	0
12.474	31.527	0
12.476	31.528	0
12.481	31.53	0
12.484	31.531	0
12.486	31.533	0
12.491	31.535	0
12.494	31.536	0
12.498	31.538	0
12.501	31.54	0
12.503	31.541	0
12.508	31.543	0
12.511	31.544	0
12.516	31.547	0
12.518	31.548	0
12.52	31.549	0
12.525	31.551	0
12.528	31.553	0
12.533	31.555	0
12.535	31.556	0
12.538	31.557	0
12.542	31.56	0
12.545	31.561	0
12.55	31.563	0
12.552	31.564	0
12.555	31.566	0
12.559	31.568	0
12.562	31.569	0
12.567	31.571	0
12.569	31.573	0
12.572	31.574	0
12.576	31.576	0
12.579	31.577	0
12.584	31.58	0
12.586	31.581	0
12.589	31.582	0
12.593	31.584	0
12.596	31.585	0
12.601	31.588	0
12.603	31.589	0
12.605	31.59	0
12.61	31.592	0
12.613	31.594	0
12.618	31.596	0
12.62	31.597	0
12.622	31.598	0
12.627	31.601	0
12.63	31.602	0
12.634	31.604	0
12.637	31.605	0
12.639	31.606	0
12.644	31.609	0
12.646	31.61	0
12.651	31.612	0
12.654	31.613	0
12.656	31.614	0
12.661	31.617	0
12.663	31.618	0
12.668	31.62	0
12.67	31.621	0
12.673	31.623	0
12.677	31.625	0
12.68	31.626	0
12.685	31.628	0
12.687	31.629	0
12.689	31.631	0
12.694	31.633	0
12.697	31.634	0
12.701	31.636	0
12.704	31.637	0
12.706	31.639	0
12.711	31.641	0
12.713	31.642	0
12.718	31.644	0
12.72	31.645	0
12.723	31.647	0
12.727	31.649	0
12.73	31.65	0
12.735	31.652	0
12.737	31.653	0
12.739	31.655	0
12.744	31.657	0
12.746	31.658	0
12.751	31.66	0
12.753	31.661	0
12.756	31.663	0
12.761	31.665	0
12.763	31.666	0
12.768	31.668	0
12.77	31.669	0
12.772	31.671	0
12.777	31.673	0
12.779	31.674	0
12.784	31.676	0
12.786	31.677	0
12.789	31.678	0
12.793	31.681	0
12.796	31.682	0
12.8	31.684	0
12.803	31.685	0
12.805	31.686	0
12.81	31.689	0
12.812	31.69	0
12.817	31.692	0
12.819	31.693	0
12.822	31.694	0
12.826	31.696	0
12.829	31.698	0
12.833	31.7	0
12.836	31.701	0
12.838	31.702	0
12.843	31.704	0
12.845	31.705	0
12.849	31.708	0
12.852	31.709	0
12.854	31.71	0
12.859	31.712	0
12.861	31.713	0
12.866	31.715	0
12.868	31.717	0
12.87	31.718	0
12.875	31.72	0
12.877	31.721	0
12.882	31.723	0
12.884	31.724	0
12.887	31.725	0
12.891	31.728	0
12.894	31.729	0
12.898	31.731	0
12.9	31.732	0
12.903	31.733	0
12.907	31.735	0
12.91	31.737	0
12.914	31.739	0
12.917	31.74	0
12.919	31.741	0
12.924	31.743	0
12.926	31.744	0
12.93	31.746	0
12.933	31.748	0
12.935	31.749	0
12.94	31.751	0
12.942	31.752	0
12.947	31.754	0
12.949	31.755	0
12.951	31.756	0
12.956	31.759	0
12.958	31.76	0
12.963	31.762	0
12.965	31.763	0
12.967	31.764	0
12.972	31.766	0
12.974	31.767	0
12.979	31.769	0
12.981	31.771	0
12.983	31.772	0
12.988	31.774	0
12.99	31.775	0
12.995	31.777	0
12.997	31.778	0
12.999	31.779	0
13.004	31.781	0
13.006	31.783	0
13.01	31.785	0
13.013	31.786	0
13.015	31.787	0
13.02	31.789	0
13.022	31.79	0
13.026	31.792	0
13.029	31.793	0
13.031	31.794	0
13.035	31.797	0
13.038	31.798	0
13.042	31.8	0
13.044	31.801	0
13.047	31.802	0
13.051	31.804	0
13.053	31.805	0
13.058	31.807	0
13.06	31.808	0
13.063	31.809	0
13.067	31.812	0
13.069	31.813	0
13.074	31.815	0
13.076	31.816	0
13.078	31.817	0
13.083	31.819	0
13.085	31.82	0
13.09	31.822	0
13.092	31.823	0
13.094	31.824	0
13.099	31.827	0
13.101	31.828	0
13.105	31.83	0
13.107	31.831	0
13.11	31.832	0
13.114	31.834	0
13.116	31.835	0
13.121	31.837	0
13.123	31.838	0
13.125	31.839	0
13.13	31.842	0
13.132	31.843	0
13.137	31.845	0
13.139	31.846	0
13.141	31.847	0
13.146	31.849	0
13.148	31.85	0
13.152	31.852	0
13.154	31.853	0
13.157	31.854	0
13.161	31.856	0
13.163	31.857	0
13.168	31.859	0
13.17	31.86	0
13.172	31.862	0
13.177	31.864	0
13.179	31.865	0
13.183	31.867	0
13.186	31.868	0
13.188	31.869	0
13.192	31.871	0
13.194	31.872	0
13.199	31.874	0
13.201	31.875	0
13.203	31.876	0
13.208	31.878	0
13.21	31.879	0
13.214	31.881	0
13.217	31.882	0
13.219	31.884	0
13.223	31.886	0
13.225	31.887	0
13.23	31.889	0
13.232	31.89	0
13.234	31.891	0
13.239	31.893	0
13.241	31.894	0
13.245	31.896	0
13.247	31.897	0
13.25	31.898	0
13.254	31.9	0
13.256	31.901	0
13.261	31.903	0
13.263	31.904	0
13.265	31.905	0
13.269	31.907	0
13.272	31.908	0
13.276	31.91	0
13.278	31.911	0
13.28	31.912	0
13.285	31.915	0
13.287	31.916	0
13.291	31.918	0
13.294	31.919	0
13.296	31.92	0
13.3	31.922	0
13.302	31.923	0
13.307	31.925	0
13.309	31.926	0
13.311	31.927	0
13.315	31.929	0
13.318	31.93	0
13.322	31.932	0
13.324	31.933	0
13.326	31.934	0
13.331	31.936	0
13.333	31.937	0
13.337	31.939	0
13.339	31.94	0
13.342	31.941	0
13.346	31.943	0
13.348	31.944	0
13.352	31.946	0
13.355	31.947	0
13.357	31.948	0
13.361	31.95	0
13.363	31.951	0
13.368	31.953	0
13.37	31.954	0
13.372	31.955	0
13.376	31.957	0
13.378	31.958	0
13.383	31.96	0
13.385	31.961	0
13.387	31.962	0
13.391	31.964	0
13.394	31.965	0
13.398	31.967	0
13.4	31.968	0
13.402	31.969	0
13.407	31.971	0
13.409	31.972	0
13.413	31.974	0
13.415	31.975	0
13.417	31.976	0
13.422	31.978	0
13.424	31.979	0
13.428	31.981	0
13.43	31.982	0
13.432	31.983	0
13.437	31.985	0
13.439	31.986	0
13.443	31.988	0
13.445	31.989	0
13.447	31.99	0
13.452	31.992	0
13.454	31.993	0
13.458	31.995	0
13.46	31.996	0
13.462	31.997	0
13.467	31.999	0
13.469	32	0
13.473	32.002	0
13.475	32.003	0
13.477	32.004	0
13.482	32.006	0
13.484	32.007	0
13.488	32.009	0
13.49	32.01	0
13.492	32.011	0
13.497	32.013	0
13.499	32.014	0
13.503	32.016	0
13.505	32.017	0
13.507	32.018	0
13.512	32.02	0
13.514	32.021	0
13.518	32.023	0
13.52	32.024	0
13.522	32.025	0
13.527	32.027	0
13.529	32.028	0
13.533	32.03	0
13.535	32.031	0
13.537	32.032	0
13.541	32.034	0
13.544	32.034	0
13.548	32.036	0
13.55	32.037	0
13.552	32.038	0
13.556	32.04	0
13.559	32.041	0
13.563	32.043	0
13.565	32.044	0
13.567	32.045	0
13.571	32.047	0
13.573	32.048	0
13.578	32.05	0
13.58	32.051	0
13.582	32.052	0
13.586	32.054	0
13.588	32.055	0
13.592	32.057	0
13.595	32.058	0
13.597	32.059	0
13.601	32.061	0
13.603	32.062	0
13.607	32.063	0
13.609	32.064	0
13.611	32.065	0
13.616	32.067	0
13.618	32.068	0
13.622	32.07	0
13.624	32.071	0
13.626	32.072	0
13.63	32.074	0
13.633	32.075	0
13.637	32.077	0
13.639	32.078	0
13.641	32.079	0
13.645	32.081	0
13.647	32.082	0
13.652	32.083	0
13.654	32.084	0
13.656	32.085	0
13.66	32.087	0
13.662	32.088	0
13.666	32.09	0
13.668	32.091	0
13.67	32.092	0
13.675	32.094	0
13.677	32.095	0
13.681	32.097	0
13.683	32.098	0
13.685	32.099	0
13.689	32.101	0
13.691	32.101	0
13.696	32.103	0
13.698	32.104	0
13.7	32.105	0
13.704	32.107	0
13.706	32.108	0
13.71	32.11	0
13.712	32.111	0
13.715	32.112	0
13.719	32.114	0
13.721	32.115	0
13.725	32.116	0
13.727	32.117	0
13.729	32.118	0
13.733	32.12	0
13.735	32.121	0
13.74	32.123	0
13.742	32.124	0
13.744	32.125	0
13.748	32.127	0
13.75	32.128	0
13.754	32.13	0
13.756	32.13	0
13.758	32.131	0
13.763	32.133	0
13.765	32.134	0
13.769	32.136	0
13.771	32.137	0
13.773	32.138	0
13.777	32.14	0
13.779	32.141	0
13.783	32.142	0
13.786	32.143	0
13.788	32.144	0
13.792	32.146	0
13.794	32.147	0
13.798	32.149	0
13.8	32.15	0
13.802	32.151	0
13.806	32.153	0
13.808	32.154	0
13.813	32.155	0
13.815	32.156	0
13.817	32.157	0
13.821	32.159	0
13.823	32.16	0
13.827	32.162	0
13.829	32.163	0
13.831	32.164	0
13.835	32.165	0
13.838	32.166	0
13.842	32.168	0
13.844	32.169	0
13.846	32.17	0
13.85	32.172	0
13.852	32.173	0
13.856	32.175	0
13.858	32.175	0
13.86	32.176	0
13.865	32.178	0
13.867	32.179	0
13.871	32.181	0
13.873	32.182	0
13.875	32.183	0
13.879	32.184	0
13.881	32.185	0
13.885	32.187	0
13.887	32.188	0
13.889	32.189	0
13.894	32.191	0
13.896	32.192	0
13.9	32.193	0
13.902	32.194	0
13.904	32.195	0
13.908	32.197	0
13.91	32.198	0
13.914	32.2	0
13.916	32.201	0
13.918	32.202	0
13.922	32.203	0
13.925	32.204	0
13.929	32.206	0
13.931	32.207	0
13.933	32.208	0
13.937	32.21	0
13.939	32.211	0
13.943	32.212	0
13.945	32.213	0
13.947	32.214	0
13.951	32.216	0
13.953	32.217	0
13.958	32.219	0
13.96	32.219	0
13.962	32.22	0
13.966	32.222	0
13.968	32.223	0
13.972	32.225	0
13.974	32.226	0
13.976	32.226	0
13.98	32.228	0
13.982	32.229	0
13.986	32.231	0
13.988	32.232	0
13.991	32.233	0
13.995	32.234	0
13.997	32.235	0
14.001	32.237	0
14.003	32.238	0
14.005	32.239	0
14.009	32.241	0
14.011	32.241	0
14.015	32.243	0
14.017	32.244	0
14.019	32.245	0
14.023	32.247	0
14.026	32.248	0
14.03	32.249	0
14.032	32.25	0
14.034	32.251	0
14.038	32.253	0
14.04	32.254	0
14.044	32.255	0
14.046	32.256	0
14.048	32.257	0
14.052	32.259	0
14.054	32.26	0
14.058	32.262	0
14.06	32.262	0
14.062	32.263	0
14.067	32.265	0
14.069	32.266	0
14.073	32.268	0
14.075	32.268	0
14.077	32.269	0
14.081	32.271	0
14.083	32.272	0
14.087	32.274	0
14.089	32.275	0
14.091	32.275	0
14.095	32.277	0
14.097	32.278	0
14.102	32.28	0
14.104	32.281	0
14.106	32.281	0
14.11	32.283	0
14.112	32.284	0
14.116	32.286	0
14.118	32.287	0
14.12	32.287	0
14.124	32.289	0
14.126	32.29	0
14.13	32.292	0
14.132	32.293	0
14.134	32.293	0
14.138	32.295	0
14.14	32.296	0
14.145	32.298	0
14.147	32.299	0
14.149	32.299	0
14.153	32.301	0
14.155	32.302	0
14.159	32.304	0
14.161	32.304	0
14.163	32.305	0
14.167	32.307	0
14.169	32.308	0
14.173	32.31	0
14.175	32.31	0
14.177	32.311	0
14.181	32.313	0
14.184	32.314	0
14.188	32.315	0
14.19	32.316	0
14.192	32.317	0
14.196	32.319	0
14.198	32.32	0
14.202	32.321	0
14.204	32.322	0
14.206	32.323	0
14.21	32.325	0
14.212	32.326	0
14.216	32.327	0
14.218	32.328	0
14.22	32.329	0
14.224	32.331	0
14.227	32.331	0
14.231	32.333	0
14.233	32.334	0
14.235	32.335	0
14.239	32.336	0
14.241	32.337	0
14.245	32.339	0
14.247	32.34	0
14.249	32.341	0
14.253	32.342	0
14.255	32.343	0
14.259	32.345	0
14.261	32.346	0
14.263	32.346	0
14.267	32.348	0
14.27	32.349	0
14.274	32.351	0
14.276	32.351	0
14.278	32.352	0
14.282	32.354	0
14.284	32.355	0
14.288	32.356	0
14.29	32.357	0
14.292	32.358	0
14.296	32.36	0
14.298	32.36	0
14.302	32.362	0
14.304	32.363	0
14.306	32.364	0
14.311	32.365	0
14.313	32.366	0
14.317	32.368	0
14.319	32.369	0
14.321	32.37	0
14.325	32.371	0
14.327	32.372	0
14.331	32.374	0
14.333	32.374	0
14.335	32.375	0
14.339	32.377	0
14.341	32.378	0
14.345	32.379	0
14.347	32.38	0
14.349	32.381	0
14.354	32.383	0
14.356	32.383	0
14.36	32.385	0
14.362	32.386	0
14.364	32.387	0
14.368	32.388	0
14.37	32.389	0
14.374	32.391	0
14.376	32.392	0
14.378	32.392	0
14.382	32.394	0
14.384	32.395	0
14.388	32.396	0
14.39	32.397	0
14.392	32.398	0
14.397	32.4	0
14.399	32.4	0
14.403	32.402	0
14.405	32.403	0
14.407	32.404	0
14.411	32.405	0
14.413	32.406	0
14.417	32.408	0
14.419	32.408	0
14.421	32.409	0
14.425	32.411	0
14.427	32.412	0
14.431	32.413	0
14.434	32.414	0
14.436	32.415	0
14.44	32.416	0
14.442	32.417	0
14.446	32.419	0
14.448	32.42	0
14.45	32.42	0
14.454	32.422	0
14.456	32.423	0
14.46	32.424	0
14.462	32.425	0
14.464	32.426	0
14.468	32.428	0
14.47	32.428	0
14.475	32.43	0
14.477	32.431	0
14.479	32.432	0
14.483	32.433	0
14.485	32.434	0
14.489	32.436	0
14.491	32.436	0
14.493	32.437	0
14.497	32.439	0
14.499	32.439	0
14.503	32.441	0
14.505	32.442	0
14.507	32.443	0
14.512	32.444	0
14.514	32.445	0
14.518	32.447	0
14.52	32.447	0
14.522	32.448	0
14.526	32.45	0
14.528	32.45	0
14.532	32.452	0
14.534	32.453	0
14.536	32.454	0
14.54	32.455	0
14.542	32.456	0
14.547	32.457	0
14.549	32.458	0
14.551	32.459	0
14.555	32.461	0
14.557	32.461	0
14.561	32.463	0
14.563	32.464	0
14.565	32.464	0
14.569	32.466	0
14.571	32.467	0
14.575	32.468	0
14.578	32.469	0
14.58	32.47	0
14.584	32.471	0
14.586	32.472	0
14.59	32.474	0
14.592	32.475	0
14.594	32.475	0
14.598	32.477	0
14.6	32.478	0
14.604	32.479	0
14.606	32.48	0
14.608	32.481	0
14.613	32.482	0
14.615	32.483	0
14.619	32.485	0
14.621	32.485	0
14.623	32.486	0
14.627	32.488	0
14.629	32.488	0
14.633	32.49	0
14.635	32.491	0
14.637	32.491	0
14.642	32.493	0
14.644	32.494	0
14.648	32.495	0
14.65	32.496	0
14.652	32.497	0
14.656	32.498	0
14.658	32.499	0
14.662	32.501	0
14.664	32.501	0
14.666	32.502	0
14.671	32.504	0
14.673	32.504	0
14.677	32.506	0
14.679	32.507	0
14.681	32.507	0
14.685	32.509	0
14.687	32.51	0
14.691	32.511	0
14.693	32.512	0
14.695	32.513	0
14.7	32.514	0
14.702	32.515	0
14.706	32.516	0
14.708	32.517	0
14.71	32.518	0
14.714	32.519	0
14.716	32.52	0
14.72	32.522	0
14.722	32.523	0
14.725	32.523	0
14.729	32.525	0
14.731	32.525	0
14.735	32.527	0
14.737	32.528	0
14.739	32.528	0
14.743	32.53	0
14.745	32.531	0
14.75	32.532	0
14.752	32.533	0
14.754	32.534	0
14.758	32.535	0
14.76	32.536	0
14.764	32.537	0
14.766	32.538	0
14.768	32.539	0
14.772	32.54	0
14.775	32.541	0
14.779	32.543	0
14.781	32.543	0
14.783	32.544	0
14.787	32.546	0
14.789	32.546	0
14.793	32.548	0
14.795	32.549	0
14.797	32.549	0
14.802	32.551	0
14.804	32.551	0
14.808	32.553	0
14.81	32.554	0
14.812	32.554	0
14.816	32.556	0
14.818	32.557	0
14.823	32.558	0
14.825	32.559	0
14.827	32.56	0
14.831	32.561	0
14.833	32.562	0
14.837	32.563	0
14.839	32.564	0
14.841	32.565	0
14.846	32.566	0
14.848	32.567	0
14.852	32.568	0
14.854	32.569	0
14.856	32.57	0
14.86	32.571	0
14.862	32.572	0
14.867	32.573	0
14.869	32.574	0
14.871	32.575	0
14.875	32.576	0
14.877	32.577	0
14.881	32.579	0
14.883	32.579	0
14.886	32.58	0
14.89	32.581	0
14.892	32.582	0
14.896	32.584	0
14.898	32.584	0
14.9	32.585	0
14.905	32.586	0
14.907	32.587	0
14.911	32.589	0
14.913	32.589	0
14.915	32.59	0
14.919	32.591	0
14.921	32.592	0
14.926	32.594	0
14.928	32.594	0
14.93	32.595	0
14.934	32.597	0
14.936	32.597	0
14.94	32.599	0
14.943	32.599	0
14.945	32.6	0
14.949	32.602	0
14.951	32.602	0
14.955	32.604	0
14.957	32.604	0
14.959	32.605	0
14.964	32.606	0
14.966	32.607	0
14.97	32.609	0
14.972	32.609	0
14.974	32.61	0
14.978	32.611	0
14.981	32.612	0
14.985	32.614	0
14.987	32.614	0
14.989	32.615	0
14.993	32.616	0
14.995	32.617	0
15	32.619	0
15.002	32.619	0
15.004	32.62	0
15.008	32.621	0
15.01	32.622	0
15.015	32.623	0
15.017	32.624	0
15.019	32.625	0
15.023	32.626	0
15.025	32.627	0
15.03	32.628	0
15.032	32.629	0
15.034	32.63	0
15.038	32.631	0
15.04	32.632	0
15.044	32.633	0
15.047	32.634	0
15.049	32.635	0
15.053	32.636	0
15.055	32.637	0
15.059	32.638	0
15.062	32.639	0
15.064	32.64	0
15.068	32.641	0
15.07	32.642	0
15.074	32.643	0
15.076	32.644	0
15.079	32.644	0
15.083	32.646	0
15.085	32.646	0
15.089	32.648	0
15.091	32.648	0
15.094	32.649	0
15.098	32.651	0
15.1	32.651	0
15.104	32.653	0
15.107	32.653	0
15.109	32.654	0
15.113	32.655	0
15.115	32.656	0
15.119	32.657	0
15.122	32.658	0
15.124	32.659	0
15.128	32.66	0
15.13	32.661	0
15.134	32.662	0
15.137	32.663	0
15.139	32.664	0
15.143	32.665	0
15.145	32.666	0
15.15	32.667	0
15.152	32.668	0
15.154	32.668	0
15.158	32.67	0
15.16	32.67	0
15.165	32.672	0
15.167	32.672	0
15.169	32.673	0
15.173	32.674	0
15.175	32.675	0
15.18	32.676	0
15.182	32.677	0
15.184	32.678	0
15.188	32.679	0
15.191	32.68	0
15.195	32.681	0
15.197	32.682	0
15.199	32.683	0
15.204	32.684	0
15.206	32.685	0
15.21	32.686	0
15.212	32.687	0
15.214	32.687	0
15.219	32.689	0
15.221	32.689	0
15.225	32.691	0
15.227	32.691	0
15.23	32.692	0
15.234	32.693	0
15.236	32.694	0
15.241	32.695	0
15.243	32.696	0
15.245	32.697	0
15.249	32.698	0
15.251	32.699	0
15.256	32.7	0
15.258	32.701	0
15.26	32.701	0
15.265	32.703	0
15.267	32.703	0
15.271	32.705	0
15.273	32.705	0
15.275	32.706	0
15.28	32.707	0
15.282	32.708	0
15.286	32.709	0
15.289	32.71	0
15.291	32.71	0
15.295	32.712	0
15.297	32.712	0
15.302	32.714	0
15.304	32.714	0
15.306	32.715	0
15.31	32.716	0
15.313	32.717	0
15.317	32.718	0
15.319	32.719	0
15.321	32.72	0
15.326	32.721	0
15.328	32.722	0
15.332	32.723	0
15.335	32.724	0
15.337	32.724	0
15.341	32.726	0
15.343	32.726	0
15.348	32.727	0
15.35	32.728	0
15.352	32.729	0
15.357	32.73	0
15.359	32.731	0
15.363	32.732	0
15.365	32.733	0
15.368	32.733	0
15.372	32.735	0
15.374	32.735	0
15.379	32.737	0
15.381	32.737	0
15.383	32.738	0
15.388	32.739	0
15.39	32.74	0
15.394	32.741	0
15.396	32.742	0
15.399	32.742	0
15.403	32.744	0
15.405	32.744	0
15.41	32.745	0
15.412	32.746	0
15.414	32.747	0
15.419	32.748	0
15.421	32.749	0
15.425	32.75	0
15.428	32.751	0
15.43	32.751	0
15.434	32.752	0
15.436	32.753	0
15.441	32.754	0
15.443	32.755	0
15.445	32.756	0
15.45	32.757	0
15.452	32.758	0
15.456	32.759	0
15.459	32.759	0
15.461	32.76	0
15.465	32.761	0
15.468	32.762	0
15.472	32.763	0
15.474	32.764	0
15.477	32.764	0
15.481	32.766	0
15.483	32.766	0
15.488	32.768	0
15.49	32.768	0
15.492	32.769	0
15.497	32.77	0
15.499	32.771	0
15.503	32.772	0
15.506	32.773	0
15.508	32.773	0
15.512	32.774	0
15.515	32.775	0
15.519	32.776	0
15.521	32.777	0
15.524	32.778	0
15.528	32.779	0
15.53	32.779	0
15.535	32.781	0
15.537	32.781	0
15.539	32.782	0
15.544	32.783	0
15.546	32.784	0
15.551	32.785	0
15.553	32.786	0
15.555	32.786	0
15.56	32.787	0
15.562	32.788	0
15.567	32.789	0
15.569	32.79	0
15.571	32.791	0
15.576	32.792	0
15.578	32.792	0
15.582	32.794	0
15.585	32.794	0
15.587	32.795	0
15.591	32.796	0
15.594	32.797	0
15.598	32.798	0
15.6	32.798	0
15.603	32.799	0
15.607	32.8	0
15.61	32.801	0
15.614	32.802	0
15.616	32.803	0
15.619	32.803	0
15.623	32.805	0
15.625	32.805	0
15.63	32.806	0
15.632	32.807	0
15.635	32.808	0
15.639	32.809	0
15.641	32.809	0
15.646	32.811	0
15.648	32.811	0
15.651	32.812	0
15.655	32.813	0
15.657	32.814	0
15.662	32.815	0
15.664	32.815	0
15.667	32.816	0
15.671	32.817	0
15.673	32.818	0
15.678	32.819	0
15.68	32.819	0
15.683	32.82	0
15.687	32.821	0
15.689	32.822	0
15.694	32.823	0
15.696	32.824	0
15.699	32.824	0
15.703	32.825	0
15.706	32.826	0
15.71	32.827	0
15.712	32.828	0
15.715	32.828	0
15.719	32.83	0
15.722	32.83	0
15.726	32.831	0
15.729	32.832	0
15.731	32.832	0
15.736	32.834	0
15.738	32.834	0
15.742	32.835	0
15.745	32.836	0
15.747	32.837	0
15.752	32.838	0
15.754	32.838	0
15.759	32.839	0
15.761	32.84	0
15.763	32.841	0
15.768	32.842	0
15.77	32.842	0
15.775	32.844	0
15.777	32.844	0
15.779	32.845	0
15.784	32.846	0
15.786	32.846	0
15.791	32.848	0
15.793	32.848	0
15.796	32.849	0
15.8	32.85	0
15.803	32.85	0
15.807	32.852	0
15.81	32.852	0
15.812	32.853	0
15.817	32.854	0
15.819	32.854	0
15.824	32.856	0
15.826	32.856	0
15.828	32.857	0
15.833	32.858	0
15.835	32.858	0
15.84	32.86	0
15.842	32.86	0
15.845	32.861	0
15.849	32.862	0
15.852	32.862	0
15.856	32.864	0
15.859	32.864	0
15.861	32.865	0
15.866	32.866	0
15.868	32.866	0
15.873	32.867	0
15.875	32.868	0
15.877	32.869	0
15.882	32.87	0
15.885	32.87	0
15.889	32.871	0
15.892	32.872	0
15.894	32.873	0
15.899	32.874	0
15.901	32.874	0
15.906	32.875	0
15.908	32.876	0
15.91	32.876	0
15.915	32.878	0
15.918	32.878	0
15.922	32.879	0
15.925	32.88	0
15.927	32.88	0
15.932	32.881	0
15.934	32.882	0
15.939	32.883	0
15.941	32.884	0
15.944	32.884	0
15.948	32.885	0
15.951	32.886	0
15.955	32.887	0
15.958	32.887	0
15.96	32.888	0
15.965	32.889	0
15.967	32.89	0
15.972	32.891	0
15.974	32.891	0
15.977	32.892	0
15.981	32.893	0
15.984	32.893	0
15.989	32.895	0
15.991	32.895	0
15.993	32.896	0
15.998	32.897	0
16.001	32.897	0
16.005	32.898	0
16.008	32.899	0
16.01	32.899	0
16.015	32.9	0
16.017	32.901	0
16.022	32.902	0
16.024	32.903	0
16.027	32.903	0
16.032	32.904	0
16.034	32.905	0
16.039	32.906	0
16.041	32.906	0
16.044	32.907	0
16.048	32.908	0
16.051	32.908	0
16.056	32.91	0
16.058	32.91	0
16.06	32.911	0
16.065	32.912	0
16.068	32.912	0
16.072	32.913	0
16.075	32.914	0
16.077	32.914	0
16.082	32.915	0
16.084	32.916	0
16.089	32.917	0
16.092	32.917	0
16.094	32.918	0
16.099	32.919	0
16.101	32.92	0
16.106	32.921	0
16.109	32.921	0
16.111	32.922	0
16.116	32.923	0
16.118	32.923	0
16.123	32.924	0
16.125	32.925	0
16.128	32.925	0
16.133	32.926	0
16.135	32.927	0
16.14	32.928	0
16.142	32.928	0
16.145	32.929	0
16.15	32.93	0
16.152	32.93	0
16.157	32.931	0
16.159	32.932	0
16.162	32.932	0
16.167	32.934	0
16.169	32.934	0
16.174	32.935	0
16.176	32.936	0
16.179	32.936	0
16.184	32.937	0
16.186	32.938	0
16.191	32.939	0
16.193	32.939	0
16.196	32.94	0
16.201	32.941	0
16.203	32.941	0
16.208	32.942	0
16.211	32.943	0
16.213	32.943	0
16.218	32.944	0
16.22	32.945	0
16.225	32.946	0
16.228	32.946	0
16.23	32.947	0
16.235	32.948	0
16.238	32.948	0
16.242	32.949	0
16.245	32.95	0
16.247	32.95	0
16.252	32.951	0
16.255	32.952	0
16.26	32.953	0
16.262	32.953	0
16.265	32.954	0
16.269	32.955	0
16.272	32.955	0
16.277	32.956	0
16.279	32.957	0
16.282	32.957	0
16.287	32.958	0
16.289	32.959	0
16.294	32.96	0
16.297	32.96	0
16.299	32.961	0
16.304	32.961	0
16.306	32.962	0
16.311	32.963	0
16.314	32.963	0
16.316	32.964	0
16.321	32.965	0
16.324	32.965	0
16.329	32.966	0
16.331	32.967	0
16.334	32.967	0
16.339	32.968	0
16.341	32.969	0
16.346	32.97	0
16.349	32.97	0
16.351	32.971	0
16.356	32.972	0
16.359	32.972	0
16.364	32.973	0
16.366	32.974	0
16.369	32.974	0
16.373	32.975	0
16.376	32.975	0
16.381	32.976	0
16.383	32.977	0
16.386	32.977	0
16.391	32.978	0
16.393	32.979	0
16.398	32.98	0
16.401	32.98	0
16.403	32.981	0
16.408	32.982	0
16.411	32.982	0
16.416	32.983	0
16.418	32.983	0
16.421	32.984	0
16.426	32.985	0
16.428	32.985	0
16.433	32.986	0
16.436	32.987	0
16.439	32.987	0
16.444	32.988	0
16.446	32.989	0
16.451	32.989	0
16.454	32.99	0
16.456	32.99	0
16.461	32.991	0
16.464	32.992	0
16.469	32.993	0
16.471	32.993	0
16.474	32.994	0
16.479	32.995	0
16.481	32.995	0
16.486	32.996	0
16.489	32.996	0
16.491	32.997	0
16.496	32.998	0
16.499	32.998	0
16.504	32.999	0
16.507	33	0
16.509	33	0
16.514	33.001	0
16.517	33.001	0
16.522	33.002	0
16.524	33.003	0
16.527	33.003	0
16.532	33.004	0
16.534	33.004	0
16.539	33.005	0
16.542	33.006	0
16.545	33.006	0
16.55	33.007	0
16.552	33.008	0
16.557	33.008	0
16.56	33.009	0
16.562	33.009	0
16.567	33.01	0
16.57	33.011	0
16.575	33.012	0
16.578	33.012	0
16.58	33.012	0
16.585	33.013	0
16.588	33.014	0
16.593	33.015	0
16.596	33.015	0
16.598	33.015	0
16.603	33.016	0
16.606	33.017	0
16.611	33.018	0
16.613	33.018	0
16.616	33.019	0
16.621	33.019	0
16.624	33.02	0
16.629	33.021	0
16.631	33.021	0
16.634	33.022	0
16.639	33.022	0
16.642	33.023	0
16.647	33.024	0
16.649	33.024	0
16.652	33.025	0
16.657	33.025	0
16.66	33.026	0
16.665	33.027	0
16.667	33.027	0
16.67	33.027	0
16.675	33.028	0
16.678	33.029	0
16.683	33.03	0
16.685	33.03	0
16.688	33.03	0
16.693	33.031	0
16.696	33.032	0
16.701	33.032	0
16.703	33.033	0
16.706	33.033	0
16.711	33.034	0
16.714	33.035	0
16.719	33.035	0
16.722	33.036	0
16.724	33.036	0
16.729	33.037	0
16.732	33.037	0
16.737	33.038	0
16.74	33.039	0
16.742	33.039	0
16.747	33.04	0
16.75	33.04	0
16.755	33.041	0
16.758	33.042	0
16.76	33.042	0
16.766	33.043	0
16.768	33.043	0
16.773	33.044	0
16.776	33.044	0
16.779	33.045	0
16.784	33.046	0
16.786	33.046	0
16.792	33.047	0
16.794	33.047	0
16.797	33.048	0
16.802	33.048	0
16.805	33.049	0
16.81	33.05	0
16.813	33.05	0
16.815	33.05	0
16.82	33.051	0
16.823	33.052	0
16.828	33.052	0
16.831	33.053	0
16.833	33.053	0
16.839	33.054	0
16.841	33.054	0
16.847	33.055	0
16.849	33.055	0
16.852	33.056	0
16.857	33.057	0
16.86	33.057	0
16.865	33.058	0
16.868	33.058	0
16.87	33.059	0
16.875	33.059	0
16.878	33.06	0
16.883	33.06	0
16.886	33.061	0
16.889	33.061	0
16.894	33.062	0
16.897	33.062	0
16.902	33.063	0
16.904	33.064	0
16.907	33.064	0
16.912	33.065	0
16.915	33.065	0
16.92	33.066	0
16.923	33.066	0
16.926	33.067	0
16.931	33.067	0
16.933	33.068	0
16.939	33.068	0
16.941	33.069	0
16.944	33.069	0
16.949	33.07	0
16.952	33.07	0
16.957	33.071	0
16.96	33.071	0
16.963	33.072	0
16.968	33.073	0
16.971	33.073	0
16.976	33.074	0
16.979	33.074	0
16.981	33.074	0
16.986	33.075	0
16.989	33.075	0
16.994	33.076	0
16.997	33.077	0
17	33.077	0
17.005	33.078	0
17.008	33.078	0
17.013	33.079	0
17.016	33.079	0
17.018	33.079	0
17.024	33.08	0
17.026	33.08	0
17.032	33.081	0
17.034	33.082	0
17.037	33.082	0
17.042	33.083	0
17.045	33.083	0
17.05	33.084	0
17.053	33.084	0
17.056	33.084	0
17.061	33.085	0
17.064	33.085	0
17.069	33.086	0
17.072	33.086	0
17.075	33.087	0
17.08	33.088	0
17.083	33.088	0
17.088	33.089	0
17.091	33.089	0
17.093	33.089	0
17.099	33.09	0
17.101	33.09	0
17.107	33.091	0
17.109	33.091	0
17.112	33.092	0
17.118	33.092	0
17.12	33.093	0
17.126	33.093	0
17.128	33.094	0
17.131	33.094	0
17.136	33.095	0
17.139	33.095	0
17.144	33.096	0
17.147	33.096	0
17.15	33.096	0
17.155	33.097	0
17.158	33.097	0
17.163	33.098	0
17.166	33.098	0
17.169	33.099	0
17.174	33.099	0
17.177	33.1	0
17.182	33.1	0
17.185	33.101	0
17.188	33.101	0
17.193	33.102	0
17.196	33.102	0
17.201	33.103	0
17.204	33.103	0
17.207	33.103	0
17.212	33.104	0
17.215	33.104	0
17.22	33.105	0
17.223	33.105	0
17.226	33.106	0
17.231	33.106	0
17.234	33.107	0
17.239	33.107	0
17.242	33.107	0
17.245	33.108	0
17.25	33.108	0
17.253	33.109	0
17.258	33.109	0
17.261	33.11	0
17.264	33.11	0
17.269	33.111	0
17.272	33.111	0
17.277	33.112	0
17.28	33.112	0
17.283	33.112	0
17.288	33.113	0
17.291	33.113	0
17.296	33.114	0
17.299	33.114	0
17.302	33.114	0
17.307	33.115	0
17.31	33.115	0
17.316	33.116	0
17.318	33.116	0
17.321	33.116	0
17.327	33.117	0
17.329	33.117	0
17.335	33.118	0
17.338	33.118	0
17.34	33.119	0
17.346	33.119	0
17.349	33.12	0
17.354	33.12	0
17.357	33.12	0
17.359	33.121	0
17.365	33.121	0
17.368	33.122	0
17.373	33.122	0
17.376	33.122	0
17.379	33.123	0
17.384	33.123	0
17.387	33.124	0
17.393	33.124	0
17.395	33.125	0
17.398	33.125	0
17.404	33.125	0
17.406	33.126	0
17.412	33.126	0
17.415	33.127	0
17.417	33.127	0
17.423	33.127	0
17.426	33.128	0
17.431	33.128	0
17.434	33.129	0
17.437	33.129	0
17.442	33.129	0
17.445	33.13	0
17.45	33.13	0
17.453	33.13	0
17.456	33.131	0
17.462	33.131	0
17.464	33.132	0
17.47	33.132	0
17.473	33.132	0
17.475	33.133	0
17.481	33.133	0
17.484	33.134	0
17.489	33.134	0
17.492	33.134	0
17.495	33.135	0
17.5	33.135	0
17.503	33.135	0
17.509	33.136	0
17.511	33.136	0
17.514	33.137	0
17.52	33.137	0
17.523	33.137	0
17.528	33.138	0
17.531	33.138	0
17.534	33.138	0
17.539	33.139	0
17.542	33.139	0
17.548	33.14	0
17.55	33.14	0
17.553	33.14	0
17.559	33.141	0
17.562	33.141	0
17.567	33.142	0
17.57	33.142	0
17.573	33.142	0
17.578	33.143	0
17.581	33.143	0
17.587	33.143	0
17.59	33.144	0
17.592	33.144	0
17.598	33.144	0
17.601	33.145	0
17.606	33.145	0
17.609	33.145	0
17.612	33.146	0
17.618	33.146	0
17.62	33.146	0
17.626	33.147	0
17.629	33.147	0
17.632	33.147	0
17.637	33.148	0
17.64	33.148	0
17.646	33.149	0
17.648	33.149	0
17.651	33.149	0
17.657	33.15	0
17.66	33.15	0
17.665	33.15	0
17.668	33.151	0
17.671	33.151	0
17.676	33.151	0
17.679	33.151	0
17.685	33.152	0
17.688	33.152	0
17.691	33.152	0
17.696	33.153	0
17.699	33.153	0
17.705	33.154	0
17.707	33.154	0
17.71	33.154	0
17.716	33.155	0
17.719	33.155	0
17.724	33.155	0
17.727	33.155	0
17.73	33.156	0
17.736	33.156	0
17.739	33.156	0
17.744	33.157	0
17.747	33.157	0
17.75	33.157	0
17.755	33.158	0
17.758	33.158	0
17.764	33.158	0
17.767	33.159	0
17.77	33.159	0
17.775	33.159	0
17.778	33.16	0
17.784	33.16	0
17.787	33.16	0
17.789	33.16	0
17.795	33.161	0
17.798	33.161	0
17.804	33.162	0
17.806	33.162	0
17.809	33.162	0
17.815	33.162	0
17.818	33.163	0
17.824	33.163	0
17.826	33.163	0
17.829	33.163	0
17.835	33.164	0
17.838	33.164	0
17.843	33.165	0
17.846	33.165	0
17.849	33.165	0
17.855	33.165	0
17.858	33.166	0
17.863	33.166	0
17.866	33.166	0
17.869	33.166	0
17.875	33.167	0
17.878	33.167	0
17.883	33.167	0
17.886	33.168	0
17.889	33.168	0
17.895	33.168	0
17.898	33.168	0
17.903	33.169	0
17.906	33.169	0
17.909	33.169	0
17.915	33.17	0
17.918	33.17	0
17.923	33.17	0
17.926	33.17	0
17.929	33.171	0
17.935	33.171	0
17.938	33.171	0
17.943	33.172	0
17.946	33.172	0
17.949	33.172	0
17.955	33.172	0
17.958	33.173	0
17.963	33.173	0
17.966	33.173	0
17.969	33.173	0
17.975	33.174	0
17.978	33.174	0
17.983	33.174	0
17.986	33.174	0
17.989	33.175	0
17.995	33.175	0
17.998	33.175	0
18.004	33.175	0
18.006	33.176	0
18.009	33.176	0
18.015	33.176	0
18.018	33.176	0
18.024	33.177	0
18.027	33.177	0
18.029	33.177	0
18.035	33.177	0
18.038	33.178	0
18.044	33.178	0
18.047	33.178	0
18.05	33.178	0
18.055	33.179	0
18.058	33.179	0
18.064	33.179	0
18.067	33.179	0
18.07	33.18	0
18.076	33.18	0
18.078	33.18	0
18.084	33.18	0
18.087	33.181	0
18.09	33.181	0
18.096	33.181	0
18.099	33.181	0
18.104	33.182	0
18.107	33.182	0
18.11	33.182	0
18.116	33.182	0
18.119	33.182	0
18.125	33.183	0
18.128	33.183	0
18.131	33.183	0
18.136	33.183	0
18.139	33.184	0
18.145	33.184	0
18.148	33.184	0
18.151	33.184	0
18.157	33.184	0
18.16	33.185	0
18.165	33.185	0
18.168	33.185	0
18.171	33.185	0
18.177	33.186	0
18.18	33.186	0
18.186	33.186	0
18.189	33.186	0
18.191	33.186	0
18.197	33.187	0
18.2	33.187	0
18.206	33.187	0
18.209	33.187	0
18.212	33.187	0
18.218	33.188	0
18.22	33.188	0
18.226	33.188	0
18.229	33.188	0
18.232	33.188	0
18.238	33.189	0
18.241	33.189	0
18.247	33.189	0
18.25	33.189	0
18.253	33.189	0
18.258	33.19	0
18.261	33.19	0
18.267	33.19	0
18.27	33.19	0
18.273	33.19	0
18.279	33.191	0
18.282	33.191	0
18.288	33.191	0
18.29	33.191	0
18.293	33.191	0
18.299	33.191	0
18.302	33.192	0
18.308	33.192	0
18.311	33.192	0
18.314	33.192	0
18.32	33.192	0
18.323	33.193	0
18.328	33.193	0
18.331	33.193	0
18.334	33.193	0
18.34	33.193	0
18.343	33.193	0
18.349	33.194	0
18.352	33.194	0
18.355	33.194	0
18.361	33.194	0
18.364	33.194	0
18.369	33.195	0
18.372	33.195	0
18.375	33.195	0
18.381	33.195	0
18.384	33.195	0
18.39	33.195	0
18.393	33.195	0
18.396	33.196	0
18.402	33.196	0
18.405	33.196	0
18.411	33.196	0
18.413	33.196	0
18.416	33.196	0
18.422	33.197	0
18.425	33.197	0
18.431	33.197	0
18.434	33.197	0
18.437	33.197	0
18.443	33.197	0
18.446	33.197	0
18.452	33.198	0
18.455	33.198	0
18.458	33.198	0
18.463	33.198	0
18.466	33.198	0
18.472	33.198	0
18.475	33.199	0
18.478	33.199	0
18.484	33.199	0
18.487	33.199	0
18.493	33.199	0
18.496	33.199	0
18.499	33.199	0
18.505	33.2	0
18.508	33.2	0
18.514	33.2	0
18.517	33.2	0
18.519	33.2	0
18.525	33.2	0
18.528	33.2	0
18.534	33.2	0
18.537	33.201	0
18.54	33.201	0
18.546	33.201	0
18.549	33.201	0
18.555	33.201	0
18.558	33.201	0
18.561	33.201	0
18.567	33.201	0
18.57	33.202	0
18.576	33.202	0
18.579	33.202	0
18.582	33.202	0
18.588	33.202	0
18.59	33.202	0
18.596	33.202	0
18.599	33.202	0
18.602	33.202	0
18.608	33.203	0
18.611	33.203	0
18.617	33.203	0
18.62	33.203	0
18.623	33.203	0
18.629	33.203	0
18.632	33.203	0
18.638	33.203	0
18.641	33.204	0
18.644	33.204	0
18.65	33.204	0
18.653	33.204	0
18.659	33.204	0
18.662	33.204	0
18.665	33.204	0
18.671	33.204	0
18.674	33.204	0
18.681	33.205	0
