-14.652	38.669	-0
-14.647	38.668	-0
-14.641	38.667	-0
-14.636	38.666	-0
-14.632	38.665	-0
-14.625	38.664	-0
-14.621	38.663	-0
-14.616	38.662	-0
-14.612	38.661	-0
-14.605	38.659	-0
-14.601	38.658	-0
-14.597	38.657	-0
-14.59	38.656	-0
-14.585	38.655	-0
-14.581	38.654	-0
-14.574	38.653	-0
-14.57	38.652	-0
-14.566	38.651	-0
-14.561	38.65	-0
-14.555	38.648	-0
-14.55	38.647	-0
-14.546	38.646	-0
-14.539	38.645	-0
-14.535	38.644	-0
-14.53	38.643	-0
-14.526	38.642	-0
-14.519	38.641	-0
-14.515	38.64	-0
-14.51	38.639	-0
-14.504	38.637	-0
-14.499	38.636	-0
-14.495	38.635	-0
-14.488	38.634	-0
-14.484	38.633	-0
-14.48	38.632	-0
-14.473	38.631	-0
-14.468	38.63	-0
-14.464	38.629	-0
-14.46	38.628	-0
-14.453	38.626	-0
-14.449	38.625	-0
-14.444	38.624	-0
-14.438	38.623	-0
-14.433	38.622	-0
-14.429	38.621	-0
-14.424	38.62	-0
-14.418	38.619	-0
-14.413	38.618	-0
-14.409	38.617	-0
-14.402	38.615	-0
-14.398	38.614	-0
-14.394	38.613	-0
-14.387	38.612	-0
-14.382	38.611	-0
-14.378	38.61	-0
-14.374	38.609	-0
-14.367	38.607	-0
-14.363	38.606	-0
-14.358	38.605	-0
-14.352	38.604	-0
-14.347	38.603	-0
-14.343	38.602	-0
-14.336	38.601	-0
-14.332	38.6	-0
-14.327	38.599	-0
-14.321	38.597	-0
-14.316	38.596	-0
-14.312	38.595	-0
-14.308	38.594	-0
-14.301	38.593	-0
-14.297	38.592	-0
-14.292	38.591	-0
-14.286	38.589	-0
-14.281	38.588	-0
-14.277	38.587	-0
-14.27	38.586	-0
-14.266	38.585	-0
-14.261	38.584	-0
-14.257	38.583	-0
-14.25	38.581	-0
-14.246	38.58	-0
-14.242	38.579	-0
-14.235	38.578	-0
-14.231	38.577	-0
-14.226	38.576	-0
-14.222	38.575	-0
-14.215	38.573	-0
-14.211	38.572	-0
-14.206	38.571	-0
-14.2	38.57	-0
-14.195	38.569	-0
-14.191	38.568	-0
-14.184	38.567	-0
-14.18	38.566	-0
-14.176	38.565	-0
-14.171	38.564	-0
-14.165	38.562	-0
-14.16	38.561	-0
-14.156	38.56	-0
-14.149	38.559	-0
-14.145	38.558	-0
-14.141	38.557	-0
-14.134	38.555	-0
-14.13	38.554	-0
-14.125	38.553	-0
-14.121	38.552	-0
-14.114	38.551	-0
-14.11	38.55	-0
-14.105	38.549	-0
-14.099	38.547	-0
-14.094	38.546	-0
-14.09	38.545	-0
-14.083	38.544	-0
-14.079	38.543	-0
-14.075	38.542	-0
-14.068	38.54	-0
-14.064	38.539	-0
-14.059	38.538	-0
-14.055	38.537	-0
-14.048	38.536	-0
-14.044	38.535	-0
-14.04	38.534	-0
-14.033	38.532	-0
-14.029	38.531	-0
-14.024	38.53	-0
-14.018	38.528	-0
-14.013	38.527	-0
-14.009	38.526	-0
-14.004	38.525	-0
-13.998	38.524	-0
-13.993	38.523	-0
-13.989	38.522	-0
-13.983	38.52	-0
-13.978	38.519	-0
-13.974	38.518	-0
-13.967	38.517	-0
-13.963	38.516	-0
-13.958	38.515	-0
-13.954	38.514	-0
-13.947	38.512	-0
-13.943	38.511	-0
-13.939	38.51	-0
-13.932	38.509	-0
-13.928	38.508	-0
-13.923	38.507	-0
-13.917	38.505	-0
-13.912	38.504	-0
-13.908	38.503	-0
-13.904	38.502	-0
-13.897	38.5	-0
-13.893	38.499	-0
-13.888	38.498	-0
-13.882	38.497	-0
-13.877	38.496	-0
-13.873	38.495	-0
-13.866	38.493	-0
-13.862	38.492	-0
-13.858	38.491	-0
-13.853	38.49	-0
-13.847	38.489	-0
-13.842	38.488	-0
-13.838	38.487	-0
-13.831	38.485	-0
-13.827	38.484	-0
-13.823	38.483	-0
-13.818	38.482	-0
-13.812	38.48	-0
-13.807	38.479	-0
-13.803	38.478	-0
-13.796	38.477	-0
-13.792	38.476	-0
-13.788	38.475	-0
-13.781	38.473	-0
-13.777	38.472	-0
-13.772	38.471	-0
-13.768	38.47	-0
-13.761	38.469	-0
-13.757	38.467	-0
-13.753	38.466	-0
-13.746	38.465	-0
-13.742	38.464	-0
-13.737	38.463	-0
-13.731	38.461	-0
-13.726	38.46	-0
-13.722	38.459	-0
-13.718	38.458	-0
-13.711	38.457	-0
-13.707	38.456	-0
-13.702	38.454	-0
-13.696	38.453	-0
-13.692	38.452	-0
-13.687	38.451	-0
-13.681	38.449	-0
-13.676	38.448	-0
-13.672	38.447	-0
-13.668	38.446	-0
-13.661	38.445	-0
-13.657	38.443	-0
-13.652	38.442	-0
-13.646	38.441	-0
-13.641	38.44	-0
-13.637	38.439	-0
-13.63	38.437	-0
-13.626	38.436	-0
-13.622	38.435	-0
-13.617	38.434	-0
-13.611	38.432	-0
-13.606	38.431	-0
-13.602	38.43	-0
-13.596	38.429	-0
-13.591	38.428	-0
-13.587	38.427	-0
-13.58	38.425	-0
-13.576	38.424	-0
-13.572	38.423	-0
-13.567	38.422	-0
-13.561	38.42	-0
-13.556	38.419	-0
-13.552	38.418	-0
-13.545	38.417	-0
-13.541	38.416	-0
-13.537	38.414	-0
-13.53	38.413	-0
-13.526	38.412	-0
-13.521	38.411	-0
-13.515	38.409	-0
-13.511	38.408	-0
-13.506	38.407	-0
-13.502	38.406	-0
-13.495	38.404	-0
-13.491	38.403	-0
-13.487	38.402	-0
-13.48	38.401	-0
-13.476	38.4	-0
-13.471	38.399	-0
-13.465	38.397	-0
-13.46	38.396	-0
-13.456	38.395	-0
-13.452	38.394	-0
-13.445	38.392	-0
-13.441	38.391	-0
-13.437	38.39	-0
-13.43	38.388	-0
-13.426	38.387	-0
-13.421	38.386	-0
-13.415	38.385	-0
-13.41	38.384	-0
-13.406	38.382	-0
-13.402	38.381	-0
-13.395	38.38	-0
-13.391	38.379	-0
-13.386	38.378	-0
-13.38	38.376	-0
-13.376	38.375	-0
-13.371	38.374	-0
-13.365	38.372	-0
-13.36	38.371	-0
-13.356	38.37	-0
-13.352	38.369	-0
-13.345	38.367	-0
-13.341	38.366	-0
-13.336	38.365	-0
-13.33	38.364	-0
-13.326	38.362	-0
-13.321	38.361	-0
-13.315	38.36	-0
-13.31	38.359	-0
-13.306	38.358	-0
-13.302	38.357	-0
-13.295	38.355	-0
-13.291	38.354	-0
-13.287	38.353	-0
-13.28	38.351	-0
-13.276	38.35	-0
-13.271	38.349	-0
-13.265	38.347	-0
-13.26	38.346	-0
-13.256	38.345	-0
-13.252	38.344	-0
-13.245	38.342	-0
-13.241	38.341	-0
-13.237	38.34	-0
-13.23	38.339	-0
-13.226	38.337	-0
-13.221	38.336	-0
-13.215	38.335	-0
-13.211	38.334	-0
-13.206	38.333	-0
-13.202	38.331	-0
-13.195	38.33	-0
-13.191	38.329	-0
-13.187	38.328	-0
-13.18	38.326	-0
-13.176	38.325	-0
-13.171	38.324	-0
-13.165	38.322	-0
-13.161	38.321	-0
-13.156	38.32	-0
-13.152	38.319	-0
-13.145	38.317	-0
-13.141	38.316	-0
-13.137	38.315	-0
-13.13	38.313	-0
-13.126	38.312	-0
-13.122	38.311	-0
-13.115	38.309	-0
-13.111	38.308	-0
-13.106	38.307	-0
-13.102	38.306	-0
-13.096	38.304	-0
-13.091	38.303	-0
-13.087	38.302	-0
-13.08	38.301	-0
-13.076	38.299	-0
-13.072	38.298	-0
-13.065	38.297	-0
-13.061	38.296	-0
-13.057	38.294	-0
-13.052	38.293	-0
-13.046	38.292	-0
-13.042	38.291	-0
-13.037	38.289	-0
-13.031	38.288	-0
-13.026	38.287	-0
-13.022	38.286	-0
-13.018	38.284	-0
-13.011	38.283	-0
-13.007	38.282	-0
-13.003	38.281	-0
-12.996	38.279	-0
-12.992	38.278	-0
-12.987	38.277	-0
-12.981	38.275	-0
-12.977	38.274	-0
-12.972	38.273	-0
-12.968	38.272	-0
-12.961	38.27	-0
-12.957	38.269	-0
-12.953	38.268	-0
-12.946	38.266	-0
-12.942	38.265	-0
-12.938	38.264	-0
-12.931	38.262	-0
-12.927	38.261	-0
-12.923	38.26	-0
-12.918	38.259	-0
-12.912	38.257	-0
-12.907	38.256	-0
-12.903	38.255	-0
-12.897	38.253	-0
-12.892	38.252	-0
-12.888	38.251	-0
-12.882	38.249	-0
-12.877	38.248	-0
-12.873	38.247	-0
-12.869	38.246	-0
-12.862	38.244	-0
-12.858	38.243	-0
-12.853	38.242	-0
-12.847	38.24	-0
-12.843	38.239	-0
-12.838	38.238	-0
-12.832	38.236	-0
-12.828	38.235	-0
-12.823	38.234	-0
-12.819	38.233	-0
-12.812	38.231	-0
-12.808	38.23	-0
-12.804	38.229	-0
-12.797	38.227	-0
-12.793	38.226	-0
-12.789	38.225	-0
-12.782	38.223	-0
-12.778	38.222	-0
-12.774	38.221	-0
-12.769	38.22	-0
-12.763	38.218	-0
-12.759	38.217	-0
-12.754	38.216	-0
-12.748	38.214	-0
-12.743	38.213	-0
-12.739	38.212	-0
-12.733	38.21	-0
-12.728	38.209	-0
-12.724	38.208	-0
-12.72	38.206	-0
-12.713	38.205	-0
-12.709	38.204	-0
-12.705	38.202	-0
-12.698	38.201	-0
-12.694	38.2	-0
-12.69	38.198	-0
-12.683	38.197	-0
-12.679	38.196	-0
-12.675	38.194	-0
-12.67	38.193	-0
-12.664	38.192	-0
-12.659	38.19	-0
-12.655	38.189	-0
-12.649	38.187	-0
-12.644	38.186	-0
-12.64	38.185	-0
-12.634	38.183	-0
-12.629	38.182	-0
-12.625	38.181	-0
-12.621	38.18	-0
-12.614	38.178	-0
-12.61	38.177	-0
-12.606	38.176	-0
-12.599	38.174	-0
-12.595	38.173	-0
-12.591	38.172	-0
-12.584	38.17	-0
-12.58	38.169	-0
-12.576	38.168	-0
-12.571	38.167	-0
-12.565	38.165	-0
-12.56	38.164	-0
-12.556	38.163	-0
-12.55	38.161	-0
-12.545	38.16	-0
-12.541	38.159	-0
-12.535	38.157	-0
-12.53	38.156	-0
-12.526	38.154	-0
-12.522	38.153	-0
-12.515	38.152	-0
-12.511	38.15	-0
-12.507	38.149	-0
-12.5	38.147	-0
-12.496	38.146	-0
-12.492	38.145	-0
-12.485	38.143	-0
-12.481	38.142	-0
-12.477	38.141	-0
-12.472	38.14	-0
-12.466	38.138	-0
-12.462	38.137	-0
-12.457	38.136	-0
-12.451	38.134	-0
-12.447	38.133	-0
-12.442	38.132	-0
-12.436	38.13	-0
-12.432	38.129	-0
-12.427	38.127	-0
-12.421	38.126	-0
-12.417	38.125	-0
-12.412	38.123	-0
-12.408	38.122	-0
-12.402	38.12	-0
-12.397	38.119	-0
-12.393	38.118	-0
-12.387	38.116	-0
-12.382	38.115	-0
-12.378	38.114	-0
-12.372	38.112	-0
-12.367	38.111	-0
-12.363	38.11	-0
-12.359	38.109	-0
-12.352	38.107	-0
-12.348	38.106	-0
-12.344	38.104	-0
-12.337	38.103	-0
-12.333	38.102	-0
-12.329	38.1	-0
-12.322	38.099	-0
-12.318	38.097	-0
-12.314	38.096	-0
-12.309	38.095	-0
-12.303	38.093	-0
-12.299	38.092	-0
-12.294	38.091	-0
-12.288	38.089	-0
-12.284	38.088	-0
-12.279	38.087	-0
-12.273	38.085	-0
-12.269	38.084	-0
-12.264	38.082	-0
-12.26	38.081	-0
-12.254	38.079	-0
-12.249	38.078	-0
-12.245	38.077	-0
-12.239	38.075	-0
-12.234	38.074	-0
-12.23	38.073	-0
-12.224	38.071	-0
-12.22	38.07	-0
-12.215	38.069	-0
-12.211	38.068	-0
-12.205	38.066	-0
-12.2	38.065	-0
-12.196	38.063	-0
-12.19	38.062	-0
-12.185	38.06	-0
-12.181	38.059	-0
-12.175	38.057	-0
-12.17	38.056	-0
-12.166	38.055	-0
-12.162	38.054	-0
-12.155	38.052	-0
-12.151	38.051	-0
-12.147	38.049	-0
-12.14	38.048	-0
-12.136	38.046	-0
-12.132	38.045	-0
-12.125	38.043	-0
-12.121	38.042	-0
-12.117	38.041	-0
-12.113	38.04	-0
-12.106	38.038	-0
-12.102	38.037	-0
-12.098	38.036	-0
-12.091	38.034	-0
-12.087	38.033	-0
-12.083	38.031	-0
-12.076	38.03	-0
-12.072	38.028	-0
-12.068	38.027	-0
-12.064	38.026	-0
-12.057	38.024	-0
-12.053	38.023	-0
-12.049	38.022	-0
-12.042	38.02	-0
-12.038	38.019	-0
-12.034	38.017	-0
-12.027	38.016	-0
-12.023	38.014	-0
-12.019	38.013	-0
-12.014	38.012	-0
-12.008	38.01	-0
-12.004	38.009	-0
-12	38.008	-0
-11.993	38.006	-0
-11.989	38.005	-0
-11.985	38.003	-0
-11.978	38.002	-0
-11.974	38	-0
-11.97	37.999	-0
-11.965	37.998	-0
-11.959	37.996	-0
-11.955	37.995	-0
-11.951	37.994	-0
-11.944	37.992	-0
-11.94	37.991	-0
-11.936	37.989	-0
-11.929	37.987	-0
-11.925	37.986	-0
-11.921	37.985	-0
-11.916	37.984	-0
-11.91	37.982	-0
-11.906	37.981	-0
-11.902	37.979	-0
-11.895	37.978	-0
-11.891	37.976	-0
-11.887	37.975	-0
-11.88	37.973	-0
-11.876	37.972	-0
-11.872	37.971	-0
-11.867	37.97	-0
-11.861	37.968	-0
-11.857	37.967	-0
-11.853	37.965	-0
-11.846	37.963	-0
-11.842	37.962	-0
-11.838	37.961	-0
-11.831	37.959	-0
-11.827	37.958	-0
-11.823	37.957	-0
-11.819	37.955	-0
-11.812	37.954	-0
-11.808	37.952	-0
-11.804	37.951	-0
-11.797	37.949	-0
-11.793	37.948	-0
-11.789	37.947	-0
-11.782	37.945	-0
-11.778	37.944	-0
-11.774	37.942	-0
-11.77	37.941	-0
-11.763	37.939	-0
-11.759	37.938	-0
-11.755	37.937	-0
-11.748	37.935	-0
-11.744	37.934	-0
-11.74	37.932	-0
-11.734	37.931	-0
-11.729	37.929	-0
-11.725	37.928	-0
-11.721	37.927	-0
-11.714	37.925	-0
-11.71	37.924	-0
-11.706	37.922	-0
-11.7	37.921	-0
-11.695	37.919	-0
-11.691	37.918	-0
-11.685	37.916	-0
-11.68	37.915	-0
-11.676	37.914	-0
-11.672	37.912	-0
-11.666	37.91	-0
-11.661	37.909	-0
-11.657	37.908	-0
-11.651	37.906	-0
-11.647	37.905	-0
-11.642	37.904	-0
-11.636	37.902	-0
-11.632	37.9	-0
-11.627	37.899	-0
-11.623	37.898	-0
-11.617	37.896	-0
-11.613	37.895	-0
-11.608	37.893	-0
-11.602	37.892	-0
-11.598	37.89	-0
-11.594	37.889	-0
-11.587	37.887	-0
-11.583	37.886	-0
-11.579	37.885	-0
-11.574	37.883	-0
-11.568	37.882	-0
-11.564	37.88	-0
-11.56	37.879	-0
-11.553	37.877	-0
-11.549	37.876	-0
-11.545	37.875	-0
-11.538	37.873	-0
-11.534	37.871	-0
-11.53	37.87	-0
-11.526	37.869	-0
-11.519	37.867	-0
-11.515	37.866	-0
-11.511	37.864	-0
-11.505	37.862	-0
-11.5	37.861	-0
-11.496	37.86	-0
-11.49	37.858	-0
-11.486	37.857	-0
-11.481	37.855	-0
-11.477	37.854	-0
-11.471	37.852	-0
-11.466	37.851	-0
-11.462	37.85	-0
-11.456	37.848	-0
-11.452	37.847	-0
-11.447	37.845	-0
-11.443	37.844	-0
-11.437	37.842	-0
-11.433	37.841	-0
-11.428	37.84	-0
-11.422	37.838	-0
-11.418	37.836	-0
-11.414	37.835	-0
-11.407	37.833	-0
-11.403	37.832	-0
-11.399	37.831	-0
-11.395	37.829	-0
-11.388	37.827	-0
-11.384	37.826	-0
-11.38	37.825	-0
-11.373	37.823	-0
-11.369	37.822	-0
-11.365	37.82	-0
-11.359	37.818	-0
-11.354	37.817	-0
-11.35	37.816	-0
-11.346	37.814	-0
-11.34	37.813	-0
-11.335	37.811	-0
-11.331	37.81	-0
-11.325	37.808	-0
-11.321	37.807	-0
-11.316	37.805	-0
-11.31	37.804	-0
-11.306	37.802	-0
-11.302	37.801	-0
-11.297	37.8	-0
-11.291	37.798	-0
-11.287	37.796	-0
-11.283	37.795	-0
-11.276	37.793	-0
-11.272	37.792	-0
-11.268	37.791	-0
-11.262	37.789	-0
-11.257	37.787	-0
-11.253	37.786	-0
-11.249	37.785	-0
-11.243	37.783	-0
-11.238	37.781	-0
-11.234	37.78	-0
-11.228	37.778	-0
-11.224	37.777	-0
-11.219	37.776	-0
-11.213	37.774	-0
-11.209	37.772	-0
-11.205	37.771	-0
-11.2	37.77	-0
-11.194	37.768	-0
-11.19	37.767	-0
-11.186	37.765	-0
-11.179	37.763	-0
-11.175	37.762	-0
-11.171	37.761	-0
-11.165	37.759	-0
-11.16	37.757	-0
-11.156	37.756	-0
-11.152	37.755	-0
-11.146	37.753	-0
-11.142	37.752	-0
-11.137	37.75	-0
-11.131	37.748	-0
-11.127	37.747	-0
-11.123	37.746	-0
-11.116	37.744	-0
-11.112	37.742	-0
-11.108	37.741	-0
-11.104	37.74	-0
-11.097	37.738	-0
-11.093	37.736	-0
-11.089	37.735	-0
-11.083	37.733	-0
-11.078	37.732	-0
-11.074	37.731	-0
-11.068	37.729	-0
-11.064	37.727	-0
-11.06	37.726	-0
-11.055	37.725	-0
-11.049	37.723	-0
-11.045	37.721	-0
-11.041	37.72	-0
-11.034	37.718	-0
-11.03	37.717	-0
-11.026	37.715	-0
-11.02	37.713	-0
-11.015	37.712	-0
-11.011	37.711	-0
-11.007	37.709	-0
-11.001	37.707	-0
-10.996	37.706	-0
-10.992	37.705	-0
-10.986	37.703	-0
-10.982	37.701	-0
-10.978	37.7	-0
-10.971	37.698	-0
-10.967	37.697	-0
-10.963	37.695	-0
-10.959	37.694	-0
-10.952	37.692	-0
-10.948	37.691	-0
-10.944	37.689	-0
-10.938	37.688	-0
-10.934	37.686	-0
-10.929	37.685	-0
-10.923	37.683	-0
-10.919	37.682	-0
-10.915	37.68	-0
-10.91	37.679	-0
-10.904	37.677	-0
-10.9	37.676	-0
-10.896	37.674	-0
-10.889	37.672	-0
-10.885	37.671	-0
-10.881	37.67	-0
-10.875	37.668	-0
-10.871	37.666	-0
-10.866	37.665	-0
-10.862	37.663	-0
-10.856	37.661	-0
-10.852	37.66	-0
-10.848	37.659	-0
-10.841	37.657	-0
-10.837	37.655	-0
-10.833	37.654	-0
-10.827	37.652	-0
-10.822	37.651	-0
-10.818	37.649	-0
-10.814	37.648	-0
-10.808	37.646	-0
-10.804	37.645	-0
-10.799	37.643	-0
-10.793	37.641	-0
-10.789	37.64	-0
-10.785	37.639	-0
-10.778	37.637	-0
-10.774	37.635	-0
-10.77	37.634	-0
-10.766	37.633	-0
-10.76	37.631	-0
-10.755	37.629	-0
-10.751	37.628	-0
-10.745	37.626	-0
-10.741	37.625	-0
-10.737	37.623	-0
-10.73	37.621	-0
-10.726	37.62	-0
-10.722	37.618	-0
-10.718	37.617	-0
-10.712	37.615	-0
-10.707	37.614	-0
-10.703	37.612	-0
-10.697	37.61	-0
-10.693	37.609	-0
-10.689	37.608	-0
-10.682	37.606	-0
-10.678	37.604	-0
-10.674	37.603	-0
-10.67	37.601	-0
-10.663	37.599	-0
-10.659	37.598	-0
-10.655	37.597	-0
-10.649	37.595	-0
-10.645	37.593	-0
-10.641	37.592	-0
-10.634	37.59	-0
-10.63	37.589	-0
-10.626	37.587	-0
-10.622	37.586	-0
-10.615	37.584	-0
-10.611	37.582	-0
-10.607	37.581	-0
-10.601	37.579	-0
-10.597	37.578	-0
-10.593	37.576	-0
-10.586	37.574	-0
-10.582	37.573	-0
-10.578	37.572	-0
-10.574	37.57	-0
-10.567	37.568	-0
-10.563	37.567	-0
-10.559	37.565	-0
-10.553	37.563	-0
-10.549	37.562	-0
-10.545	37.561	-0
-10.538	37.559	-0
-10.534	37.557	-0
-10.53	37.556	-0
-10.526	37.554	-0
-10.52	37.552	-0
-10.515	37.551	-0
-10.511	37.55	-0
-10.505	37.548	-0
-10.501	37.546	-0
-10.497	37.545	-0
-10.49	37.543	-0
-10.486	37.541	-0
-10.482	37.54	-0
-10.478	37.539	-0
-10.472	37.537	-0
-10.467	37.535	-0
-10.463	37.534	-0
-10.457	37.532	-0
-10.453	37.53	-0
-10.449	37.529	-0
-10.442	37.527	-0
-10.438	37.525	-0
-10.434	37.524	-0
-10.43	37.523	-0
-10.424	37.521	-0
-10.42	37.519	-0
-10.415	37.518	-0
-10.409	37.516	-0
-10.405	37.514	-0
-10.401	37.513	-0
-10.395	37.511	-0
-10.39	37.51	-0
-10.386	37.508	-0
-10.382	37.507	-0
-10.376	37.505	-0
-10.372	37.503	-0
-10.368	37.502	-0
-10.361	37.5	-0
-10.357	37.498	-0
-10.353	37.497	-0
-10.347	37.495	-0
-10.343	37.494	-0
-10.338	37.492	-0
-10.334	37.491	-0
-10.328	37.489	-0
-10.324	37.487	-0
-10.32	37.486	-0
-10.314	37.484	-0
-10.309	37.482	-0
-10.305	37.481	-0
-10.299	37.479	-0
-10.295	37.478	-0
-10.291	37.476	-0
-10.287	37.475	-0
-10.28	37.473	-0
-10.276	37.471	-0
-10.272	37.47	-0
-10.266	37.468	-0
-10.262	37.466	-0
-10.257	37.465	-0
-10.251	37.463	-0
-10.247	37.462	-0
-10.243	37.46	-0
-10.237	37.458	-0
-10.233	37.457	-0
-10.228	37.455	-0
-10.224	37.454	-0
-10.218	37.452	-0
-10.214	37.45	-0
-10.21	37.449	-0
-10.204	37.447	-0
-10.199	37.445	-0
-10.195	37.444	-0
-10.189	37.442	-0
-10.185	37.44	-0
-10.181	37.439	-0
-10.177	37.438	-0
-10.17	37.436	-0
-10.166	37.434	-0
-10.162	37.433	-0
-10.156	37.431	-0
-10.152	37.429	-0
-10.148	37.428	-0
-10.141	37.426	-0
-10.137	37.424	-0
-10.133	37.423	-0
-10.129	37.421	-0
-10.123	37.419	-0
-10.119	37.418	-0
-10.114	37.416	-0
-10.108	37.414	-0
-10.104	37.413	-0
-10.1	37.412	-0
-10.094	37.409	-0
-10.09	37.408	-0
-10.085	37.407	-0
-10.081	37.405	-0
-10.075	37.403	-0
-10.071	37.402	-0
-10.067	37.4	-0
-10.061	37.398	-0
-10.057	37.397	-0
-10.052	37.395	-0
-10.046	37.393	-0
-10.042	37.392	-0
-10.038	37.39	-0
-10.034	37.389	-0
-10.028	37.387	-0
-10.023	37.385	-0
-10.019	37.384	-0
-10.013	37.382	-0
-10.009	37.38	-0
-10.005	37.379	-0
-9.9986	37.377	-0
-9.9945	37.375	-0
-9.9904	37.374	-0
-9.9862	37.372	-0
-9.98	37.37	-0
-9.9759	37.369	-0
-9.9718	37.367	-0
-9.9656	37.365	-0
-9.9614	37.364	-0
-9.9573	37.362	-0
-9.9511	37.36	-0
-9.947	37.359	-0
-9.9429	37.357	-0
-9.9387	37.356	-0
-9.9325	37.354	-0
-9.9284	37.352	-0
-9.9243	37.351	-0
-9.9181	37.349	-0
-9.914	37.347	-0
-9.9098	37.346	-0
-9.9036	37.344	-0
-9.8995	37.342	-0
-9.8954	37.341	-0
-9.8913	37.339	-0
-9.8851	37.337	-0
-9.881	37.336	-0
-9.8768	37.334	-0
-9.8706	37.332	-0
-9.8665	37.331	-0
-9.8624	37.329	-0
-9.8562	37.327	-0
-9.8521	37.326	-0
-9.848	37.324	-0
-9.8438	37.323	-0
-9.8377	37.321	-0
-9.8335	37.319	-0
-9.8294	37.318	-0
-9.8232	37.316	-0
-9.8191	37.314	-0
-9.815	37.313	-0
-9.8088	37.311	-0
-9.8047	37.309	-0
-9.8006	37.308	-0
-9.7965	37.306	-0
-9.7903	37.304	-0
-9.7862	37.303	-0
-9.782	37.301	-0
-9.7759	37.299	-0
-9.7717	37.298	-0
-9.7676	37.296	-0
-9.7615	37.294	-0
-9.7573	37.293	-0
-9.7532	37.291	-0
-9.7491	37.29	-0
-9.7429	37.287	-0
-9.7388	37.286	-0
-9.7347	37.285	-0
-9.7285	37.282	-0
-9.7244	37.281	-0
-9.7203	37.279	-0
-9.7141	37.277	-0
-9.71	37.276	-0
-9.7059	37.274	-0
-9.7018	37.273	-0
-9.6956	37.271	-0
-9.6915	37.269	-0
-9.6874	37.268	-0
-9.6812	37.266	-0
-9.6771	37.264	-0
-9.673	37.263	-0
-9.6668	37.26	-0
-9.6627	37.259	-0
-9.6586	37.258	-0
-9.6545	37.256	-0
-9.6484	37.254	-0
-9.6442	37.252	-0
-9.6401	37.251	-0
-9.634	37.249	-0
-9.6299	37.247	-0
-9.6258	37.246	-0
-9.6196	37.244	-0
-9.6155	37.242	-0
-9.6114	37.241	-0
-9.6073	37.239	-0
-9.6011	37.237	-0
-9.597	37.236	-0
-9.5929	37.234	-0
-9.5867	37.232	-0
-9.5826	37.23	-0
-9.5785	37.229	-0
-9.5724	37.227	-0
-9.5683	37.225	-0
-9.5642	37.224	-0
-9.5601	37.222	-0
-9.5539	37.22	-0
-9.5498	37.219	-0
-9.5457	37.217	-0
-9.5396	37.215	-0
-9.5355	37.214	-0
-9.5314	37.212	-0
-9.5252	37.21	-0
-9.5211	37.208	-0
-9.517	37.207	-0
-9.5129	37.205	-0
-9.5068	37.203	-0
-9.5027	37.202	-0
-9.4986	37.2	-0
-9.4924	37.198	-0
-9.4883	37.197	-0
-9.4842	37.195	-0
-9.4781	37.193	-0
-9.474	37.191	-0
-9.4699	37.19	-0
-9.4658	37.188	-0
-9.4596	37.186	-0
-9.4555	37.185	-0
-9.4514	37.183	-0
-9.4453	37.181	-0
-9.4412	37.18	-0
-9.4371	37.178	-0
-9.431	37.176	-0
-9.4269	37.174	-0
-9.4228	37.173	-0
-9.4187	37.171	-0
-9.4125	37.169	-0
-9.4085	37.168	-0
-9.4044	37.166	-0
-9.3982	37.164	-0
-9.3941	37.162	-0
-9.39	37.161	-0
-9.3839	37.159	-0
-9.3798	37.157	-0
-9.3757	37.156	-0
-9.3716	37.154	-0
-9.3655	37.152	-0
-9.3614	37.151	-0
-9.3573	37.149	-0
-9.3512	37.147	-0
-9.3471	37.145	-0
-9.343	37.144	-0
-9.3369	37.142	-0
-9.3328	37.14	-0
-9.3287	37.139	-0
-9.3246	37.137	-0
-9.3185	37.135	-0
-9.3144	37.133	-0
-9.3103	37.132	-0
-9.3042	37.13	-0
-9.3001	37.128	-0
-9.296	37.127	-0
-9.2899	37.124	-0
-9.2858	37.123	-0
-9.2817	37.121	-0
-9.2776	37.12	-0
-9.2715	37.118	-0
-9.2674	37.116	-0
-9.2633	37.115	-0
-9.2572	37.112	-0
-9.2531	37.111	-0
-9.2491	37.109	-0
-9.2429	37.107	-0
-9.2389	37.106	-0
-9.2348	37.104	-0
-9.2307	37.103	-0
-9.2246	37.1	-0
-9.2205	37.099	-0
-9.2164	37.097	-0
-9.2103	37.095	-0
-9.2062	37.094	-0
-9.2021	37.092	-0
-9.196	37.09	-0
-9.1919	37.088	-0
-9.1879	37.087	-0
-9.1838	37.085	-0
-9.1777	37.083	-0
-9.1736	37.081	-0
-9.1695	37.08	-0
-9.1634	37.078	-0
-9.1593	37.076	-0
-9.1552	37.075	-0
-9.1491	37.072	-0
-9.1451	37.071	-0
-9.141	37.069	-0
-9.1369	37.068	-0
-9.1308	37.066	-0
-9.1267	37.064	-0
-9.1227	37.063	-0
-9.1165	37.06	-0
-9.1125	37.059	-0
-9.1084	37.057	-0
-9.1023	37.055	-0
-9.0982	37.053	-0
-9.0942	37.052	-0
-9.0901	37.05	-0
-9.084	37.048	-0
-9.0799	37.047	-0
-9.0758	37.045	-0
-9.0697	37.043	-0
-9.0657	37.041	-0
-9.0616	37.04	-0
-9.0555	37.037	-0
-9.0514	37.036	-0
-9.0474	37.034	-0
-9.0433	37.033	-0
-9.0372	37.031	-0
-9.0331	37.029	-0
-9.029	37.028	-0
-9.0229	37.025	-0
-9.0189	37.024	-0
-9.0148	37.022	-0
-9.0087	37.02	-0
-9.0047	37.018	-0
-9.0006	37.017	-0
-8.9965	37.015	-0
-8.9904	37.013	-0
-8.9864	37.012	-0
-8.9823	37.01	-0
-8.9762	37.008	-0
-8.9721	37.006	-0
-8.9681	37.005	-0
-8.962	37.002	-0
-8.9579	37.001	-0
-8.9539	36.999	-0
-8.9498	36.998	-0
-8.9437	36.995	-0
-8.9396	36.994	-0
-8.9356	36.992	-0
-8.9295	36.99	-0
-8.9254	36.989	-0
-8.9214	36.987	-0
-8.9153	36.985	-0
-8.9112	36.983	-0
-8.9072	36.982	-0
-8.9031	36.98	-0
-8.897	36.978	-0
-8.893	36.976	-0
-8.8889	36.975	-0
-8.8828	36.972	-0
-8.8788	36.971	-0
-8.8747	36.969	-0
-8.8686	36.967	-0
-8.8646	36.965	-0
-8.8605	36.964	-0
-8.8565	36.962	-0
-8.8504	36.96	-0
-8.8463	36.958	-0
-8.8423	36.957	-0
-8.8362	36.955	-0
-8.8321	36.953	-0
-8.8281	36.952	-0
-8.822	36.949	-0
-8.818	36.948	-0
-8.8139	36.946	-0
-8.8098	36.945	-0
-8.8038	36.942	-0
-8.7997	36.941	-0
-8.7957	36.939	-0
-8.7896	36.937	-0
-8.7855	36.935	-0
-8.7815	36.934	-0
-8.7754	36.931	-0
-8.7714	36.93	-0
-8.7673	36.928	-0
-8.7633	36.927	-0
-8.7572	36.924	-0
-8.7531	36.923	-0
-8.7491	36.921	-0
-8.743	36.919	-0
-8.739	36.917	-0
-8.7349	36.916	-0
-8.7289	36.913	-0
-8.7248	36.912	-0
-8.7208	36.91	-0
-8.7167	36.909	-0
-8.7107	36.906	-0
-8.7066	36.905	-0
-8.7026	36.903	-0
-8.6965	36.901	-0
-8.6925	36.899	-0
-8.6884	36.898	-0
-8.6823	36.896	-0
-8.6783	36.894	-0
-8.6743	36.892	-0
-8.6702	36.891	-0
-8.6642	36.889	-0
-8.6601	36.887	-0
-8.6561	36.885	-0
-8.65	36.883	-0
-8.646	36.881	-0
-8.6419	36.88	-0
-8.6359	36.878	-0
-8.6318	36.876	-0
-8.6278	36.874	-0
-8.6237	36.873	-0
-8.6177	36.871	-0
-8.6137	36.869	-0
-8.6096	36.867	-0
-8.6036	36.865	-0
-8.5995	36.863	-0
-8.5955	36.862	-0
-8.5894	36.86	-0
-8.5854	36.858	-0
-8.5814	36.856	-0
-8.5773	36.855	-0
-8.5713	36.852	-0
-8.5672	36.851	-0
-8.5632	36.849	-0
-8.5571	36.847	-0
-8.5531	36.845	-0
-8.5491	36.844	-0
-8.543	36.841	-0
-8.539	36.84	-0
-8.5349	36.838	-0
-8.5309	36.837	-0
-8.5249	36.834	-0
-8.5208	36.833	-0
-8.5168	36.831	-0
-8.5108	36.829	-0
-8.5067	36.827	-0
-8.5027	36.826	-0
-8.4966	36.823	-0
-8.4926	36.822	-0
-8.4886	36.82	-0
-8.4846	36.819	-0
-8.4785	36.816	-0
-8.4745	36.815	-0
-8.4704	36.813	-0
-8.4644	36.811	-0
-8.4604	36.809	-0
-8.4563	36.807	-0
-8.4503	36.805	-0
-8.4463	36.803	-0
-8.4422	36.802	-0
-8.4382	36.8	-0
-8.4322	36.798	-0
-8.4282	36.796	-0
-8.4241	36.795	-0
-8.4181	36.792	-0
-8.4141	36.791	-0
-8.41	36.789	-0
-8.406	36.788	-0
-8.4	36.785	-0
-8.396	36.784	-0
-8.3919	36.782	-0
-8.3859	36.78	-0
-8.3819	36.778	-0
-8.3778	36.776	-0
-8.3718	36.774	-0
-8.3678	36.772	-0
-8.3638	36.771	-0
-8.3597	36.769	-0
-8.3537	36.767	-0
-8.3497	36.765	-0
-8.3457	36.764	-0
-8.3396	36.761	-0
-8.3356	36.76	-0
-8.3316	36.758	-0
-8.3256	36.756	-0
-8.3215	36.754	-0
-8.3175	36.753	-0
-8.3135	36.751	-0
-8.3075	36.749	-0
-8.3035	36.747	-0
-8.2994	36.745	-0
-8.2934	36.743	-0
-8.2894	36.741	-0
-8.2854	36.74	-0
-8.2794	36.737	-0
-8.2753	36.736	-0
-8.2713	36.734	-0
-8.2673	36.733	-0
-8.2613	36.73	-0
-8.2573	36.729	-0
-8.2533	36.727	-0
-8.2472	36.724	-0
-8.2432	36.723	-0
-8.2392	36.721	-0
-8.2332	36.719	-0
-8.2292	36.717	-0
-8.2252	36.716	-0
-8.2211	36.714	-0
-8.2151	36.712	-0
-8.2111	36.71	-0
-8.2071	36.708	-0
-8.2011	36.706	-0
-8.1971	36.704	-0
-8.1931	36.703	-0
-8.187	36.7	-0
-8.183	36.699	-0
-8.179	36.697	-0
-8.175	36.696	-0
-8.169	36.693	-0
-8.165	36.691	-0
-8.161	36.69	-0
-8.155	36.687	-0
-8.1509	36.686	-0
-8.1469	36.684	-0
-8.1409	36.682	-0
-8.1369	36.68	-0
-8.1329	36.679	-0
-8.1289	36.677	-0
-8.1229	36.674	-0
-8.1189	36.673	-0
-8.1149	36.671	-0
-8.1089	36.669	-0
-8.1049	36.667	-0
-8.1009	36.666	-0
-8.0949	36.663	-0
-8.0908	36.662	-0
-8.0868	36.66	-0
-8.0828	36.658	-0
-8.0768	36.656	-0
-8.0728	36.654	-0
-8.0688	36.653	-0
-8.0628	36.65	-0
-8.0588	36.649	-0
-8.0548	36.647	-0
-8.0488	36.644	-0
-8.0448	36.643	-0
-8.0408	36.641	-0
-8.0368	36.64	-0
-8.0308	36.637	-0
-8.0268	36.635	-0
-8.0228	36.634	-0
-8.0168	36.631	-0
-8.0128	36.63	-0
-8.0088	36.628	-0
-8.0028	36.626	-0
-7.9988	36.624	-0
-7.9948	36.622	-0
-7.9908	36.621	-0
-7.9848	36.618	-0
-7.9808	36.617	-0
-7.9768	36.615	-0
-7.9708	36.613	-0
-7.9668	36.611	-0
-7.9628	36.609	-0
-7.9568	36.607	-0
-7.9528	36.605	-0
-7.9488	36.604	-0
-7.9448	36.602	-0
-7.9388	36.6	-0
-7.9348	36.598	-0
-7.9308	36.596	-0
-7.9249	36.594	-0
-7.9209	36.592	-0
-7.9169	36.591	-0
-7.9109	36.588	-0
-7.9069	36.586	-0
-7.9029	36.585	-0
-7.8989	36.583	-0
-7.8929	36.581	-0
-7.8889	36.579	-0
-7.8849	36.577	-0
-7.8789	36.575	-0
-7.8749	36.573	-0
-7.8709	36.572	-0
-7.865	36.569	-0
-7.861	36.568	-0
-7.857	36.566	-0
-7.853	36.564	-0
-7.847	36.562	-0
-7.843	36.56	-0
-7.839	36.558	-0
-7.833	36.556	-0
-7.829	36.554	-0
-7.8251	36.553	-0
-7.8191	36.55	-0
-7.8151	36.549	-0
-7.8111	36.547	-0
-7.8071	36.545	-0
-7.8011	36.543	-0
-7.7971	36.541	-0
-7.7932	36.539	-0
-7.7872	36.537	-0
-7.7832	36.535	-0
-7.7792	36.534	-0
-7.7732	36.531	-0
-7.7692	36.53	-0
-7.7653	36.528	-0
-7.7613	36.526	-0
-7.7553	36.524	-0
-7.7513	36.522	-0
-7.7473	36.52	-0
-7.7413	36.518	-0
-7.7374	36.516	-0
-7.7334	36.515	-0
-7.7274	36.512	-0
-7.7234	36.51	-0
-7.7194	36.509	-0
-7.7154	36.507	-0
-7.7095	36.505	-0
-7.7055	36.503	-0
-7.7015	36.501	-0
-7.6955	36.499	-0
-7.6916	36.497	-0
-7.6876	36.495	-0
-7.6816	36.493	-0
-7.6776	36.491	-0
-7.6736	36.49	-0
-7.6697	36.488	-0
-7.6637	36.485	-0
-7.6597	36.484	-0
-7.6557	36.482	-0
-7.6498	36.48	-0
-7.6458	36.478	-0
-7.6418	36.476	-0
-7.6358	36.474	-0
-7.6319	36.472	-0
-7.6279	36.47	-0
-7.6239	36.469	-0
-7.6179	36.466	-0
-7.614	36.465	-0
-7.61	36.463	-0
-7.604	36.46	-0
-7.6	36.459	-0
-7.5961	36.457	-0
-7.5901	36.455	-0
-7.5861	36.453	-0
-7.5821	36.451	-0
-7.5782	36.449	-0
-7.5722	36.447	-0
-7.5682	36.445	-0
-7.5643	36.444	-0
-7.5583	36.441	-0
-7.5543	36.439	-0
-7.5503	36.438	-0
-7.5444	36.435	-0
-7.5404	36.434	-0
-7.5364	36.432	-0
-7.5325	36.43	-0
-7.5265	36.428	-0
-7.5225	36.426	-0
-7.5186	36.424	-0
-7.5126	36.422	-0
-7.5086	36.42	-0
-7.5047	36.418	-0
-7.4987	36.416	-0
-7.4947	36.414	-0
-7.4908	36.412	-0
-7.4868	36.411	-0
-7.4808	36.408	-0
-7.4769	36.407	-0
-7.4729	36.405	-0
-7.4669	36.402	-0
-7.463	36.401	-0
-7.459	36.399	-0
-7.453	36.396	-0
-7.4491	36.395	-0
-7.4451	36.393	-0
-7.4411	36.391	-0
-7.4352	36.389	-0
-7.4312	36.387	-0
-7.4272	36.385	-0
-7.4213	36.383	-0
-7.4173	36.381	-0
-7.4134	36.379	-0
-7.4074	36.377	-0
-7.4034	36.375	-0
-7.3995	36.374	-0
-7.3955	36.372	-0
-7.3896	36.369	-0
-7.3856	36.368	-0
-7.3816	36.366	-0
-7.3757	36.363	-0
-7.3717	36.362	-0
-7.3677	36.36	-0
-7.3618	36.357	-0
-7.3578	36.356	-0
-7.3539	36.354	-0
-7.3499	36.352	-0
-7.3439	36.35	-0
-7.34	36.348	-0
-7.336	36.346	-0
-7.3301	36.344	-0
-7.3261	36.342	-0
-7.3221	36.34	-0
-7.3162	36.338	-0
-7.3122	36.336	-0
-7.3083	36.334	-0
-7.3043	36.333	-0
-7.2984	36.33	-0
-7.2944	36.328	-0
-7.2904	36.327	-0
-7.2845	36.324	-0
-7.2805	36.322	-0
-7.2766	36.321	-0
-7.2706	36.318	-0
-7.2667	36.316	-0
-7.2627	36.315	-0
-7.2587	36.313	-0
-7.2528	36.31	-0
-7.2488	36.309	-0
-7.2449	36.307	-0
-7.2389	36.304	-0
-7.235	36.303	-0
-7.231	36.301	-0
-7.2251	36.298	-0
-7.2211	36.297	-0
-7.2172	36.295	-0
-7.2132	36.293	-0
-7.2073	36.291	-0
-7.2033	36.289	-0
-7.1993	36.287	-0
-7.1934	36.285	-0
-7.1894	36.283	-0
-7.1855	36.281	-0
-7.1796	36.279	-0
-7.1756	36.277	-0
-7.1716	36.275	-0
-7.1677	36.274	-0
-7.1617	36.271	-0
-7.1578	36.269	-0
-7.1538	36.267	-0
-7.1479	36.265	-0
-7.1439	36.263	-0
-7.14	36.261	-0
-7.134	36.259	-0
-7.1301	36.257	-0
-7.1261	36.255	-0
-7.1222	36.254	-0
-7.1162	36.251	-0
-7.1123	36.249	-0
-7.1083	36.248	-0
-7.1024	36.245	-0
-7.0984	36.243	-0
-7.0945	36.242	-0
-7.0885	36.239	-0
-7.0846	36.237	-0
-7.0806	36.235	-0
-7.0767	36.234	-0
-7.0707	36.231	-0
-7.0668	36.229	-0
-7.0628	36.228	-0
-7.0569	36.225	-0
-7.0529	36.223	-0
-7.049	36.222	-0
-7.0431	36.219	-0
-7.0391	36.217	-0
-7.0351	36.216	-0
-7.0312	36.214	-0
-7.0253	36.211	-0
-7.0213	36.209	-0
-7.0173	36.208	-0
-7.0114	36.205	-0
-7.0075	36.203	-0
-7.0035	36.202	-0
-6.9976	36.199	-0
-6.9936	36.197	-0
-6.9897	36.196	-0
-6.9857	36.194	-0
-6.9798	36.191	-0
-6.9758	36.189	-0
-6.9719	36.188	-0
-6.966	36.185	-0
-6.962	36.183	-0
-6.958	36.182	-0
-6.9521	36.179	-0
-6.9482	36.177	-0
-6.9442	36.175	-0
-6.9403	36.174	-0
-6.9343	36.171	-0
-6.9304	36.169	-0
-6.9264	36.168	-0
-6.9205	36.165	-0
-6.9165	36.163	-0
-6.9126	36.161	-0
-6.9067	36.159	-0
-6.9027	36.157	-0
-6.8988	36.155	-0
-6.8948	36.153	-0
-6.8889	36.151	-0
-6.8849	36.149	-0
-6.881	36.147	-0
-6.875	36.145	-0
-6.8711	36.143	-0
-6.8671	36.141	-0
-6.8612	36.139	-0
-6.8573	36.137	-0
-6.8533	36.135	-0
-6.8493	36.133	-0
-6.8434	36.131	-0
-6.8395	36.129	-0
-6.8355	36.127	-0
-6.8296	36.124	-0
-6.8256	36.123	-0
-6.8217	36.121	-0
-6.8158	36.118	-0
-6.8118	36.117	-0
-6.8079	36.115	-0
-6.8039	36.113	-0
-6.798	36.11	-0
-6.794	36.109	-0
-6.7901	36.107	-0
-6.7841	36.104	-0
-6.7802	36.102	-0
-6.7762	36.101	-0
-6.7703	36.098	-0
-6.7664	36.096	-0
-6.7624	36.094	-0
-6.7584	36.093	-0
-6.7525	36.09	-0
-6.7486	36.088	-0
-6.7446	36.086	-0
-6.7387	36.084	-0
-6.7347	36.082	-0
-6.7308	36.08	-0
-6.7248	36.078	-0
-6.7209	36.076	-0
-6.7169	36.074	-0
-6.713	36.072	-0
-6.7071	36.07	-0
-6.7031	36.068	-0
-6.6992	36.066	-0
-6.6932	36.063	-0
-6.6893	36.062	-0
-6.6853	36.06	-0
-6.6794	36.057	-0
-6.6754	36.055	-0
-6.6715	36.053	-0
-6.6675	36.052	-0
-6.6616	36.049	-0
-6.6576	36.047	-0
-6.6537	36.045	-0
-6.6477	36.043	-0
-6.6438	36.041	-0
-6.6398	36.039	-0
-6.6339	36.036	-0
-6.63	36.035	-0
-6.626	36.033	-0
-6.622	36.031	-0
-6.6161	36.028	-0
-6.6122	36.027	-0
-6.6082	36.025	-0
-6.6023	36.022	-0
-6.5983	36.02	-0
-6.5943	36.019	-0
-6.5884	36.016	-0
-6.5845	36.014	-0
-6.5805	36.012	-0
-6.5765	36.01	-0
-6.5706	36.008	-0
-6.5667	36.006	-0
-6.5627	36.004	-0
-6.5568	36.001	-0
-6.5528	36	-0
-6.5488	35.998	-0
-6.5429	35.995	-0
-6.5389	35.993	-0
-6.535	35.992	-0
-6.531	35.99	-0
-6.5251	35.987	-0
-6.5211	35.985	-0
-6.5172	35.983	-0
-6.5112	35.981	-0
-6.5073	35.979	-0
-6.5033	35.977	-0
-6.4974	35.974	-0
-6.4934	35.973	-0
-6.4894	35.971	-0
-6.4855	35.969	-0
-6.4795	35.966	-0
-6.4756	35.964	-0
-6.4716	35.963	-0
-6.4657	35.96	-0
-6.4617	35.958	-0
-6.4577	35.956	-0
-6.4518	35.954	-0
-6.4478	35.952	-0
-6.4439	35.95	-0
-6.4399	35.948	-0
-6.4339	35.945	-0
-6.43	35.944	-0
-6.426	35.942	-0
-6.4201	35.939	-0
-6.4161	35.937	-0
-6.4121	35.935	-0
-6.4062	35.933	-0
-6.4022	35.931	-0
-6.3982	35.929	-0
-6.3943	35.927	-0
-6.3883	35.924	-0
-6.3843	35.923	-0
-6.3804	35.921	-0
-6.3744	35.918	-0
-6.3704	35.916	-0
-6.3665	35.914	-0
-6.3605	35.912	-0
-6.3565	35.91	-0
-6.3526	35.908	-0
-6.3486	35.906	-0
-6.3426	35.903	-0
-6.3387	35.901	-0
-6.3347	35.9	-0
-6.3287	35.897	-0
-6.3247	35.895	-0
-6.3208	35.893	-0
-6.3148	35.89	-0
-6.3108	35.889	-0
-6.3068	35.887	-0
-6.3029	35.885	-0
-6.2969	35.882	-0
-6.2929	35.88	-0
-6.2889	35.878	-0
-6.283	35.876	-0
-6.279	35.874	-0
-6.275	35.872	-0
-6.269	35.869	-0
-6.265	35.867	-0
-6.2611	35.866	-0
-6.2571	35.864	-0
-6.2511	35.861	-0
-6.2471	35.859	-0
-6.2431	35.857	-0
-6.2371	35.854	-0
-6.2331	35.853	-0
-6.2292	35.851	-0
-6.2232	35.848	-0
-6.2192	35.846	-0
-6.2152	35.844	-0
-6.2112	35.842	-0
-6.2052	35.84	-0
-6.2012	35.838	-0
-6.1972	35.836	-0
-6.1912	35.833	-0
-6.1872	35.831	-0
-6.1832	35.829	-0
-6.1772	35.827	-0
-6.1732	35.825	-0
-6.1692	35.823	-0
-6.1652	35.821	-0
-6.1592	35.818	-0
-6.1552	35.816	-0
-6.1512	35.814	-0
-6.1452	35.812	-0
-6.1412	35.81	-0
-6.1372	35.808	-0
-6.1312	35.805	-0
-6.1272	35.803	-0
-6.1232	35.801	-0
-6.1172	35.798	-0
-6.1131	35.797	-0
-6.1091	35.795	-0
-6.1051	35.793	-0
-6.0991	35.79	-0
-6.0951	35.788	-0
-6.0911	35.786	-0
-6.085	35.783	-0
-6.081	35.782	-0
-6.077	35.78	-0
-6.071	35.777	-0
-6.0669	35.775	-0
-6.0629	35.773	-0
-6.0589	35.771	-0
-6.0529	35.768	-0
-6.0488	35.766	-0
-6.0448	35.765	-0
-6.0387	35.762	-0
-6.0347	35.76	-0
-6.0307	35.758	-0
-6.0246	35.755	-0
-6.0206	35.753	-0
-6.0166	35.751	-0
-6.0125	35.749	-0
-6.0065	35.746	-0
-6.0024	35.745	-0
-5.9984	35.743	-0
-5.9923	35.74	-0
-5.9883	35.738	-0
-5.9842	35.736	-0
-5.9782	35.733	-0
-5.9741	35.731	-0
-5.97	35.729	-0
-5.966	35.727	-0
-5.9599	35.725	-0
-5.9559	35.723	-0
-5.9518	35.721	-0
-5.9457	35.718	-0
-5.9416	35.716	-0
-5.9376	35.714	-0
-5.9315	35.711	-0
-5.9274	35.709	-0
-5.9234	35.707	-0
-5.9193	35.705	-0
-5.9132	35.702	-0
-5.9091	35.7	-0
-5.905	35.699	-0
-5.8989	35.696	-0
-5.8948	35.694	-0
-5.8907	35.692	-0
-5.8846	35.689	-0
-5.8805	35.687	-0
-5.8764	35.685	-0
-5.8724	35.683	-0
-5.8662	35.68	-0
-5.8621	35.678	-0
-5.858	35.676	-0
-5.8519	35.673	-0
-5.8478	35.671	-0
-5.8437	35.669	-0
-5.8375	35.666	-0
-5.8334	35.665	-0
-5.8293	35.663	-0
-5.8252	35.661	-0
-5.819	35.658	-0
-5.8149	35.656	-0
-5.8108	35.654	-0
-5.8046	35.651	-0
-5.8005	35.649	-0
-5.7963	35.647	-0
-5.7902	35.644	-0
-5.786	35.642	-0
-5.7819	35.64	-0
-5.7777	35.638	-0
-5.7715	35.635	-0
-5.7674	35.633	-0
-5.7632	35.631	-0
-5.757	35.628	-0
-5.7529	35.626	-0
-5.7487	35.624	-0
-5.7425	35.621	-0
-5.7383	35.619	-0
-5.7342	35.617	-0
-5.73	35.615	-0
-5.7237	35.612	-0
-5.7196	35.61	-0
-5.7154	35.608	-0
-5.7091	35.605	-0
-5.7049	35.603	-0
-5.7007	35.601	-0
-5.6944	35.598	-0
-5.6903	35.596	-0
-5.6861	35.594	-0
-5.6819	35.592	-0
-5.6755	35.589	-0
-5.6713	35.587	-0
-5.6671	35.585	-0
-5.6608	35.582	-0
-5.6566	35.58	-0
-5.6524	35.578	-0
-5.646	35.575	-0
-5.6418	35.573	-0
-5.6375	35.571	-0
-5.6333	35.569	-0
-5.6269	35.566	-0
-5.6227	35.564	-0
-5.6184	35.562	-0
-5.612	35.559	-0
-5.6078	35.557	-0
-5.6035	35.555	-0
-5.5971	35.552	-0
-5.5928	35.549	-0
-5.5885	35.547	-0
-5.5843	35.545	-0
-5.5778	35.542	-0
-5.5735	35.54	-0
-5.5692	35.538	-0
-5.5628	35.535	-0
-5.5584	35.533	-0
-5.5541	35.531	-0
-5.5476	35.528	-0
-5.5433	35.526	-0
-5.539	35.524	-0
-5.5346	35.522	-0
-5.5281	35.518	-0
-5.5238	35.516	-0
-5.5194	35.514	-0
-5.5129	35.511	-0
-5.5085	35.509	-0
-5.5041	35.507	-0
-5.4976	35.504	-0
-5.4932	35.502	-0
-5.4888	35.499	-0
-5.4844	35.497	-0
-5.4778	35.494	-0
-5.4733	35.492	-0
-5.4689	35.49	-0
-5.4623	35.487	-0
-5.4578	35.485	-0
-5.4534	35.482	-0
-5.4467	35.479	-0
-5.4423	35.477	-0
-5.4378	35.475	-0
-5.4333	35.473	-0
-5.4266	35.469	-0
-5.4221	35.467	-0
-5.4176	35.465	-0
-5.4109	35.462	-0
-5.4064	35.46	-0
-5.4018	35.457	-0
-5.395	35.454	-0
-5.3905	35.452	-0
-5.3859	35.45	-0
-5.3814	35.448	-0
-5.3745	35.444	-0
-5.37	35.442	-0
-5.3654	35.44	-0
-5.3585	35.437	-0
-5.3539	35.434	-0
-5.3493	35.432	-0
-5.3423	35.429	-0
-5.3377	35.427	-0
-5.333	35.424	-0
-5.3284	35.422	-0
-5.3214	35.419	-0
-5.3167	35.416	-0
-5.312	35.414	-0
-5.305	35.411	-0
-5.3002	35.408	-0
-5.2955	35.406	-0
-5.2884	35.403	-0
-5.2837	35.4	-0
-5.2789	35.398	-0
-5.2741	35.396	-0
-5.2669	35.392	-0
-5.2621	35.39	-0
-5.2573	35.388	-0
-5.2501	35.384	-0
-5.2452	35.382	-0
-5.2404	35.38	-0
-5.2331	35.376	-0
-5.2282	35.374	-0
-5.2233	35.371	-0
-5.2184	35.369	-0
-5.211	35.365	-0
-5.206	35.363	-0
-5.2011	35.361	-0
-5.1936	35.357	-0
-5.1886	35.355	-0
-5.1836	35.352	-0
-5.176	35.348	-0
-5.171	35.346	-0
-5.1659	35.344	-0
-5.1608	35.341	-0
-5.1532	35.337	-0
-5.148	35.335	-0
-5.1429	35.332	-0
-5.1351	35.329	-0
-5.13	35.326	-0
-5.1248	35.324	-0
-5.1169	35.32	-0
-5.1117	35.317	-0
-5.1064	35.315	-0
-5.1011	35.312	-0
-5.0931	35.308	-0
-5.0878	35.306	-0
-5.0824	35.303	-0
-5.0744	35.299	-0
-5.0689	35.297	-0
-5.0635	35.294	-0
-5.0553	35.29	-0
-5.0498	35.288	-0
-5.0443	35.285	-0
-5.0388	35.282	-0
-5.0304	35.278	-0
-5.0248	35.276	-0
-5.0192	35.273	-0
-5.0107	35.269	-0
-5.005	35.266	-0
-4.9993	35.263	-0
-4.9907	35.259	-0
-4.9849	35.257	-0
-4.9791	35.254	-0
-4.9732	35.251	-0
-4.9644	35.247	-0
-4.9585	35.244	-0
-4.9525	35.241	-0
-4.9436	35.237	-0
-4.9375	35.234	-0
-4.9315	35.231	-0
-4.9223	35.227	-0
-4.9161	35.224	-0
-4.91	35.221	-0
-4.9037	35.218	-0
-4.8943	35.213	-0
-4.888	35.21	-0
-4.8816	35.207	-0
-4.872	35.203	-0
-4.8656	35.2	-0
-4.8591	35.196	-0
-4.8492	35.192	-0
-4.8426	35.189	-0
-4.836	35.186	-0
-4.8293	35.182	-0
-4.8192	35.178	-0
-4.8123	35.174	-0
-4.8055	35.171	-0
-4.7951	35.166	-0
-4.7881	35.163	-0
-4.781	35.16	-0
-4.7704	35.155	-0
-4.7632	35.151	-0
-4.7559	35.148	-0
-4.7486	35.144	-0
-4.7376	35.139	-0
-4.7301	35.136	-0
-4.7226	35.132	-0
-4.7112	35.127	-0
-4.7035	35.123	-0
-4.6958	35.12	-0
-4.6841	35.114	-0
-4.6761	35.11	-0
-4.6681	35.107	-0
-4.6601	35.103	-0
-4.6478	35.097	-0
-4.6396	35.093	-0
-4.6312	35.09	-0
-4.6186	35.084	-0
-4.61	35.08	-0
-4.6014	35.076	-0
-4.5882	35.07	-0
-4.5794	35.066	-0
-4.5704	35.062	-0
-4.5614	35.057	-0
-4.5476	35.051	-0
-4.5383	35.047	-0
-4.5288	35.042	-0
-4.5145	35.036	-0
-4.5048	35.032	-0
-4.495	35.027	-0
-4.4801	35.02	-0
-4.47	35.016	-0
-4.4598	35.011	-0
-4.4494	35.006	-0
-4.4336	34.999	-0
-4.4229	34.995	-0
-4.4121	34.99	-0
-4.3956	34.982	-0
-4.3844	34.977	-0
-4.373	34.972	-0
-4.3557	34.965	-0
-4.344	34.959	-0
-4.3321	34.954	-0
-4.32	34.949	-0
-4.3015	34.941	-0
-4.289	34.935	-0
-4.2763	34.93	-0
-4.2569	34.921	-0
-4.2437	34.916	-0
-4.2303	34.91	-0
-4.2098	34.901	-0
-4.1959	34.895	-0
-4.1817	34.889	-0
-4.1673	34.883	-0
-4.1453	34.873	-0
-4.1303	34.867	-0
-4.1151	34.861	-0
-4.0917	34.851	-0
-4.0758	34.844	-0
-4.0597	34.837	-0
-4.0349	34.827	-0
-4.018	34.82	-0
-4.0008	34.813	-0
-3.9833	34.806	-0
-3.9564	34.795	-0
-3.9381	34.788	-0
-3.9195	34.78	-0
-3.8908	34.769	-0
-3.8713	34.761	-0
-3.8514	34.753	-0
-3.8207	34.741	-0
-3.7998	34.733	-0
-3.7785	34.724	-0
-3.7568	34.716	-0
-3.7233	34.703	-0
-3.7005	34.694	-0
-3.6772	34.685	-0
-3.6413	34.672	-0
-3.6168	34.663	-0
-3.5918	34.654	-0
-3.5532	34.639	-0
-3.5269	34.63	-0
-3.5	34.62	-0
-3.4725	34.61	-0
-3.4301	34.595	-0
-3.4012	34.585	-0
-3.3715	34.575	-0
-3.3259	34.559	-0
-3.2947	34.549	-0
-3.2628	34.538	-0
-3.2137	34.522	-0
-3.18	34.511	-0
-3.1456	34.5	-0
-3.1104	34.488	-0
-3.0563	34.471	-0
-3.0191	34.46	-0
-2.9812	34.448	-0
-2.9228	34.43	-0
-2.8828	34.419	-0
-2.8419	34.407	-0
-2.7789	34.389	-0
-2.7358	34.377	-0
-2.6918	34.364	-0
-2.6468	34.352	-0
-2.5776	34.334	-0
-2.5302	34.322	-0
-2.4819	34.309	-0
-2.4075	34.291	-0
-2.3566	34.279	-0
-2.3047	34.266	-0
-2.225	34.248	-0
-2.1705	34.236	-0
-2.115	34.224	-0
-2.0585	34.212	-0
-1.9717	34.195	-0
-1.9126	34.183	-0
-1.8524	34.172	-0
-1.7601	34.155	-0
-1.6973	34.144	-0
-1.6335	34.133	-0
-1.5359	34.118	-0
-1.4696	34.108	-0
-1.4024	34.098	-0
-1.3341	34.089	-0
-1.2301	34.075	-0
-1.1596	34.067	-0
-1.0883	34.059	-0
-0.9797	34.048	-0
-0.90635	34.041	-0
-0.83226	34.034	-0
-0.71983	34.026	-0
-0.64407	34.021	-0
-0.56772	34.016	-0
-0.49082	34.012	-0
-0.37457	34.007	-0
-0.29653	34.004	-0
-0.21812	34.002	-0
-0.099954	34	-0
-0.020878	34	-0
0.058419	34	0
0.1379	34.001	0
0.25719	34.003	0
0.33669	34.006	0
0.41609	34.009	0
0.53489	34.014	0
0.6138	34.019	0
0.69241	34.024	0
0.80965	34.033	0
0.88727	34.039	0
0.96442	34.046	0
1.041	34.054	0
1.1548	34.066	0
1.2299	34.075	0
1.3043	34.085	0
1.4144	34.1	0
1.4869	34.11	0
1.5585	34.121	0
1.6644	34.138	0
1.7338	34.15	0
1.8023	34.163	0
1.8699	34.175	0
1.9694	34.194	0
2.0346	34.208	0
2.0987	34.221	0
2.1929	34.241	0
2.2545	34.255	0
2.315	34.269	0
2.4038	34.291	0
2.4617	34.305	0
2.5186	34.319	0
2.5744	34.334	0
2.6561	34.356	0
2.7094	34.37	0
2.7616	34.385	0
2.8379	34.407	0
2.8876	34.422	0
2.9363	34.436	0
3.0074	34.458	0
3.0537	34.472	0
3.099	34.487	0
3.1433	34.501	0
3.2081	34.522	0
3.2502	34.536	0
3.2914	34.55	0
3.3515	34.571	0
3.3906	34.585	0
3.4288	34.598	0
3.4846	34.618	0
3.5208	34.632	0
3.5563	34.645	0
3.591	34.658	0
3.6416	34.677	0
3.6745	34.689	0
3.7067	34.702	0
3.7537	34.72	0
3.7842	34.732	0
3.8141	34.744	0
3.8577	34.762	0
3.886	34.773	0
3.9138	34.784	0
3.9409	34.796	0
3.9806	34.812	0
4.0064	34.823	0
4.0317	34.834	0
4.0686	34.849	0
4.0926	34.86	0
4.1161	34.87	0
4.1505	34.885	0
4.1729	34.895	0
4.1948	34.904	0
4.2163	34.914	0
4.2478	34.928	0
4.2682	34.937	0
4.2883	34.946	0
4.3177	34.96	0
4.3368	34.968	0
4.3556	34.977	0
4.3832	34.99	0
4.4011	34.998	0
4.4187	35.006	0
4.436	35.014	0
4.4613	35.026	0
4.4779	35.034	0
4.4941	35.042	0
4.5179	35.053	0
4.5335	35.06	0
4.5488	35.068	0
4.5712	35.079	0
4.5859	35.086	0
4.6003	35.093	0
4.6144	35.1	0
4.6353	35.11	0
4.6489	35.116	0
4.6623	35.123	0
4.682	35.133	0
4.6948	35.139	0
4.7075	35.145	0
4.7262	35.155	0
4.7384	35.161	0
4.7504	35.167	0
4.7623	35.173	0
4.7797	35.181	0
4.7912	35.187	0
4.8024	35.193	0
4.819	35.201	0
4.8299	35.207	0
4.8406	35.212	0
4.8565	35.22	0
4.8668	35.226	0
4.8771	35.231	0
4.8872	35.236	0
4.9021	35.244	0
4.9119	35.249	0
4.9215	35.254	0
4.9358	35.261	0
4.9452	35.266	0
4.9544	35.271	0
4.9681	35.278	0
4.9771	35.283	0
4.9859	35.287	0
4.9947	35.292	0
5.0077	35.298	0
5.0162	35.303	0
5.0247	35.307	0
5.0371	35.314	0
5.0453	35.318	0
5.0535	35.323	0
5.0655	35.329	0
5.0734	35.333	0
5.0812	35.337	0
5.089	35.341	0
5.1005	35.347	0
5.108	35.351	0
5.1155	35.355	0
5.1266	35.361	0
5.1339	35.365	0
5.1412	35.369	0
5.1519	35.375	0
5.159	35.378	0
5.166	35.382	0
5.173	35.386	0
5.1833	35.391	0
5.1901	35.395	0
5.1969	35.399	0
5.2069	35.404	0
5.2135	35.408	0
5.2201	35.411	0
5.2298	35.416	0
5.2362	35.42	0
5.2426	35.423	0
5.2489	35.427	0
5.2583	35.432	0
5.2646	35.435	0
5.2707	35.438	0
5.2799	35.443	0
5.2859	35.447	0
5.292	35.45	0
5.3009	35.455	0
5.3068	35.458	0
5.3127	35.461	0
5.3185	35.464	0
5.3272	35.469	0
5.3329	35.472	0
5.3386	35.475	0
5.3471	35.48	0
5.3527	35.483	0
5.3583	35.486	0
5.3666	35.49	0
5.3721	35.493	0
5.3776	35.496	0
5.383	35.499	0
5.3911	35.504	0
5.3965	35.507	0
5.4018	35.51	0
5.4097	35.514	0
5.415	35.517	0
5.4202	35.52	0
5.428	35.524	0
5.4332	35.527	0
5.4383	35.529	0
5.4434	35.532	0
5.451	35.536	0
5.4561	35.539	0
5.4611	35.542	0
5.4686	35.546	0
5.4736	35.549	0
5.4785	35.551	0
5.4859	35.555	0
5.4908	35.558	0
5.4956	35.561	0
5.5005	35.563	0
5.5077	35.567	0
5.5125	35.57	0
5.5173	35.573	0
5.5244	35.576	0
5.5291	35.579	0
5.5338	35.582	0
5.5409	35.586	0
5.5455	35.588	0
5.5502	35.591	0
5.5548	35.593	0
5.5617	35.597	0
5.5663	35.599	0
5.5709	35.602	0
5.5777	35.606	0
5.5822	35.608	0
5.5867	35.611	0
5.5935	35.614	0
5.5979	35.617	0
5.6024	35.619	0
5.6068	35.622	0
5.6135	35.625	0
5.6179	35.628	0
5.6223	35.63	0
5.6289	35.634	0
5.6332	35.636	0
5.6376	35.639	0
5.6441	35.642	0
5.6484	35.644	0
5.6527	35.647	0
5.657	35.649	0
5.6634	35.653	0
5.6677	35.655	0
5.672	35.657	0
5.6783	35.661	0
5.6825	35.663	0
5.6868	35.666	0
5.6931	35.669	0
5.6973	35.671	0
5.7014	35.674	0
5.7056	35.676	0
5.7118	35.679	0
5.716	35.682	0
5.7201	35.684	0
5.7263	35.687	0
5.7304	35.689	0
5.7345	35.692	0
5.7406	35.695	0
5.7447	35.697	0
5.7488	35.7	0
5.7529	35.702	0
5.7589	35.705	0
5.763	35.707	0
5.767	35.71	0
5.773	35.713	0
5.7771	35.715	0
5.7811	35.717	0
5.7871	35.721	0
5.791	35.723	0
5.795	35.725	0
5.799	35.727	0
5.8049	35.73	0
5.8089	35.732	0
5.8128	35.735	0
5.8187	35.738	0
5.8227	35.74	0
5.8266	35.742	0
5.8325	35.745	0
5.8364	35.748	0
5.8403	35.75	0
5.8442	35.752	0
5.85	35.755	0
5.8539	35.757	0
5.8578	35.759	0
5.8636	35.762	0
5.8674	35.765	0
5.8713	35.767	0
5.877	35.77	0
5.8809	35.772	0
5.8847	35.774	0
5.8885	35.776	0
5.8943	35.779	0
5.8981	35.781	0
5.9019	35.783	0
5.9076	35.786	0
5.9114	35.789	0
5.9152	35.791	0
5.9209	35.794	0
5.9247	35.796	0
5.9284	35.798	0
5.9322	35.8	0
5.9379	35.803	0
5.9416	35.805	0
5.9454	35.807	0
5.951	35.81	0
5.9548	35.812	0
5.9585	35.814	0
5.9641	35.817	0
5.9678	35.819	0
5.9716	35.821	0
5.9753	35.823	0
5.9809	35.826	0
5.9846	35.828	0
5.9883	35.83	0
5.9939	35.833	0
5.9976	35.836	0
6.0013	35.838	0
6.0068	35.841	0
6.0105	35.843	0
6.0142	35.845	0
6.0179	35.847	0
6.0234	35.85	0
6.027	35.852	0
6.0307	35.854	0
6.0362	35.857	0
6.0399	35.859	0
6.0435	35.86	0
6.049	35.863	0
6.0527	35.865	0
6.0563	35.867	0
6.06	35.869	0
6.0654	35.872	0
6.0691	35.874	0
6.0727	35.876	0
6.0782	35.879	0
6.0818	35.881	0
6.0854	35.883	0
6.0909	35.886	0
6.0945	35.888	0
6.0981	35.89	0
6.1017	35.892	0
6.1071	35.895	0
6.1107	35.897	0
6.1143	35.899	0
6.1198	35.902	0
6.1234	35.904	0
6.127	35.906	0
6.1323	35.909	0
6.1359	35.91	0
6.1395	35.912	0
6.1431	35.914	0
6.1485	35.917	0
6.1521	35.919	0
6.1557	35.921	0
6.161	35.924	0
6.1646	35.926	0
6.1682	35.928	0
6.1735	35.931	0
6.1771	35.933	0
6.1807	35.935	0
6.1842	35.937	0
6.1896	35.939	0
6.1931	35.941	0
6.1967	35.943	0
6.202	35.946	0
6.2056	35.948	0
6.2091	35.95	0
6.2145	35.953	0
6.218	35.955	0
6.2216	35.957	0
6.2251	35.958	0
6.2304	35.961	0
6.234	35.963	0
6.2375	35.965	0
6.2428	35.968	0
6.2463	35.97	0
6.2499	35.972	0
6.2552	35.975	0
6.2587	35.977	0
6.2622	35.978	0
6.2658	35.98	0
6.2711	35.983	0
6.2746	35.985	0
6.2781	35.987	0
6.2834	35.99	0
6.2869	35.992	0
6.2904	35.993	0
6.2957	35.996	0
6.2992	35.998	0
6.3027	36	0
6.3062	36.002	0
6.3115	36.005	0
6.315	36.007	0
6.3185	36.008	0
6.3238	36.011	0
6.3273	36.013	0
6.3308	36.015	0
6.3361	36.018	0
6.3396	36.02	0
6.3431	36.022	0
6.3466	36.023	0
6.3518	36.026	0
6.3553	36.028	0
6.3588	36.03	0
6.364	36.033	0
6.3675	36.035	0
6.371	36.036	0
6.3763	36.039	0
6.3798	36.041	0
6.3832	36.043	0
6.3867	36.045	0
6.392	36.048	0
6.3955	36.049	0
6.3989	36.051	0
6.4042	36.054	0
6.4077	36.056	0
6.4111	36.058	0
6.4164	36.06	0
6.4198	36.062	0
6.4233	36.064	0
6.4268	36.066	0
6.432	36.069	0
6.4355	36.071	0
6.439	36.072	0
6.4442	36.075	0
6.4477	36.077	0
6.4511	36.079	0
6.4563	36.082	0
6.4598	36.083	0
6.4633	36.085	0
6.4668	36.087	0
6.472	36.09	0
6.4754	36.092	0
6.4789	36.094	0
6.4841	36.096	0
6.4876	36.098	0
6.4911	36.1	0
6.4963	36.103	0
6.4997	36.104	0
6.5032	36.106	0
6.5066	36.108	0
6.5118	36.111	0
6.5153	36.113	0
6.5188	36.114	0
6.524	36.117	0
6.5274	36.119	0
6.5309	36.121	0
6.5361	36.124	0
6.5395	36.125	0
6.543	36.127	0
6.5465	36.129	0
6.5517	36.132	0
6.5551	36.134	0
6.5586	36.135	0
6.5638	36.138	0
6.5672	36.14	0
6.5707	36.142	0
6.5759	36.144	0
6.5793	36.146	0
6.5828	36.148	0
6.5862	36.15	0
6.5914	36.153	0
6.5949	36.154	0
6.5983	36.156	0
6.6035	36.159	0
6.6069	36.161	0
6.6104	36.162	0
6.6156	36.165	0
6.619	36.167	0
6.6225	36.169	0
6.6259	36.171	0
6.6311	36.173	0
6.6346	36.175	0
6.638	36.177	0
6.6432	36.18	0
6.6466	36.181	0
6.6501	36.183	0
6.6553	36.186	0
6.6587	36.188	0
6.6622	36.189	0
6.6656	36.191	0
6.6708	36.194	0
6.6742	36.196	0
6.6777	36.197	0
6.6828	36.2	0
6.6863	36.202	0
6.6897	36.204	0
6.6949	36.206	0
6.6984	36.208	0
6.7018	36.21	0
6.7052	36.212	0
6.7104	36.214	0
6.7139	36.216	0
6.7173	36.218	0
6.7225	36.221	0
6.7259	36.222	0
6.7294	36.224	0
6.7345	36.227	0
6.738	36.229	0
6.7414	36.23	0
6.7449	36.232	0
6.75	36.235	0
6.7535	36.237	0
6.7569	36.238	0
6.7621	36.241	0
6.7655	36.243	0
6.769	36.245	0
6.7742	36.247	0
6.7776	36.249	0
6.781	36.251	0
6.7845	36.253	0
6.7897	36.255	0
6.7931	36.257	0
6.7965	36.259	0
6.8017	36.261	0
6.8052	36.263	0
6.8086	36.265	0
6.8138	36.268	0
6.8172	36.269	0
6.8207	36.271	0
6.8241	36.273	0
6.8293	36.276	0
6.8327	36.277	0
6.8362	36.279	0
6.8413	36.282	0
6.8448	36.283	0
6.8482	36.285	0
6.8534	36.288	0
6.8568	36.29	0
6.8603	36.291	0
6.8637	36.293	0
6.8689	36.296	0
6.8723	36.298	0
6.8758	36.299	0
6.8809	36.302	0
6.8844	36.304	0
6.8878	36.305	0
6.893	36.308	0
6.8964	36.31	0
6.8999	36.312	0
6.9033	36.313	0
6.9085	36.316	0
6.9119	36.318	0
6.9154	36.319	0
6.9205	36.322	0
6.924	36.324	0
6.9274	36.326	0
6.9326	36.328	0
6.9361	36.33	0
6.9395	36.332	0
6.9429	36.333	0
6.9481	36.336	0
6.9516	36.338	0
6.955	36.34	0
6.9602	36.342	0
6.9636	36.344	0
6.9671	36.346	0
6.9722	36.348	0
6.9757	36.35	0
6.9791	36.352	0
6.9826	36.353	0
6.9878	36.356	0
6.9912	36.358	0
6.9947	36.36	0
6.9998	36.362	0
7.0033	36.364	0
7.0067	36.366	0
7.0119	36.368	0
7.0153	36.37	0
7.0188	36.372	0
7.0222	36.373	0
7.0274	36.376	0
7.0309	36.378	0
7.0343	36.38	0
7.0395	36.382	0
7.0429	36.384	0
7.0464	36.386	0
7.0516	36.388	0
7.055	36.39	0
7.0585	36.392	0
7.0619	36.393	0
7.0671	36.396	0
7.0705	36.398	0
7.074	36.399	0
7.0792	36.402	0
7.0826	36.404	0
7.0861	36.406	0
7.0913	36.408	0
7.0947	36.41	0
7.0982	36.412	0
7.1016	36.413	0
7.1068	36.416	0
7.1103	36.418	0
7.1137	36.419	0
7.1189	36.422	0
7.1224	36.424	0
7.1258	36.425	0
7.131	36.428	0
7.1344	36.43	0
7.1379	36.431	0
7.1414	36.433	0
7.1465	36.436	0
7.15	36.437	0
7.1535	36.439	0
7.1586	36.442	0
7.1621	36.443	0
7.1656	36.445	0
7.1707	36.448	0
7.1742	36.449	0
7.1777	36.451	0
7.1811	36.453	0
7.1863	36.455	0
7.1898	36.457	0
7.1932	36.459	0
7.1984	36.461	0
7.2019	36.463	0
7.2053	36.465	0
7.2105	36.467	0
7.214	36.469	0
7.2175	36.471	0
7.2209	36.473	0
7.2261	36.475	0
7.2296	36.477	0
7.233	36.479	0
7.2382	36.481	0
7.2417	36.483	0
7.2452	36.485	0
7.2504	36.487	0
7.2538	36.489	0
7.2573	36.491	0
7.2608	36.492	0
7.266	36.495	0
7.2694	36.497	0
7.2729	36.498	0
7.2781	36.501	0
7.2816	36.502	0
7.285	36.504	0
7.2902	36.507	0
7.2937	36.508	0
7.2972	36.51	0
7.3006	36.512	0
7.3058	36.514	0
7.3093	36.516	0
7.3128	36.518	0
7.318	36.52	0
7.3214	36.522	0
7.3249	36.524	0
7.3301	36.526	0
7.3336	36.528	0
7.3371	36.53	0
7.3405	36.531	0
7.3457	36.534	0
7.3492	36.536	0
7.3527	36.537	0
7.3579	36.54	0
7.3614	36.542	0
7.3649	36.543	0
7.3701	36.546	0
7.3735	36.548	0
7.377	36.549	0
7.3805	36.551	0
7.3857	36.553	0
7.3892	36.555	0
7.3927	36.557	0
7.3979	36.559	0
7.4014	36.561	0
7.4048	36.563	0
7.4101	36.565	0
7.4135	36.567	0
7.417	36.569	0
7.4205	36.57	0
7.4257	36.573	0
7.4292	36.575	0
7.4327	36.576	0
7.4379	36.579	0
7.4414	36.58	0
7.4449	36.582	0
7.4501	36.585	0
7.4536	36.586	0
7.4571	36.588	0
7.4605	36.59	0
7.4658	36.592	0
7.4692	36.594	0
7.4727	36.596	0
7.478	36.598	0
7.4814	36.6	0
7.4849	36.602	0
7.4902	36.604	0
7.4936	36.606	0
7.4971	36.607	0
7.5006	36.609	0
7.5059	36.612	0
7.5093	36.613	0
7.5128	36.615	0
7.5181	36.618	0
7.5216	36.619	0
7.5251	36.621	0
7.5303	36.623	0
7.5338	36.625	0
7.5373	36.627	0
7.5408	36.628	0
7.546	36.631	0
7.5495	36.633	0
7.553	36.634	0
7.5582	36.637	0
7.5617	36.638	0
7.5652	36.64	0
7.5705	36.643	0
7.574	36.644	0
7.5775	36.646	0
7.581	36.648	0
7.5862	36.65	0
7.5897	36.652	0
7.5932	36.654	0
7.5984	36.656	0
7.6019	36.658	0
7.6054	36.659	0
7.6107	36.662	0
7.6142	36.664	0
7.6177	36.665	0
7.6212	36.667	0
7.6264	36.669	0
7.6299	36.671	0
7.6334	36.673	0
7.6387	36.675	0
7.6422	36.677	0
7.6457	36.679	0
7.651	36.681	0
7.6545	36.683	0
7.658	36.684	0
7.6615	36.686	0
7.6667	36.689	0
7.6702	36.69	0
7.6738	36.692	0
7.679	36.694	0
7.6825	36.696	0
7.686	36.698	0
7.6913	36.7	0
7.6948	36.702	0
7.6983	36.703	0
7.7018	36.705	0
7.7071	36.708	0
7.7106	36.709	0
7.7141	36.711	0
7.7194	36.713	0
7.7229	36.715	0
7.7264	36.717	0
7.7317	36.719	0
7.7352	36.721	0
7.7387	36.723	0
7.7422	36.724	0
7.7475	36.727	0
7.751	36.728	0
7.7545	36.73	0
7.7598	36.732	0
7.7633	36.734	0
7.7668	36.736	0
7.7721	36.738	0
7.7756	36.74	0
7.7792	36.742	0
7.7827	36.743	0
7.788	36.746	0
7.7915	36.747	0
7.795	36.749	0
7.8003	36.751	0
7.8038	36.753	0
7.8073	36.755	0
7.8126	36.757	0
7.8161	36.759	0
7.8197	36.761	0
7.8232	36.762	0
7.8285	36.765	0
7.832	36.766	0
7.8355	36.768	0
7.8408	36.77	0
7.8443	36.772	0
7.8479	36.774	0
7.8532	36.776	0
7.8567	36.778	0
7.8602	36.779	0
7.8637	36.781	0
7.869	36.784	0
7.8726	36.785	0
7.8761	36.787	0
7.8814	36.789	0
7.8849	36.791	0
7.8885	36.793	0
7.8938	36.795	0
7.8973	36.797	0
7.9008	36.798	0
7.9044	36.8	0
7.9097	36.802	0
7.9132	36.804	0
7.9167	36.806	0
7.922	36.808	0
7.9256	36.81	0
7.9291	36.811	0
7.9344	36.814	0
7.938	36.815	0
7.9415	36.817	0
7.945	36.819	0
7.9503	36.821	0
7.9539	36.823	0
7.9574	36.824	0
7.9627	36.827	0
7.9663	36.829	0
7.9698	36.83	0
7.9751	36.833	0
7.9787	36.834	0
7.9822	36.836	0
7.9858	36.838	0
7.9911	36.84	0
7.9946	36.842	0
7.9982	36.843	0
8.0035	36.846	0
8.007	36.847	0
8.0106	36.849	0
8.0159	36.851	0
8.0195	36.853	0
8.023	36.855	0
8.0266	36.856	0
8.0319	36.859	0
8.0354	36.86	0
8.039	36.862	0
8.0443	36.864	0
8.0479	36.866	0
8.0514	36.868	0
8.0567	36.87	0
8.0603	36.872	0
8.0639	36.873	0
8.0674	36.875	0
8.0727	36.877	0
8.0763	36.879	0
8.0799	36.881	0
8.0852	36.883	0
8.0887	36.885	0
8.0923	36.886	0
8.0976	36.889	0
8.1012	36.89	0
8.1048	36.892	0
8.1083	36.894	0
8.1137	36.896	0
8.1172	36.898	0
8.1208	36.899	0
8.1261	36.902	0
8.1297	36.903	0
8.1333	36.905	0
8.1386	36.907	0
8.1422	36.909	0
8.1457	36.911	0
8.1493	36.912	0
8.1546	36.915	0
8.1582	36.916	0
8.1618	36.918	0
8.1671	36.92	0
8.1707	36.922	0
8.1743	36.923	0
8.1796	36.926	0
8.1832	36.927	0
8.1868	36.929	0
8.1903	36.931	0
8.1957	36.933	0
8.1993	36.935	0
8.2028	36.936	0
8.2082	36.939	0
8.2118	36.94	0
8.2153	36.942	0
8.2207	36.944	0
8.2243	36.946	0
8.2278	36.948	0
8.2314	36.949	0
8.2368	36.952	0
8.2404	36.953	0
8.2439	36.955	0
8.2493	36.957	0
8.2529	36.959	0
8.2565	36.96	0
8.2618	36.963	0
8.2654	36.964	0
8.269	36.966	0
8.2726	36.968	0
8.2779	36.97	0
8.2815	36.972	0
8.2851	36.973	0
8.2905	36.976	0
8.2941	36.977	0
8.2976	36.979	0
8.303	36.981	0
8.3066	36.983	0
8.3102	36.984	0
8.3138	36.986	0
8.3192	36.988	0
8.3228	36.99	0
8.3263	36.992	0
8.3317	36.994	0
8.3353	36.996	0
8.3389	36.997	0
8.3443	37	0
8.3479	37.001	0
8.3515	37.003	0
8.3551	37.004	0
8.3604	37.007	0
8.364	37.008	0
8.3676	37.01	0
8.373	37.012	0
8.3766	37.014	0
8.3802	37.016	0
8.3856	37.018	0
8.3892	37.02	0
8.3928	37.021	0
8.3964	37.023	0
8.4018	37.025	0
8.4054	37.027	0
8.409	37.028	0
8.4144	37.031	0
8.418	37.032	0
8.4216	37.034	0
8.427	37.036	0
8.4306	37.038	0
8.4342	37.039	0
8.4378	37.041	0
8.4432	37.043	0
8.4468	37.045	0
8.4504	37.047	0
8.4558	37.049	0
8.4594	37.05	0
8.463	37.052	0
8.4684	37.054	0
8.4721	37.056	0
8.4757	37.058	0
8.4793	37.059	0
8.4847	37.062	0
8.4883	37.063	0
8.4919	37.065	0
8.4973	37.067	0
8.5009	37.069	0
8.5045	37.07	0
8.51	37.073	0
8.5136	37.074	0
8.5172	37.076	0
8.5208	37.077	0
8.5262	37.08	0
8.5298	37.081	0
8.5334	37.083	0
8.5389	37.085	0
8.5425	37.087	0
8.5461	37.088	0
8.5515	37.091	0
8.5551	37.092	0
8.5588	37.094	0
8.5624	37.095	0
8.5678	37.098	0
8.5714	37.099	0
8.5751	37.101	0
8.5805	37.103	0
8.5841	37.105	0
8.5877	37.106	0
8.5932	37.109	0
8.5968	37.11	0
8.6004	37.112	0
8.604	37.114	0
8.6095	37.116	0
8.6131	37.117	0
8.6167	37.119	0
8.6222	37.121	0
8.6258	37.123	0
8.6294	37.125	0
8.6349	37.127	0
8.6385	37.128	0
8.6421	37.13	0
8.6458	37.132	0
8.6512	37.134	0
8.6548	37.136	0
8.6585	37.137	0
8.6639	37.139	0
8.6675	37.141	0
8.6712	37.143	0
8.6766	37.145	0
8.6803	37.146	0
8.6839	37.148	0
8.6875	37.15	0
8.693	37.152	0
8.6966	37.153	0
8.7003	37.155	0
8.7057	37.157	0
8.7094	37.159	0
8.713	37.16	0
8.7185	37.163	0
8.7221	37.164	0
8.7257	37.166	0
8.7294	37.168	0
8.7348	37.17	0
8.7385	37.171	0
8.7421	37.173	0
8.7476	37.175	0
8.7512	37.177	0
8.7549	37.178	0
8.7604	37.181	0
8.764	37.182	0
8.7676	37.184	0
8.7713	37.185	0
8.7768	37.188	0
8.7804	37.189	0
8.7841	37.191	0
8.7895	37.193	0
8.7932	37.195	0
8.7968	37.196	0
8.8023	37.199	0
8.806	37.2	0
8.8096	37.202	0
8.8133	37.203	0
8.8187	37.206	0
8.8224	37.207	0
8.8261	37.209	0
8.8315	37.211	0
8.8352	37.213	0
8.8388	37.214	0
8.8443	37.216	0
8.848	37.218	0
8.8516	37.219	0
8.8553	37.221	0
8.8608	37.223	0
8.8645	37.225	0
8.8681	37.226	0
8.8736	37.229	0
8.8773	37.23	0
8.8809	37.232	0
8.8864	37.234	0
8.8901	37.236	0
8.8937	37.237	0
8.8974	37.239	0
8.9029	37.241	0
8.9066	37.243	0
8.9102	37.244	0
8.9157	37.246	0
8.9194	37.248	0
8.9231	37.25	0
8.9286	37.252	0
8.9322	37.253	0
8.9359	37.255	0
8.9396	37.256	0
8.9451	37.259	0
8.9488	37.26	0
8.9524	37.262	0
8.9579	37.264	0
8.9616	37.266	0
8.9653	37.267	0
8.9708	37.27	0
8.9745	37.271	0
8.9781	37.273	0
8.9818	37.274	0
8.9873	37.276	0
8.991	37.278	0
8.9947	37.279	0
9.0002	37.282	0
9.0039	37.283	0
9.0076	37.285	0
9.0131	37.287	0
9.0168	37.289	0
9.0204	37.29	0
9.0241	37.292	0
9.0296	37.294	0
9.0333	37.296	0
9.037	37.297	0
9.0425	37.299	0
9.0462	37.301	0
9.0499	37.302	0
9.0554	37.305	0
9.0591	37.306	0
9.0628	37.308	0
9.0665	37.309	0
9.072	37.312	0
9.0757	37.313	0
9.0794	37.315	0
9.0849	37.317	0
9.0886	37.318	0
9.0923	37.32	0
9.0978	37.322	0
9.1015	37.324	0
9.1052	37.325	0
9.1089	37.327	0
9.1144	37.329	0
9.1181	37.331	0
9.1218	37.332	0
9.1274	37.334	0
9.1311	37.336	0
9.1348	37.337	0
9.1403	37.34	0
9.144	37.341	0
9.1477	37.343	0
9.1514	37.344	0
9.1569	37.347	0
9.1606	37.348	0
9.1643	37.35	0
9.1699	37.352	0
9.1736	37.353	0
9.1773	37.355	0
9.1828	37.357	0
9.1866	37.359	0
9.1903	37.36	0
9.194	37.362	0
9.1995	37.364	0
9.2032	37.365	0
9.2069	37.367	0
9.2125	37.369	0
9.2162	37.371	0
9.2199	37.372	0
9.2255	37.375	0
9.2292	37.376	0
9.2329	37.378	0
9.2366	37.379	0
9.2421	37.381	0
9.2459	37.383	0
9.2496	37.384	0
9.2551	37.387	0
9.2588	37.388	0
9.2626	37.39	0
9.2681	37.392	0
9.2718	37.393	0
9.2756	37.395	0
9.2793	37.396	0
9.2848	37.399	0
9.2886	37.4	0
9.2923	37.402	0
9.2979	37.404	0
9.3016	37.405	0
9.3053	37.407	0
9.3109	37.409	0
9.3146	37.411	0
9.3183	37.412	0
9.322	37.414	0
9.3276	37.416	0
9.3313	37.417	0
9.3351	37.419	0
9.3406	37.421	0
9.3444	37.423	0
9.3481	37.424	0
9.3537	37.426	0
9.3574	37.428	0
9.3611	37.429	0
9.3649	37.431	0
9.3704	37.433	0
9.3742	37.435	0
9.3779	37.436	0
9.3835	37.438	0
9.3872	37.44	0
9.391	37.441	0
9.3965	37.444	0
9.4003	37.445	0
9.404	37.447	0
9.4077	37.448	0
9.4133	37.45	0
9.4171	37.452	0
9.4208	37.453	0
9.4264	37.455	0
9.4301	37.457	0
9.4339	37.458	0
9.4395	37.461	0
9.4432	37.462	0
9.447	37.464	0
9.4507	37.465	0
9.4563	37.467	0
9.46	37.469	0
9.4638	37.47	0
9.4694	37.473	0
9.4731	37.474	0
9.4769	37.476	0
9.4825	37.478	0
9.4862	37.479	0
9.49	37.481	0
9.4937	37.482	0
9.4993	37.484	0
9.5031	37.486	0
9.5068	37.487	0
9.5124	37.49	0
9.5162	37.491	0
9.5199	37.493	0
9.5256	37.495	0
9.5293	37.496	0
9.5331	37.498	0
9.5368	37.499	0
9.5424	37.501	0
9.5462	37.503	0
9.5499	37.504	0
9.5556	37.507	0
9.5593	37.508	0
9.5631	37.51	0
9.5687	37.512	0
9.5724	37.513	0
9.5762	37.515	0
9.58	37.516	0
9.5856	37.518	0
9.5893	37.52	0
9.5931	37.521	0
9.5987	37.524	0
9.6025	37.525	0
9.6063	37.526	0
9.6119	37.529	0
9.6156	37.53	0
9.6194	37.532	0
9.6232	37.533	0
9.6288	37.535	0
9.6326	37.537	0
9.6363	37.538	0
9.642	37.54	0
9.6457	37.542	0
9.6495	37.543	0
9.6552	37.546	0
9.6589	37.547	0
9.6627	37.549	0
9.6665	37.55	0
9.6721	37.552	0
9.6759	37.554	0
9.6796	37.555	0
9.6853	37.557	0
9.6891	37.559	0
9.6928	37.56	0
9.6985	37.562	0
9.7023	37.564	0
9.706	37.565	0
9.7098	37.567	0
9.7155	37.569	0
9.7192	37.57	0
9.723	37.572	0
9.7287	37.574	0
9.7324	37.576	0
9.7362	37.577	0
9.7419	37.579	0
9.7457	37.581	0
9.7494	37.582	0
9.7532	37.584	0
9.7589	37.586	0
9.7627	37.587	0
9.7664	37.589	0
9.7721	37.591	0
9.7759	37.592	0
9.7797	37.594	0
9.7854	37.596	0
9.7891	37.597	0
9.7929	37.599	0
9.7967	37.6	0
9.8024	37.602	0
9.8062	37.604	0
9.8099	37.605	0
9.8156	37.608	0
9.8194	37.609	0
9.8232	37.61	0
9.8289	37.613	0
9.8327	37.614	0
9.8365	37.616	0
9.8402	37.617	0
9.8459	37.619	0
9.8497	37.621	0
9.8535	37.622	0
9.8592	37.624	0
9.863	37.626	0
9.8668	37.627	0
9.8725	37.629	0
9.8763	37.631	0
9.8801	37.632	0
9.8839	37.634	0
9.8896	37.636	0
9.8934	37.637	0
9.8971	37.639	0
9.9028	37.641	0
9.9066	37.642	0
9.9104	37.644	0
9.9161	37.646	0
9.9199	37.647	0
9.9237	37.649	0
9.9275	37.65	0
9.9332	37.652	0
9.937	37.654	0
9.9408	37.655	0
9.9466	37.657	0
9.9504	37.659	0
9.9542	37.66	0
9.9599	37.662	0
9.9637	37.664	0
9.9675	37.665	0
9.9713	37.667	0
9.977	37.669	0
9.9808	37.67	0
9.9846	37.672	0
9.9903	37.674	0
9.9941	37.675	0
9.9979	37.677	0
10.004	37.679	0
10.007	37.68	0
10.011	37.682	0
10.015	37.683	0
10.021	37.685	0
10.025	37.687	0
10.028	37.688	0
10.034	37.69	0
10.038	37.692	0
10.042	37.693	0
10.048	37.695	0
10.051	37.697	0
10.055	37.698	0
10.059	37.7	0
10.065	37.702	0
10.069	37.703	0
10.072	37.705	0
10.078	37.707	0
10.082	37.708	0
10.086	37.71	0
10.091	37.712	0
10.095	37.713	0
10.099	37.715	0
10.103	37.716	0
10.109	37.718	0
10.112	37.72	0
10.116	37.721	0
10.122	37.723	0
10.126	37.724	0
10.13	37.726	0
10.135	37.728	0
10.139	37.729	0
10.143	37.731	0
10.147	37.732	0
10.153	37.734	0
10.157	37.736	0
10.16	37.737	0
10.166	37.739	0
10.17	37.741	0
10.174	37.742	0
10.18	37.744	0
10.183	37.746	0
10.187	37.747	0
10.191	37.749	0
10.197	37.751	0
10.201	37.752	0
10.204	37.753	0
10.21	37.756	0
10.214	37.757	0
10.218	37.758	0
10.224	37.761	0
10.227	37.762	0
10.231	37.763	0
10.235	37.765	0
10.241	37.767	0
10.245	37.768	0
10.249	37.77	0
10.254	37.772	0
10.258	37.773	0
10.262	37.775	0
10.268	37.777	0
10.272	37.778	0
10.276	37.78	0
10.279	37.781	0
10.285	37.783	0
10.289	37.784	0
10.293	37.786	0
10.299	37.788	0
10.302	37.789	0
10.306	37.791	0
10.312	37.793	0
10.316	37.794	0
10.32	37.796	0
10.324	37.797	0
10.329	37.799	0
10.333	37.801	0
10.337	37.802	0
10.343	37.804	0
10.347	37.805	0
10.351	37.807	0
10.356	37.809	0
10.36	37.81	0
10.364	37.812	0
10.368	37.813	0
10.374	37.815	0
10.378	37.817	0
10.381	37.818	0
10.387	37.82	0
10.391	37.821	0
10.395	37.823	0
10.401	37.825	0
10.405	37.826	0
10.409	37.828	0
10.412	37.829	0
10.418	37.831	0
10.422	37.833	0
10.426	37.834	0
10.432	37.836	0
10.436	37.837	0
10.439	37.839	0
10.445	37.841	0
10.449	37.842	0
10.453	37.844	0
10.457	37.845	0
10.463	37.847	0
10.467	37.849	0
10.47	37.85	0
10.476	37.852	0
10.48	37.853	0
10.484	37.855	0
10.49	37.857	0
10.494	37.858	0
10.498	37.86	0
10.501	37.861	0
10.507	37.863	0
10.511	37.864	0
10.515	37.866	0
10.521	37.868	0
10.525	37.869	0
10.529	37.871	0
10.534	37.873	0
10.538	37.874	0
10.542	37.875	0
10.546	37.877	0
10.552	37.879	0
10.556	37.88	0
10.56	37.882	0
10.565	37.884	0
10.569	37.885	0
10.573	37.886	0
10.579	37.889	0
10.583	37.89	0
10.587	37.891	0
10.591	37.893	0
10.596	37.895	0
10.6	37.896	0
10.604	37.897	0
10.61	37.9	0
10.614	37.901	0
10.618	37.902	0
10.624	37.904	0
10.628	37.906	0
10.632	37.907	0
10.635	37.908	0
10.641	37.91	0
10.645	37.912	0
10.649	37.913	0
10.655	37.915	0
10.659	37.917	0
10.663	37.918	0
10.669	37.92	0
10.672	37.921	0
10.676	37.923	0
10.68	37.924	0
10.686	37.926	0
10.69	37.927	0
10.694	37.929	0
10.7	37.931	0
10.704	37.932	0
10.708	37.934	0
10.713	37.936	0
10.717	37.937	0
10.721	37.938	0
10.725	37.94	0
10.731	37.942	0
10.735	37.943	0
10.739	37.944	0
10.745	37.947	0
10.749	37.948	0
10.752	37.949	0
10.758	37.951	0
10.762	37.953	0
10.766	37.954	0
10.77	37.955	0
10.776	37.957	0
10.78	37.959	0
10.784	37.96	0
10.79	37.962	0
10.793	37.963	0
10.797	37.965	0
10.803	37.967	0
10.807	37.968	0
10.811	37.97	0
10.815	37.971	0
10.821	37.973	0
10.825	37.974	0
10.829	37.976	0
10.835	37.978	0
10.839	37.979	0
10.842	37.98	0
10.848	37.982	0
10.852	37.984	0
10.856	37.985	0
10.86	37.986	0
10.866	37.988	0
10.87	37.99	0
10.874	37.991	0
10.88	37.993	0
10.884	37.994	0
10.888	37.996	0
10.893	37.998	0
10.897	37.999	0
10.901	38	0
10.905	38.002	0
10.911	38.004	0
10.915	38.005	0
10.919	38.006	0
10.925	38.008	0
10.929	38.01	0
10.933	38.011	0
10.939	38.013	0
10.943	38.014	0
10.946	38.016	0
10.95	38.017	0
10.956	38.019	0
10.96	38.02	0
10.964	38.022	0
10.97	38.024	0
10.974	38.025	0
10.978	38.026	0
10.984	38.028	0
10.988	38.03	0
10.992	38.031	0
10.996	38.032	0
11.002	38.034	0
11.006	38.036	0
11.009	38.037	0
11.015	38.039	0
11.019	38.04	0
11.023	38.042	0
11.029	38.044	0
11.033	38.045	0
11.037	38.046	0
11.041	38.048	0
11.047	38.05	0
11.051	38.051	0
11.055	38.052	0
11.061	38.054	0
11.065	38.056	0
11.069	38.057	0
11.075	38.059	0
11.078	38.06	0
11.082	38.062	0
11.086	38.063	0
11.092	38.065	0
11.096	38.066	0
11.1	38.068	0
11.106	38.07	0
11.11	38.071	0
11.114	38.072	0
11.12	38.074	0
11.124	38.075	0
11.128	38.077	0
11.132	38.078	0
11.138	38.08	0
11.142	38.081	0
11.146	38.083	0
11.152	38.085	0
11.156	38.086	0
11.16	38.087	0
11.165	38.089	0
11.169	38.091	0
11.173	38.092	0
11.177	38.093	0
11.183	38.095	0
11.187	38.096	0
11.191	38.098	0
11.197	38.1	0
11.201	38.101	0
11.205	38.102	0
11.211	38.104	0
11.215	38.106	0
11.219	38.107	0
11.223	38.108	0
11.229	38.11	0
11.233	38.112	0
11.237	38.113	0
11.243	38.115	0
11.247	38.116	0
11.251	38.117	0
11.257	38.119	0
11.261	38.121	0
11.265	38.122	0
11.269	38.123	0
11.275	38.125	0
11.279	38.126	0
11.283	38.128	0
11.288	38.13	0
11.292	38.131	0
11.296	38.132	0
11.302	38.134	0
11.306	38.136	0
11.31	38.137	0
11.314	38.138	0
11.32	38.14	0
11.324	38.141	0
11.328	38.143	0
11.334	38.145	0
11.338	38.146	0
11.342	38.147	0
11.348	38.149	0
11.352	38.15	0
11.356	38.152	0
11.36	38.153	0
11.366	38.155	0
11.37	38.156	0
11.374	38.158	0
11.38	38.16	0
11.384	38.161	0
11.388	38.162	0
11.394	38.164	0
11.398	38.165	0
11.402	38.167	0
11.406	38.168	0
11.412	38.17	0
11.416	38.171	0
11.42	38.172	0
11.426	38.174	0
11.43	38.176	0
11.434	38.177	0
11.44	38.179	0
11.444	38.18	0
11.448	38.181	0
11.452	38.183	0
11.458	38.185	0
11.462	38.186	0
11.466	38.187	0
11.472	38.189	0
11.476	38.19	0
11.48	38.192	0
11.486	38.194	0
11.49	38.195	0
11.494	38.196	0
11.498	38.197	0
11.504	38.199	0
11.508	38.201	0
11.512	38.202	0
11.518	38.204	0
11.522	38.205	0
11.526	38.206	0
11.532	38.208	0
11.536	38.209	0
11.54	38.211	0
11.544	38.212	0
11.55	38.214	0
11.554	38.215	0
11.558	38.216	0
11.564	38.218	0
11.568	38.22	0
11.572	38.221	0
11.578	38.223	0
11.582	38.224	0
11.586	38.225	0
11.59	38.227	0
11.596	38.229	0
11.6	38.23	0
11.604	38.231	0
11.61	38.233	0
11.614	38.234	0
11.618	38.235	0
11.624	38.237	0
11.628	38.239	0
11.632	38.24	0
11.636	38.241	0
11.642	38.243	0
11.646	38.244	0
11.65	38.246	0
11.656	38.247	0
11.66	38.249	0
11.664	38.25	0
11.67	38.252	0
11.674	38.253	0
11.678	38.254	0
11.682	38.256	0
11.688	38.258	0
11.692	38.259	0
11.697	38.26	0
11.703	38.262	0
11.707	38.263	0
11.711	38.264	0
11.717	38.266	0
11.721	38.268	0
11.725	38.269	0
11.729	38.27	0
11.735	38.272	0
11.739	38.273	0
11.743	38.274	0
11.749	38.276	0
11.753	38.278	0
11.757	38.279	0
11.763	38.281	0
11.767	38.282	0
11.771	38.283	0
11.775	38.284	0
11.781	38.286	0
11.785	38.288	0
11.789	38.289	0
11.795	38.291	0
11.799	38.292	0
11.803	38.293	0
11.809	38.295	0
11.813	38.296	0
11.817	38.298	0
11.822	38.299	0
11.828	38.301	0
11.832	38.302	0
11.836	38.303	0
11.842	38.305	0
11.846	38.306	0
11.85	38.308	0
11.856	38.309	0
11.86	38.311	0
11.864	38.312	0
11.868	38.313	0
11.874	38.315	0
11.878	38.316	0
11.882	38.317	0
11.888	38.319	0
11.892	38.32	0
11.896	38.322	0
11.902	38.324	0
11.906	38.325	0
11.911	38.326	0
11.915	38.327	0
11.921	38.329	0
11.925	38.33	0
11.929	38.332	0
11.935	38.333	0
11.939	38.335	0
11.943	38.336	0
11.949	38.338	0
11.953	38.339	0
11.957	38.34	0
11.961	38.341	0
11.967	38.343	0
11.971	38.345	0
11.975	38.346	0
11.982	38.348	0
11.986	38.349	0
11.99	38.35	0
11.996	38.352	0
12	38.353	0
12.004	38.354	0
12.008	38.356	0
12.014	38.357	0
12.018	38.359	0
12.022	38.36	0
12.028	38.362	0
12.032	38.363	0
12.036	38.364	0
12.042	38.366	0
12.047	38.367	0
12.051	38.368	0
12.055	38.37	0
12.061	38.371	0
12.065	38.373	0
12.069	38.374	0
12.075	38.376	0
12.079	38.377	0
12.083	38.378	0
12.089	38.38	0
12.093	38.381	0
12.097	38.382	0
12.101	38.384	0
12.108	38.385	0
12.112	38.387	0
12.116	38.388	0
12.122	38.39	0
12.126	38.391	0
12.13	38.392	0
12.136	38.394	0
12.14	38.395	0
12.144	38.396	0
12.148	38.397	0
12.154	38.399	0
12.159	38.4	0
12.163	38.402	0
12.169	38.403	0
12.173	38.405	0
12.177	38.406	0
12.183	38.408	0
12.187	38.409	0
12.191	38.41	0
12.195	38.411	0
12.201	38.413	0
12.206	38.414	0
12.21	38.416	0
12.216	38.417	0
12.22	38.419	0
12.224	38.42	0
12.23	38.422	0
12.234	38.423	0
12.238	38.424	0
12.242	38.425	0
12.248	38.427	0
12.253	38.428	0
12.257	38.429	0
12.263	38.431	0
12.267	38.432	0
12.271	38.433	0
12.277	38.435	0
12.281	38.436	0
12.285	38.438	0
12.289	38.439	0
12.296	38.441	0
12.3	38.442	0
12.304	38.443	0
12.31	38.445	0
12.314	38.446	0
12.318	38.447	0
12.324	38.449	0
12.328	38.45	0
12.332	38.451	0
12.337	38.453	0
12.343	38.454	0
12.347	38.456	0
12.351	38.457	0
12.357	38.458	0
12.361	38.46	0
12.365	38.461	0
12.371	38.463	0
12.376	38.464	0
12.38	38.465	0
12.384	38.466	0
12.39	38.468	0
12.394	38.469	0
12.398	38.47	0
12.404	38.472	0
12.408	38.473	0
12.413	38.474	0
12.419	38.476	0
12.423	38.477	0
12.427	38.479	0
12.431	38.48	0
12.437	38.482	0
12.441	38.483	0
12.445	38.484	0
12.452	38.486	0
12.456	38.487	0
12.46	38.488	0
12.466	38.49	0
12.47	38.491	0
12.474	38.492	0
12.478	38.493	0
12.485	38.495	0
12.489	38.496	0
12.493	38.497	0
12.499	38.499	0
12.503	38.5	0
12.507	38.501	0
12.513	38.503	0
12.518	38.504	0
12.522	38.506	0
12.526	38.507	0
12.532	38.508	0
12.536	38.51	0
12.54	38.511	0
12.546	38.513	0
12.551	38.514	0
12.555	38.515	0
12.561	38.517	0
12.565	38.518	0
12.569	38.519	0
12.573	38.52	0
12.579	38.522	0
12.584	38.523	0
12.588	38.524	0
12.594	38.526	0
12.598	38.527	0
12.602	38.528	0
12.608	38.53	0
12.612	38.531	0
12.617	38.532	0
12.621	38.533	0
12.627	38.535	0
12.631	38.536	0
12.635	38.537	0
12.641	38.539	0
12.646	38.54	0
12.65	38.542	0
12.656	38.543	0
12.66	38.544	0
12.664	38.546	0
12.668	38.547	0
12.675	38.548	0
12.679	38.55	0
12.683	38.551	0
12.689	38.552	0
12.693	38.554	0
12.697	38.555	0
12.704	38.556	0
12.708	38.558	0
12.712	38.559	0
12.716	38.56	0
12.722	38.562	0
12.726	38.563	0
12.731	38.564	0
12.737	38.566	0
12.741	38.567	0
12.745	38.568	0
12.751	38.57	0
12.755	38.571	0
12.76	38.572	0
12.764	38.573	0
12.77	38.575	0
12.774	38.576	0
12.778	38.577	0
12.784	38.579	0
12.789	38.58	0
12.793	38.581	0
12.799	38.583	0
12.803	38.584	0
12.807	38.585	0
12.811	38.586	0
12.818	38.588	0
12.822	38.589	0
12.826	38.59	0
12.832	38.592	0
12.836	38.593	0
12.841	38.594	0
12.847	38.596	0
12.851	38.597	0
12.855	38.598	0
12.859	38.599	0
12.866	38.601	0
12.87	38.602	0
12.874	38.603	0
12.88	38.605	0
12.884	38.606	0
12.888	38.607	0
12.895	38.609	0
12.899	38.61	0
12.903	38.611	0
12.907	38.612	0
12.913	38.614	0
12.918	38.615	0
12.922	38.616	0
12.928	38.618	0
12.932	38.619	0
12.936	38.62	0
12.943	38.622	0
12.947	38.623	0
12.951	38.624	0
12.955	38.625	0
12.961	38.627	0
12.966	38.628	0
12.97	38.629	0
12.976	38.631	0
12.98	38.632	0
12.984	38.633	0
12.991	38.635	0
12.995	38.636	0
12.999	38.637	0
13.003	38.638	0
13.009	38.64	0
13.014	38.641	0
13.018	38.642	0
13.024	38.643	0
13.028	38.645	0
13.032	38.646	0
13.039	38.647	0
13.043	38.648	0
13.047	38.65	0
13.051	38.651	0
13.058	38.652	0
13.062	38.653	0
13.066	38.655	0
13.072	38.656	0
13.076	38.657	0
13.081	38.658	0
13.087	38.66	0
13.091	38.661	0
13.095	38.662	0
13.099	38.663	0
13.106	38.665	0
13.11	38.666	0
13.114	38.667	0
13.12	38.669	0
13.125	38.67	0
13.129	38.671	0
13.135	38.673	0
13.139	38.674	0
13.143	38.675	0
13.148	38.676	0
13.154	38.678	0
13.158	38.679	0
13.162	38.68	0
13.169	38.682	0
13.173	38.683	0
13.177	38.684	0
13.183	38.685	0
13.188	38.687	0
13.192	38.688	0
13.196	38.689	0
13.202	38.69	0
13.206	38.691	0
13.211	38.693	0
13.217	38.694	0
13.221	38.695	0
13.225	38.696	0
13.232	38.698	0
13.236	38.699	0
13.24	38.7	0
13.244	38.701	0
13.251	38.703	0
13.255	38.704	0
13.259	38.705	0
13.265	38.707	0
13.27	38.708	0
13.274	38.709	0
13.28	38.71	0
13.284	38.712	0
13.289	38.713	0
13.293	38.714	0
13.299	38.715	0
13.303	38.716	0
13.307	38.718	0
13.314	38.719	0
13.318	38.72	0
13.322	38.721	0
13.329	38.723	0
13.333	38.724	0
13.337	38.725	0
13.341	38.726	0
13.348	38.728	0
13.352	38.729	0
13.356	38.73	0
13.362	38.732	0
13.367	38.733	0
13.371	38.734	0
13.377	38.735	0
13.381	38.736	0
13.386	38.737	0
13.39	38.739	0
13.396	38.74	0
13.4	38.741	0
13.405	38.742	0
13.411	38.744	0
13.415	38.745	0
13.419	38.746	0
13.426	38.748	0
13.43	38.749	0
13.434	38.75	0
13.438	38.751	0
13.445	38.752	0
13.449	38.753	0
13.453	38.755	0
13.459	38.756	0
13.464	38.757	0
13.468	38.758	0
13.474	38.76	0
13.479	38.761	0
13.483	38.762	0
13.487	38.763	0
13.493	38.765	0
13.498	38.766	0
13.502	38.767	0
13.508	38.768	0
13.512	38.769	0
13.517	38.77	0
13.523	38.772	0
13.527	38.773	0
13.531	38.774	0
13.536	38.775	0
13.542	38.777	0
13.546	38.778	0
13.551	38.779	0
13.557	38.78	0
13.561	38.782	0
13.565	38.783	0
13.572	38.784	0
13.576	38.785	0
13.58	38.786	0
13.584	38.787	0
13.591	38.789	0
13.595	38.79	0
13.599	38.791	0
13.606	38.793	0
13.61	38.794	0
13.614	38.795	0
13.621	38.796	0
13.625	38.797	0
13.629	38.798	0
13.633	38.799	0
13.64	38.801	0
13.644	38.802	0
13.648	38.803	0
13.655	38.805	0
13.659	38.806	0
13.663	38.807	0
13.669	38.808	0
13.674	38.809	0
13.678	38.81	0
13.682	38.811	0
13.689	38.813	0
13.693	38.814	0
13.697	38.815	0
13.704	38.817	0
13.708	38.818	0
13.712	38.819	0
13.718	38.82	0
13.723	38.821	0
13.727	38.822	0
13.731	38.823	0
13.738	38.825	0
13.742	38.826	0
13.746	38.827	0
13.753	38.828	0
13.757	38.829	0
13.761	38.83	0
13.767	38.832	0
13.772	38.833	0
13.776	38.834	0
13.78	38.835	0
13.787	38.837	0
13.791	38.838	0
13.795	38.839	0
13.802	38.84	0
13.806	38.841	0
13.81	38.842	0
13.817	38.844	0
13.821	38.845	0
13.825	38.846	0
13.829	38.847	0
13.836	38.848	0
13.84	38.849	0
13.844	38.85	0
13.851	38.852	0
13.855	38.853	0
13.859	38.854	0
13.866	38.856	0
13.87	38.857	0
13.874	38.858	0
13.878	38.859	0
13.885	38.86	0
13.889	38.861	0
13.893	38.862	0
13.9	38.864	0
13.904	38.865	0
13.908	38.866	0
13.915	38.867	0
13.919	38.868	0
13.923	38.869	0
13.928	38.87	0
13.934	38.872	0
13.938	38.873	0
13.943	38.874	0
13.949	38.875	0
13.953	38.876	0
13.958	38.877	0
13.964	38.879	0
13.968	38.88	0
13.973	38.881	0
13.977	38.882	0
13.983	38.883	0
13.988	38.884	0
13.992	38.885	0
13.998	38.887	0
14.003	38.888	0
14.007	38.889	0
14.013	38.89	0
14.018	38.891	0
14.022	38.892	0
14.026	38.893	0
14.033	38.895	0
14.037	38.896	0
14.041	38.897	0
14.048	38.898	0
14.052	38.899	0
14.056	38.9	0
14.063	38.902	0
14.067	38.903	0
14.071	38.904	0
14.076	38.905	0
14.082	38.906	0
14.086	38.907	0
14.091	38.908	0
14.097	38.91	0
14.101	38.911	0
14.106	38.912	0
14.112	38.913	0
14.117	38.914	0
14.121	38.915	0
14.125	38.916	0
14.132	38.918	0
14.136	38.919	0
14.14	38.92	0
14.147	38.921	0
14.151	38.922	0
14.155	38.923	0
14.162	38.925	0
14.166	38.926	0
14.17	38.927	0
14.175	38.928	0
14.181	38.929	0
14.185	38.93	0
14.19	38.931	0
14.196	38.933	0
14.201	38.934	0
14.205	38.935	0
14.211	38.936	0
14.216	38.937	0
14.22	38.938	0
14.224	38.939	0
14.231	38.94	0
14.235	38.941	0
