28.264	-24.513	0
28.283	-24.487	0
28.302	-24.461	0
28.322	-24.435	0
28.341	-24.409	0
28.36	-24.383	0
28.379	-24.357	0
28.398	-24.331	0
28.418	-24.304	0
28.437	-24.278	0
28.456	-24.252	0
28.475	-24.226	0
28.494	-24.2	0
28.513	-24.174	0
28.532	-24.147	0
28.551	-24.121	0
28.57	-24.095	0
28.589	-24.069	0
28.608	-24.042	0
28.627	-24.016	0
28.646	-23.99	0
28.664	-23.963	0
28.683	-23.937	0
28.702	-23.911	0
28.721	-23.884	0
28.739	-23.858	0
28.758	-23.831	0
28.777	-23.805	0
28.795	-23.779	0
28.814	-23.752	0
28.833	-23.726	0
28.851	-23.699	0
28.87	-23.673	0
28.888	-23.646	0
28.907	-23.62	0
28.925	-23.593	0
28.944	-23.567	0
28.962	-23.54	0
28.98	-23.513	0
28.999	-23.487	0
29.017	-23.46	0
29.035	-23.434	0
29.054	-23.407	0
29.072	-23.38	0
29.09	-23.354	0
29.108	-23.327	0
29.126	-23.3	0
29.145	-23.274	0
29.163	-23.247	0
29.181	-23.22	0
29.199	-23.193	0
29.217	-23.167	0
29.235	-23.14	0
29.253	-23.113	0
29.271	-23.086	0
29.289	-23.059	0
29.307	-23.032	0
29.325	-23.006	0
29.343	-22.979	0
29.36	-22.952	0
29.378	-22.925	0
29.396	-22.898	0
29.414	-22.871	0
29.431	-22.844	0
29.449	-22.817	0
29.467	-22.79	0
29.484	-22.763	0
29.502	-22.736	0
29.52	-22.709	0
29.537	-22.682	0
29.555	-22.655	0
29.572	-22.628	0
29.59	-22.601	0
29.607	-22.574	0
29.625	-22.547	0
29.642	-22.52	0
29.659	-22.493	0
29.677	-22.466	0
29.694	-22.438	0
29.711	-22.411	0
29.729	-22.384	0
29.746	-22.357	0
29.763	-22.33	0
29.78	-22.302	0
29.797	-22.275	0
29.815	-22.248	0
29.832	-22.221	0
29.849	-22.193	0
29.866	-22.166	0
29.883	-22.139	0
29.9	-22.112	0
29.917	-22.084	0
29.934	-22.057	0
29.951	-22.03	0
29.968	-22.002	0
29.984	-21.975	0
30.001	-21.948	0
30.018	-21.92	0
30.035	-21.893	0
30.052	-21.865	0
30.068	-21.838	0
30.085	-21.81	0
30.102	-21.783	0
30.118	-21.755	0
30.135	-21.728	0
30.152	-21.7	0
30.168	-21.673	0
30.185	-21.645	0
30.201	-21.618	0
30.218	-21.59	0
30.234	-21.563	0
30.25	-21.535	0
30.267	-21.508	0
30.283	-21.48	0
30.3	-21.452	0
30.316	-21.425	0
30.332	-21.397	0
30.348	-21.37	0
30.365	-21.342	0
30.381	-21.314	0
30.397	-21.286	0
30.413	-21.259	0
30.429	-21.231	0
30.445	-21.203	0
30.462	-21.176	0
30.478	-21.148	0
30.494	-21.12	0
30.51	-21.092	0
30.526	-21.065	0
30.541	-21.037	0
30.557	-21.009	0
30.573	-20.981	0
30.589	-20.953	0
30.605	-20.925	0
30.621	-20.898	0
30.636	-20.87	0
30.652	-20.842	0
30.668	-20.814	0
30.684	-20.786	0
30.699	-20.758	0
30.715	-20.73	0
30.731	-20.702	0
30.746	-20.674	0
30.762	-20.646	0
30.777	-20.618	0
30.793	-20.59	0
30.808	-20.562	0
30.824	-20.534	0
30.839	-20.506	0
30.854	-20.478	0
30.87	-20.45	0
30.885	-20.422	0
30.9	-20.394	0
30.916	-20.366	0
30.931	-20.338	0
30.946	-20.31	0
30.961	-20.282	0
30.976	-20.254	0
30.991	-20.226	0
31.007	-20.197	0
31.022	-20.169	0
31.037	-20.141	0
31.052	-20.113	0
31.067	-20.085	0
31.082	-20.057	0
31.096	-20.028	0
31.111	-20	0
31.126	-19.972	0
31.141	-19.944	0
31.156	-19.915	0
31.171	-19.887	0
31.185	-19.859	0
31.2	-19.831	0
31.215	-19.802	0
31.23	-19.774	0
31.244	-19.746	0
31.259	-19.717	0
31.273	-19.689	0
31.288	-19.661	0
31.302	-19.632	0
31.317	-19.604	0
31.331	-19.576	0
31.346	-19.547	0
31.36	-19.519	0
31.375	-19.49	0
31.389	-19.462	0
31.403	-19.434	0
31.418	-19.405	0
31.432	-19.377	0
31.446	-19.348	0
31.46	-19.32	0
31.475	-19.291	0
31.489	-19.263	0
31.503	-19.234	0
31.517	-19.206	0
31.531	-19.177	0
31.545	-19.149	0
31.559	-19.12	0
31.573	-19.092	0
31.587	-19.063	0
31.601	-19.034	0
31.615	-19.006	0
31.629	-18.977	0
31.643	-18.949	0
31.656	-18.92	0
31.67	-18.891	0
31.684	-18.863	0
31.698	-18.834	0
31.711	-18.806	0
31.725	-18.777	0
31.739	-18.748	0
31.752	-18.72	0
31.766	-18.691	0
31.779	-18.662	0
31.793	-18.634	0
31.807	-18.605	0
31.82	-18.576	0
31.833	-18.547	0
31.847	-18.519	0
31.86	-18.49	0
31.874	-18.461	0
31.887	-18.432	0
31.9	-18.404	0
31.913	-18.375	0
31.927	-18.346	0
31.94	-18.317	0
31.953	-18.288	0
31.966	-18.26	0
31.979	-18.231	0
31.992	-18.202	0
32.005	-18.173	0
32.018	-18.144	0
32.031	-18.115	0
32.044	-18.087	0
32.057	-18.058	0
32.07	-18.029	0
32.083	-18	0
32.096	-17.971	0
32.109	-17.942	0
32.122	-17.913	0
32.134	-17.884	0
32.147	-17.855	0
32.16	-17.826	0
32.173	-17.797	0
32.185	-17.768	0
32.198	-17.739	0
32.21	-17.71	0
32.223	-17.682	0
32.235	-17.653	0
32.248	-17.624	0
32.26	-17.595	0
32.273	-17.565	0
32.285	-17.536	0
32.298	-17.507	0
32.31	-17.478	0
32.322	-17.449	0
32.335	-17.42	0
32.347	-17.391	0
32.359	-17.362	0
32.371	-17.333	0
32.384	-17.304	0
32.396	-17.275	0
32.408	-17.246	0
32.42	-17.217	0
32.432	-17.188	0
32.444	-17.158	0
32.456	-17.129	0
32.468	-17.1	0
32.48	-17.071	0
32.492	-17.042	0
32.504	-17.013	0
32.515	-16.984	0
32.527	-16.954	0
32.539	-16.925	0
32.551	-16.896	0
32.563	-16.867	0
32.574	-16.838	0
32.586	-16.808	0
32.598	-16.779	0
32.609	-16.75	0
32.621	-16.721	0
32.632	-16.692	0
32.644	-16.662	0
32.655	-16.633	0
32.667	-16.604	0
32.678	-16.575	0
32.69	-16.545	0
32.701	-16.516	0
32.712	-16.487	0
32.724	-16.458	0
32.735	-16.428	0
32.746	-16.399	0
32.757	-16.37	0
32.768	-16.34	0
32.78	-16.311	0
32.791	-16.282	0
32.802	-16.252	0
32.813	-16.223	0
32.824	-16.194	0
32.835	-16.164	0
32.846	-16.135	0
32.857	-16.106	0
32.868	-16.076	0
32.879	-16.047	0
32.889	-16.018	0
32.9	-15.988	0
32.911	-15.959	0
32.922	-15.929	0
32.933	-15.9	0
32.943	-15.871	0
32.954	-15.841	0
32.965	-15.812	0
32.975	-15.782	0
32.986	-15.753	0
32.996	-15.724	0
33.007	-15.694	0
33.017	-15.665	0
33.028	-15.635	0
33.038	-15.606	0
33.049	-15.576	0
33.059	-15.547	0
33.069	-15.517	0
33.08	-15.488	0
33.09	-15.458	0
33.1	-15.429	0
33.11	-15.4	0
33.12	-15.37	0
33.131	-15.341	0
33.141	-15.311	0
33.151	-15.282	0
33.161	-15.252	0
33.171	-15.223	0
33.181	-15.193	0
33.191	-15.164	0
33.201	-15.134	0
33.211	-15.104	0
33.22	-15.075	0
33.23	-15.045	0
33.24	-15.016	0
33.25	-14.986	0
33.26	-14.957	0
33.269	-14.927	0
33.279	-14.898	0
33.289	-14.868	0
33.298	-14.839	0
33.308	-14.809	0
33.317	-14.779	0
33.327	-14.75	0
33.336	-14.72	0
33.346	-14.691	0
33.355	-14.661	0
33.365	-14.632	0
33.374	-14.602	0
33.383	-14.572	0
33.393	-14.543	0
33.402	-14.513	0
33.411	-14.484	0
33.42	-14.454	0
33.43	-14.424	0
33.439	-14.395	0
33.448	-14.365	0
33.457	-14.336	0
33.466	-14.306	0
33.475	-14.276	0
33.484	-14.247	0
33.493	-14.217	0
33.502	-14.188	0
33.511	-14.158	0
33.52	-14.128	0
33.528	-14.099	0
33.537	-14.069	0
33.546	-14.039	0
33.555	-14.01	0
33.563	-13.98	0
33.572	-13.95	0
33.581	-13.921	0
33.589	-13.891	0
33.598	-13.862	0
33.606	-13.832	0
33.615	-13.802	0
33.623	-13.773	0
33.632	-13.743	0
33.64	-13.713	0
33.649	-13.684	0
33.657	-13.654	0
33.665	-13.624	0
33.674	-13.595	0
33.682	-13.565	0
33.69	-13.535	0
33.698	-13.506	0
33.706	-13.476	0
33.715	-13.446	0
33.723	-13.417	0
33.731	-13.387	0
33.739	-13.357	0
33.747	-13.328	0
33.755	-13.298	0
33.763	-13.268	0
33.771	-13.239	0
33.778	-13.209	0
33.786	-13.179	0
33.794	-13.15	0
33.802	-13.12	0
33.81	-13.09	0
33.817	-13.061	0
33.825	-13.031	0
33.833	-13.001	0
33.84	-12.972	0
33.848	-12.942	0
33.855	-12.912	0
33.863	-12.883	0
33.87	-12.853	0
33.878	-12.823	0
33.885	-12.794	0
33.893	-12.764	0
33.9	-12.734	0
33.907	-12.705	0
33.914	-12.675	0
33.922	-12.645	0
33.929	-12.616	0
33.936	-12.586	0
33.943	-12.557	0
33.95	-12.527	0
33.957	-12.497	0
33.965	-12.468	0
33.972	-12.438	0
33.979	-12.408	0
33.985	-12.379	0
33.992	-12.349	0
33.999	-12.319	0
34.006	-12.29	0
34.013	-12.26	0
34.02	-12.23	0
34.026	-12.201	0
34.033	-12.171	0
34.04	-12.142	0
34.047	-12.112	0
34.053	-12.082	0
34.06	-12.053	0
34.066	-12.023	0
34.073	-11.994	0
34.079	-11.964	0
34.086	-11.934	0
34.092	-11.905	0
34.099	-11.875	0
34.105	-11.846	0
34.111	-11.816	0
34.118	-11.786	0
34.124	-11.757	0
34.13	-11.727	0
34.136	-11.698	0
34.142	-11.668	0
34.148	-11.639	0
34.155	-11.609	0
34.161	-11.579	0
34.167	-11.55	0
34.173	-11.52	0
34.179	-11.491	0
34.184	-11.461	0
34.19	-11.432	0
34.196	-11.402	0
34.202	-11.373	0
34.208	-11.343	0
34.214	-11.314	0
34.219	-11.284	0
34.225	-11.255	0
34.231	-11.225	0
34.236	-11.196	0
34.242	-11.166	0
34.247	-11.137	0
34.253	-11.107	0
34.258	-11.078	0
34.264	-11.048	0
34.269	-11.019	0
34.275	-10.99	0
34.28	-10.96	0
34.285	-10.931	0
34.29	-10.901	0
34.296	-10.872	0
34.301	-10.843	0
34.306	-10.813	0
34.311	-10.784	0
34.316	-10.754	0
34.321	-10.725	0
34.326	-10.696	0
34.331	-10.666	0
34.336	-10.637	0
34.341	-10.608	0
34.346	-10.578	0
34.351	-10.549	0
34.356	-10.52	0
34.361	-10.49	0
34.365	-10.461	0
34.37	-10.432	0
34.375	-10.403	0
34.379	-10.373	0
34.384	-10.344	0
34.388	-10.315	0
34.393	-10.286	0
34.398	-10.257	0
34.402	-10.227	0
34.406	-10.198	0
34.411	-10.169	0
34.415	-10.14	0
34.419	-10.111	0
34.424	-10.082	0
34.428	-10.052	0
34.432	-10.023	0
34.436	-9.9943	0
34.441	-9.9652	0
34.445	-9.9361	0
34.449	-9.907	0
34.453	-9.878	0
34.457	-9.849	0
34.461	-9.82	0
34.465	-9.791	0
34.469	-9.762	0
34.472	-9.733	0
34.476	-9.704	0
34.48	-9.6751	0
34.484	-9.6462	0
34.488	-9.6173	0
34.491	-9.5884	0
34.495	-9.5595	0
34.498	-9.5306	0
34.502	-9.5018	0
34.506	-9.473	0
34.509	-9.4442	0
34.513	-9.4154	0
34.516	-9.3866	0
34.519	-9.3578	0
34.523	-9.3291	0
34.526	-9.3004	0
34.529	-9.2717	0
34.533	-9.243	0
34.536	-9.2143	0
34.539	-9.1857	0
34.542	-9.1571	0
34.545	-9.1285	0
34.548	-9.0999	0
34.551	-9.0713	0
34.554	-9.0428	0
34.557	-9.0143	0
34.56	-8.9858	0
34.563	-8.9573	0
34.566	-8.9289	0
34.569	-8.9004	0
34.571	-8.872	0
34.574	-8.8437	0
34.577	-8.8153	0
34.579	-8.787	0
34.582	-8.7587	0
34.585	-8.7304	0
34.587	-8.7022	0
34.59	-8.6739	0
34.592	-8.6457	0
34.594	-8.6176	0
34.597	-8.5894	0
34.599	-8.5613	0
34.602	-8.5332	0
34.604	-8.5051	0
34.606	-8.4771	0
34.608	-8.4491	0
34.61	-8.4211	0
34.613	-8.3932	0
34.615	-8.3653	0
34.617	-8.3374	0
34.619	-8.3096	0
34.621	-8.2818	0
34.623	-8.254	0
34.624	-8.2263	0
34.626	-8.1985	0
34.628	-8.1709	0
34.63	-8.1432	0
34.632	-8.1156	0
34.633	-8.0881	0
34.635	-8.0605	0
34.637	-8.0331	0
34.638	-8.0056	0
34.64	-7.9782	0
34.641	-7.9508	0
34.643	-7.9235	0
34.644	-7.8962	0
34.645	-7.869	0
34.647	-7.8418	0
34.648	-7.8146	0
34.649	-7.7875	0
34.651	-7.7605	0
34.652	-7.7334	0
34.653	-7.7065	0
34.654	-7.6795	0
34.655	-7.6527	0
34.656	-7.6259	0
34.657	-7.5991	0
34.658	-7.5724	0
34.659	-7.5457	0
34.66	-7.5191	0
34.661	-7.4925	0
34.662	-7.466	0
34.662	-7.4396	0
34.663	-7.4132	0
34.664	-7.3867	0
34.664	-7.3603	0
34.665	-7.3339	0
34.666	-7.3074	0
34.666	-7.2809	0
34.667	-7.2544	0
34.667	-7.2279	0
34.667	-7.2013	0
34.668	-7.1748	0
34.668	-7.1482	0
34.668	-7.1216	0
34.669	-7.095	0
34.669	-7.0684	0
34.669	-7.0418	0
34.669	-7.0152	0
34.669	-6.9885	0
34.67	-6.9619	0
34.67	-6.9352	0
34.67	-6.9086	0
34.67	-6.8819	0
34.669	-6.8552	0
34.669	-6.8285	0
34.669	-6.8018	0
34.669	-6.7751	0
34.669	-6.7484	0
34.669	-6.7217	0
34.668	-6.695	0
34.668	-6.6682	0
34.668	-6.6415	0
34.667	-6.6148	0
34.667	-6.5881	0
34.666	-6.5613	0
34.666	-6.5346	0
34.665	-6.5079	0
34.665	-6.4812	0
34.664	-6.4545	0
34.663	-6.4278	0
34.663	-6.4011	0
34.662	-6.3744	0
34.661	-6.3477	0
34.66	-6.321	0
34.66	-6.2944	0
34.659	-6.2677	0
34.658	-6.2411	0
34.657	-6.2145	0
34.656	-6.1879	0
34.655	-6.1613	0
34.654	-6.1347	0
34.653	-6.1082	0
34.652	-6.0816	0
34.651	-6.0551	0
34.649	-6.0286	0
34.648	-6.0022	0
34.647	-5.9757	0
34.646	-5.9493	0
34.644	-5.923	0
34.643	-5.8966	0
34.642	-5.8703	0
34.64	-5.844	0
34.639	-5.8178	0
34.637	-5.7916	0
34.636	-5.7654	0
34.634	-5.7393	0
34.632	-5.7133	0
34.631	-5.6872	0
34.629	-5.6613	0
34.628	-5.6354	0
34.626	-5.6095	0
34.624	-5.5837	0
34.622	-5.558	0
34.62	-5.5323	0
34.619	-5.5067	0
34.617	-5.4811	0
34.615	-5.4557	0
34.613	-5.4303	0
34.611	-5.4049	0
34.609	-5.3797	0
34.607	-5.3546	0
34.605	-5.3295	0
34.603	-5.3045	0
34.6	-5.2797	0
34.598	-5.2549	0
34.596	-5.2303	0
34.594	-5.2057	0
34.592	-5.1813	0
34.589	-5.157	0
34.587	-5.1328	0
34.585	-5.1088	0
34.583	-5.0849	0
34.58	-5.0612	0
34.578	-5.0376	0
34.575	-5.0141	0
34.573	-4.9908	0
34.57	-4.9664	0
34.567	-4.94	0
34.565	-4.9137	0
34.562	-4.8875	0
34.559	-4.8589	0
34.555	-4.8279	0
34.551	-4.7967	0
34.548	-4.7657	0
34.544	-4.7349	0
34.541	-4.7042	0
34.537	-4.6735	0
34.534	-4.6427	0
34.53	-4.6121	0
34.526	-4.5816	0
34.523	-4.5511	0
34.519	-4.5207	0
34.515	-4.4903	0
34.512	-4.46	0
34.508	-4.4297	0
34.504	-4.3995	0
34.5	-4.3692	0
34.497	-4.339	0
34.493	-4.3089	0
34.489	-4.2787	0
34.485	-4.2485	0
34.481	-4.2184	0
34.477	-4.1882	0
34.473	-4.1581	0
34.469	-4.128	0
34.465	-4.0978	0
34.461	-4.0677	0
34.457	-4.0375	0
34.453	-4.0074	0
34.449	-3.9772	0
34.445	-3.947	0
34.441	-3.9168	0
34.437	-3.8865	0
34.433	-3.8562	0
34.428	-3.8259	0
34.424	-3.7955	0
34.42	-3.7651	0
34.416	-3.7346	0
34.411	-3.7041	0
34.407	-3.6734	0
34.402	-3.6427	0
34.398	-3.612	0
34.393	-3.5811	0
34.389	-3.5501	0
34.384	-3.519	0
34.38	-3.4878	0
34.375	-3.4565	0
34.37	-3.425	0
34.366	-3.3934	0
34.361	-3.3617	0
34.356	-3.3298	0
34.351	-3.2976	0
34.346	-3.2653	0
34.341	-3.2328	0
34.336	-3.2001	0
34.331	-3.167	0
34.326	-3.1338	0
34.321	-3.1003	0
34.316	-3.0664	0
34.31	-3.0322	0
34.305	-2.9977	0
34.3	-2.9629	0
34.294	-2.9276	0
34.288	-2.8917	0
34.283	-2.8554	0
34.277	-2.8187	0
34.271	-2.7812	0
34.265	-2.7431	0
34.259	-2.7043	0
34.253	-2.6647	0
34.247	-2.6243	0
34.24	-2.583	0
34.234	-2.5408	0
34.227	-2.4974	0
34.22	-2.4529	0
34.213	-2.407	0
34.206	-2.3595	0
34.198	-2.3104	0
34.191	-2.2597	0
34.183	-2.2072	0
34.175	-2.1525	0
34.167	-2.0956	0
34.158	-2.0364	0
34.15	-1.9749	0
34.141	-1.9103	0
34.132	-1.8427	0
34.123	-1.772	0
34.113	-1.698	0
34.104	-1.6198	0
34.094	-1.5372	0
34.085	-1.4508	0
34.075	-1.3604	0
34.065	-1.2653	0
34.056	-1.1653	0
34.047	-1.0612	0
34.038	-0.95289	0
34.03	-0.83968	0
34.023	-0.72169	0
34.016	-0.60013	0
34.01	-0.47539	0
34.006	-0.34704	0
34.002	-0.21584	0
34	-0.082531	0
34	0.051459	0
34	0.18568	0
34.002	0.31939	0
34.006	0.45168	0
34.011	0.58207	0
34.016	0.71068	0
34.023	0.83701	0
34.031	0.96004	0
34.04	1.0793	0
34.05	1.1945	0
34.06	1.3055	0
34.071	1.4121	0
34.081	1.514	0
34.093	1.6114	0
34.104	1.7046	0
34.115	1.7936	0
34.126	1.8788	0
34.137	1.9604	0
34.149	2.0386	0
34.16	2.1137	0
34.17	2.186	0
34.181	2.2557	0
34.192	2.323	0
34.203	2.3881	0
34.213	2.4513	0
34.223	2.5127	0
34.234	2.5726	0
34.244	2.6309	0
34.254	2.6881	0
34.264	2.744	0
34.274	2.799	0
34.284	2.8531	0
34.294	2.9063	0
34.304	2.9589	0
34.313	3.0108	0
34.323	3.0623	0
34.333	3.1132	0
34.343	3.1638	0
34.353	3.214	0
34.363	3.264	0
34.373	3.3137	0
34.383	3.3633	0
34.393	3.4127	0
34.403	3.462	0
34.413	3.5112	0
34.424	3.5604	0
34.434	3.6096	0
34.445	3.6588	0
34.455	3.708	0
34.466	3.7573	0
34.477	3.8066	0
34.488	3.856	0
34.499	3.9055	0
34.51	3.9552	0
34.521	4.0049	0
34.532	4.0547	0
34.544	4.104	0
34.555	4.1522	0
34.566	4.1989	0
34.576	4.2445	0
34.587	4.289	0
34.597	4.3325	0
34.607	4.375	0
34.617	4.4166	0
34.627	4.4575	0
34.637	4.4976	0
34.646	4.5369	0
34.656	4.5756	0
34.665	4.6137	0
34.674	4.6512	0
34.683	4.6882	0
34.692	4.7247	0
34.701	4.7606	0
34.71	4.796	0
34.718	4.831	0
34.727	4.8656	0
34.735	4.8998	0
34.744	4.9338	0
34.752	4.9674	0
34.76	5.0007	0
34.768	5.0338	0
34.776	5.0665	0
34.784	5.0991	0
34.792	5.1314	0
34.8	5.1634	0
34.808	5.1953	0
34.816	5.2269	0
34.824	5.2583	0
34.831	5.2895	0
34.839	5.3206	0
34.847	5.3517	0
34.854	5.3825	0
34.862	5.4132	0
34.869	5.4437	0
34.877	5.4742	0
34.884	5.5045	0
34.891	5.5346	0
34.899	5.5647	0
34.906	5.5948	0
34.913	5.6247	0
34.92	5.6545	0
34.928	5.6843	0
34.935	5.714	0
34.942	5.7437	0
34.949	5.7732	0
34.956	5.8027	0
34.963	5.8322	0
34.97	5.8616	0
34.977	5.8909	0
34.984	5.9202	0
34.991	5.9494	0
34.998	5.9786	0
35.005	6.0078	0
35.012	6.0369	0
35.019	6.066	0
35.026	6.0951	0
35.032	6.1241	0
35.039	6.1531	0
35.046	6.1821	0
35.053	6.211	0
35.059	6.24	0
35.066	6.2689	0
35.073	6.2978	0
35.079	6.3266	0
35.086	6.3555	0
35.093	6.3843	0
35.099	6.4131	0
35.106	6.442	0
35.112	6.4708	0
35.119	6.4996	0
35.125	6.5284	0
35.132	6.5572	0
35.139	6.5859	0
35.145	6.6147	0
35.151	6.6434	0
35.158	6.6721	0
35.164	6.701	0
35.171	6.7298	0
35.177	6.7585	0
35.184	6.7873	0
35.19	6.8161	0
35.196	6.8448	0
35.203	6.8735	0
35.209	6.9023	0
35.215	6.9312	0
35.221	6.96	0
35.228	6.9888	0
35.234	7.0176	0
35.24	7.0465	0
35.247	7.0753	0
35.253	7.1041	0
35.259	7.1329	0
35.265	7.1618	0
35.271	7.1907	0
35.277	7.2196	0
35.284	7.2485	0
35.29	7.2774	0
35.296	7.3063	0
35.302	7.3352	0
35.308	7.3641	0
35.314	7.3931	0
35.32	7.422	0
35.326	7.451	0
35.332	7.48	0
35.338	7.509	0
35.344	7.5381	0
35.35	7.5671	0
35.356	7.5962	0
35.362	7.6252	0
35.368	7.6543	0
35.374	7.6835	0
35.38	7.7126	0
35.386	7.7417	0
35.392	7.7709	0
35.398	7.8002	0
35.404	7.8294	0
35.41	7.8586	0
35.416	7.8879	0
35.422	7.9172	0
35.427	7.9464	0
35.433	7.9756	0
35.439	8.005	0
35.445	8.0344	0
35.451	8.0638	0
35.457	8.0932	0
35.462	8.1226	0
35.468	8.152	0
35.474	8.1813	0
35.48	8.2107	0
35.485	8.2402	0
35.491	8.2698	0
35.497	8.2995	0
35.503	8.329	0
35.508	8.3586	0
35.514	8.3883	0
35.52	8.4178	0
35.525	8.4474	0
35.531	8.477	0
35.537	8.5068	0
35.542	8.5366	0
35.548	8.5663	0
35.554	8.5961	0
35.559	8.6259	0
35.565	8.6556	0
35.57	8.6853	0
35.576	8.7151	0
35.582	8.745	0
35.587	8.775	0
35.593	8.8049	0
35.598	8.8349	0
35.604	8.8649	0
35.609	8.8949	0
35.615	8.9248	0
35.621	8.9548	0
35.626	8.9849	0
35.632	9.015	0
35.637	9.0452	0
35.643	9.0753	0
35.648	9.1054	0
35.654	9.1356	0
35.659	9.1658	0
35.665	9.1959	0
35.67	9.2261	0
35.675	9.2564	0
35.681	9.2868	0
35.686	9.3171	0
35.692	9.3474	0
35.697	9.3779	0
35.703	9.4084	0
35.708	9.4388	0
35.714	9.4691	0
35.719	9.4997	0
35.724	9.5302	0
35.73	9.5607	0
35.735	9.5911	0
35.741	9.6218	0
35.746	9.6525	0
35.751	9.6831	0
35.757	9.7138	0
35.762	9.7445	0
35.768	9.7753	0
35.773	9.806	0
35.778	9.8367	0
35.784	9.8675	0
35.789	9.8985	0
35.794	9.9293	0
35.8	9.9602	0
35.805	9.9912	0
35.81	10.022	0
35.816	10.053	0
35.821	10.084	0
35.827	10.115	0
35.832	10.147	0
35.837	10.178	0
35.843	10.209	0
35.848	10.24	0
35.853	10.271	0
35.859	10.303	0
35.864	10.334	0
35.869	10.365	0
35.875	10.397	0
35.88	10.428	0
35.885	10.46	0
35.891	10.491	0
35.896	10.523	0
35.902	10.554	0
35.907	10.586	0
35.912	10.618	0
35.918	10.649	0
35.923	10.681	0
35.929	10.713	0
35.934	10.745	0
35.939	10.777	0
35.945	10.809	0
35.95	10.841	0
35.956	10.873	0
35.961	10.905	0
35.967	10.937	0
35.972	10.97	0
35.978	11.002	0
35.983	11.034	0
35.989	11.066	0
35.994	11.099	0
36	11.131	0
36.005	11.164	0
36.011	11.197	0
36.016	11.229	0
36.022	11.262	0
36.027	11.295	0
36.033	11.328	0
36.039	11.361	0
36.044	11.394	0
36.05	11.427	0
36.056	11.46	0
36.062	11.494	0
36.067	11.527	0
36.073	11.561	0
36.079	11.594	0
36.085	11.628	0
36.091	11.662	0
36.097	11.695	0
36.103	11.729	0
36.109	11.764	0
36.115	11.798	0
36.121	11.833	0
36.127	11.867	0
36.133	11.901	0
36.139	11.935	0
36.145	11.969	0
36.151	12.003	0
36.157	12.036	0
36.163	12.071	0
36.169	12.104	0
36.174	12.132	0
36.179	12.159	0
36.184	12.186	0
36.189	12.213	0
36.194	12.239	0
36.198	12.266	0
36.203	12.292	0
36.208	12.318	0
36.212	12.343	0
36.217	12.369	0
36.221	12.394	0
36.225	12.418	0
36.229	12.443	0
36.233	12.467	0
36.237	12.49	0
36.241	12.513	0
36.245	12.536	0
36.249	12.559	0
36.252	12.581	0
36.256	12.603	0
36.259	12.624	0
36.262	12.645	0
36.266	12.665	0
36.269	12.685	0
36.272	12.704	0
36.274	12.723	0
36.277	12.742	0
36.28	12.761	0
36.283	12.78	0
36.285	12.8	0
36.288	12.819	0
36.291	12.839	0
36.293	12.859	0
36.296	12.879	0
36.298	12.899	0
36.301	12.92	0
36.303	12.94	0
36.306	12.961	0
36.308	12.982	0
36.311	13.003	0
36.313	13.024	0
36.315	13.046	0
36.318	13.067	0
36.32	13.089	0
36.322	13.111	0
36.324	13.133	0
36.327	13.155	0
36.329	13.177	0
36.331	13.199	0
36.333	13.222	0
36.335	13.244	0
36.337	13.267	0
36.339	13.29	0
36.341	13.313	0
36.343	13.336	0
36.344	13.359	0
36.346	13.382	0
36.348	13.406	0
36.35	13.429	0
36.351	13.453	0
36.353	13.477	0
36.354	13.501	0
36.356	13.524	0
36.357	13.549	0
36.359	13.573	0
36.36	13.597	0
36.362	13.621	0
36.363	13.646	0
36.364	13.671	0
36.365	13.695	0
36.367	13.72	0
36.368	13.745	0
36.369	13.77	0
36.37	13.795	0
36.371	13.82	0
36.372	13.845	0
36.373	13.871	0
36.374	13.896	0
36.375	13.922	0
36.375	13.947	0
36.376	13.973	0
36.377	13.999	0
36.377	14.025	0
36.378	14.05	0
36.379	14.076	0
36.379	14.103	0
36.38	14.129	0
36.38	14.155	0
36.38	14.181	0
36.381	14.208	0
36.381	14.234	0
36.381	14.261	0
36.381	14.287	0
36.382	14.314	0
36.382	14.341	0
36.382	14.367	0
36.382	14.394	0
36.382	14.421	0
36.382	14.448	0
36.381	14.475	0
36.381	14.502	0
36.381	14.53	0
36.381	14.557	0
36.38	14.584	0
36.38	14.612	0
36.38	14.639	0
36.379	14.667	0
36.379	14.694	0
36.378	14.722	0
36.378	14.75	0
36.377	14.777	0
36.376	14.805	0
36.375	14.833	0
36.375	14.861	0
36.374	14.889	0
36.373	14.917	0
36.372	14.945	0
36.371	14.973	0
36.37	15.001	0
36.369	15.03	0
36.368	15.058	0
36.367	15.086	0
36.365	15.115	0
36.364	15.143	0
36.363	15.171	0
36.361	15.2	0
36.36	15.229	0
36.359	15.257	0
36.357	15.286	0
36.356	15.315	0
36.354	15.343	0
36.352	15.372	0
36.351	15.401	0
36.349	15.43	0
36.347	15.459	0
36.345	15.488	0
36.343	15.517	0
36.341	15.546	0
36.34	15.575	0
36.337	15.604	0
36.335	15.634	0
36.333	15.663	0
36.331	15.692	0
36.329	15.721	0
36.327	15.751	0
36.324	15.78	0
36.322	15.81	0
36.32	15.839	0
36.317	15.869	0
36.315	15.898	0
36.312	15.928	0
36.31	15.957	0
36.307	15.987	0
36.304	16.017	0
36.302	16.047	0
36.299	16.076	0
36.296	16.106	0
36.293	16.136	0
36.29	16.166	0
36.287	16.196	0
36.284	16.226	0
36.281	16.256	0
36.278	16.286	0
36.275	16.316	0
36.272	16.346	0
36.268	16.376	0
36.265	16.406	0
36.262	16.436	0
36.258	16.466	0
36.255	16.497	0
36.252	16.527	0
36.248	16.557	0
36.245	16.588	0
36.241	16.618	0
36.237	16.648	0
36.234	16.679	0
36.23	16.709	0
36.226	16.74	0
36.222	16.77	0
36.218	16.801	0
36.214	16.831	0
36.21	16.862	0
36.206	16.892	0
36.202	16.923	0
36.198	16.954	0
36.194	16.984	0
36.19	17.015	0
36.186	17.046	0
36.181	17.076	0
36.177	17.107	0
36.172	17.138	0
36.168	17.169	0
36.164	17.2	0
36.159	17.231	0
36.154	17.261	0
36.15	17.292	0
36.145	17.323	0
36.14	17.354	0
36.136	17.385	0
36.131	17.416	0
36.126	17.447	0
36.121	17.478	0
36.116	17.509	0
36.111	17.54	0
36.106	17.572	0
36.101	17.603	0
36.096	17.634	0
36.091	17.665	0
36.086	17.696	0
36.08	17.727	0
36.075	17.759	0
36.07	17.79	0
36.064	17.821	0
36.059	17.853	0
36.053	17.884	0
36.048	17.915	0
36.042	17.946	0
36.037	17.978	0
36.031	18.009	0
36.025	18.041	0
36.02	18.072	0
36.014	18.103	0
36.008	18.135	0
36.002	18.166	0
35.996	18.198	0
35.99	18.229	0
35.984	18.261	0
35.978	18.292	0
35.972	18.324	0
35.966	18.356	0
35.96	18.387	0
35.953	18.419	0
35.947	18.45	0
35.941	18.482	0
35.934	18.514	0
35.928	18.545	0
35.921	18.577	0
35.915	18.609	0
35.908	18.64	0
35.902	18.672	0
35.895	18.704	0
35.888	18.736	0
35.882	18.767	0
35.875	18.799	0
35.868	18.831	0
35.861	18.863	0
35.854	18.895	0
35.847	18.926	0
35.84	18.958	0
35.833	18.99	0
35.826	19.022	0
35.819	19.054	0
35.812	19.086	0
35.805	19.118	0
35.798	19.149	0
35.79	19.181	0
35.783	19.213	0
35.775	19.245	0
35.768	19.277	0
35.761	19.309	0
35.753	19.341	0
35.746	19.373	0
35.738	19.405	0
35.73	19.437	0
35.723	19.469	0
35.715	19.501	0
35.707	19.533	0
35.699	19.565	0
35.691	19.597	0
35.683	19.629	0
35.676	19.661	0
35.668	19.694	0
35.659	19.726	0
35.651	19.758	0
35.643	19.79	0
35.635	19.822	0
35.627	19.854	0
35.619	19.886	0
35.61	19.918	0
35.602	19.951	0
35.594	19.983	0
35.585	20.015	0
35.577	20.047	0
35.568	20.079	0
35.56	20.112	0
35.551	20.144	0
35.542	20.176	0
35.534	20.208	0
35.525	20.24	0
35.516	20.273	0
35.508	20.305	0
35.499	20.337	0
35.49	20.369	0
35.481	20.402	0
35.472	20.434	0
35.463	20.466	0
35.454	20.498	0
35.445	20.531	0
35.436	20.563	0
35.426	20.595	0
35.417	20.628	0
35.408	20.66	0
35.399	20.692	0
35.389	20.725	0
35.38	20.757	0
35.37	20.789	0
35.361	20.822	0
35.351	20.854	0
35.342	20.886	0
35.332	20.919	0
35.323	20.951	0
35.313	20.983	0
35.303	21.016	0
35.293	21.048	0
35.284	21.08	0
35.274	21.113	0
35.264	21.145	0
35.254	21.178	0
35.244	21.21	0
35.234	21.242	0
35.224	21.275	0
35.214	21.307	0
35.203	21.34	0
35.193	21.372	0
35.183	21.404	0
35.173	21.437	0
35.162	21.469	0
35.152	21.502	0
35.142	21.534	0
35.131	21.566	0
35.121	21.599	0
35.11	21.631	0
35.1	21.664	0
35.089	21.696	0
35.078	21.729	0
35.068	21.761	0
35.057	21.794	0
35.046	21.826	0
35.035	21.858	0
35.025	21.891	0
35.014	21.923	0
35.003	21.956	0
34.992	21.988	0
34.981	22.021	0
34.97	22.053	0
34.959	22.086	0
34.948	22.118	0
34.936	22.15	0
34.925	22.183	0
34.914	22.215	0
34.903	22.248	0
34.891	22.28	0
34.88	22.313	0
34.868	22.345	0
34.857	22.378	0
34.845	22.41	0
34.834	22.443	0
34.822	22.475	0
34.811	22.508	0
34.799	22.54	0
34.787	22.573	0
34.776	22.605	0
34.764	22.637	0
34.752	22.67	0
34.74	22.702	0
34.728	22.735	0
34.716	22.767	0
34.704	22.8	0
34.692	22.832	0
34.68	22.865	0
34.668	22.897	0
34.656	22.93	0
34.644	22.962	0
34.631	22.995	0
34.619	23.027	0
34.607	23.06	0
34.594	23.092	0
34.582	23.124	0
34.57	23.157	0
34.557	23.189	0
34.545	23.222	0
34.532	23.254	0
34.519	23.287	0
34.507	23.319	0
34.494	23.352	0
34.481	23.384	0
34.469	23.416	0
34.456	23.449	0
34.443	23.481	0
34.43	23.514	0
34.417	23.546	0
34.404	23.579	0
34.391	23.611	0
34.378	23.643	0
34.365	23.676	0
34.352	23.708	0
34.339	23.741	0
34.326	23.773	0
34.313	23.806	0
34.299	23.838	0
34.286	23.87	0
34.273	23.903	0
34.259	23.935	0
34.246	23.968	0
34.232	24	0
34.219	24.032	0
34.205	24.065	0
34.192	24.097	0
34.178	24.13	0
34.164	24.162	0
34.151	24.194	0
34.137	24.227	0
34.123	24.259	0
34.109	24.291	0
34.095	24.324	0
34.082	24.356	0
34.068	24.388	0
34.054	24.421	0
34.04	24.453	0
34.026	24.485	0
34.012	24.518	0
33.997	24.55	0
33.983	24.582	0
33.969	24.615	0
33.955	24.647	0
33.94	24.679	0
33.926	24.712	0
33.912	24.744	0
33.897	24.776	0
33.883	24.809	0
33.868	24.841	0
33.854	24.873	0
33.839	24.905	0
33.825	24.938	0
33.81	24.97	0
33.795	25.002	0
33.781	25.034	0
33.766	25.067	0
33.751	25.099	0
33.736	25.131	0
33.721	25.163	0
33.706	25.196	0
33.692	25.228	0
33.677	25.26	0
33.662	25.292	0
33.646	25.324	0
33.631	25.357	0
33.616	25.389	0
33.601	25.421	0
33.586	25.453	0
33.571	25.485	0
33.555	25.518	0
33.54	25.55	0
33.525	25.582	0
33.509	25.614	0
33.494	25.646	0
33.478	25.678	0
33.463	25.71	0
33.447	25.743	0
33.431	25.775	0
33.416	25.807	0
33.4	25.839	0
33.384	25.871	0
33.369	25.903	0
33.353	25.935	0
33.337	25.967	0
33.321	25.999	0
33.305	26.031	0
33.289	26.063	0
33.273	26.095	0
33.257	26.127	0
33.241	26.159	0
33.225	26.191	0
33.209	26.223	0
33.193	26.255	0
33.177	26.287	0
33.16	26.319	0
33.144	26.351	0
33.128	26.383	0
33.111	26.415	0
33.095	26.447	0
33.079	26.479	0
33.062	26.511	0
33.046	26.543	0
33.029	26.575	0
33.012	26.607	0
32.991	26.648	0
