-0.018976	0.03101	0
-0.018968	0.031014	0
-0.018959	0.031018	0
-0.018954	0.031021	0
-0.018945	0.031025	0
-0.018937	0.031029	0
-0.018928	0.031033	0
-0.01892	0.031037	0
-0.018914	0.03104	0
-0.018906	0.031044	0
-0.018897	0.031048	0
-0.018889	0.031052	0
-0.01888	0.031057	0
-0.018875	0.031059	0
-0.018866	0.031063	0
-0.018858	0.031067	0
-0.018849	0.031072	0
-0.018841	0.031076	0
-0.018835	0.031078	0
-0.018827	0.031082	0
-0.018818	0.031087	0
-0.01881	0.031091	0
-0.018801	0.031095	0
-0.018796	0.031097	0
-0.018787	0.031101	0
-0.018779	0.031105	0
-0.01877	0.03111	0
-0.018762	0.031114	0
-0.018756	0.031116	0
-0.018748	0.03112	0
-0.018739	0.031124	0
-0.018731	0.031128	0
-0.018722	0.031132	0
-0.018717	0.031135	0
-0.018708	0.031139	0
-0.0187	0.031143	0
-0.018691	0.031147	0
-0.018683	0.031151	0
-0.018677	0.031154	0
-0.018668	0.031158	0
-0.01866	0.031162	0
-0.018651	0.031166	0
-0.018643	0.03117	0
-0.018637	0.031173	0
-0.018629	0.031177	0
-0.01862	0.031181	0
-0.018612	0.031185	0
-0.018603	0.031189	0
-0.018598	0.031192	0
-0.018589	0.031196	0
-0.018581	0.0312	0
-0.018572	0.031204	0
-0.018564	0.031208	0
-0.018558	0.03121	0
-0.01855	0.031214	0
-0.018541	0.031218	0
-0.018532	0.031222	0
-0.018524	0.031226	0
-0.018518	0.031229	0
-0.01851	0.031233	0
-0.018501	0.031237	0
-0.018493	0.031241	0
-0.018484	0.031245	0
-0.018479	0.031247	0
-0.01847	0.031251	0
-0.018462	0.031255	0
-0.018453	0.031259	0
-0.018445	0.031263	0
-0.018439	0.031266	0
-0.01843	0.03127	0
-0.018422	0.031274	0
-0.018413	0.031278	0
-0.018405	0.031282	0
-0.018399	0.031284	0
-0.018391	0.031288	0
-0.018382	0.031292	0
-0.018374	0.031296	0
-0.018365	0.0313	0
-0.018359	0.031303	0
-0.018351	0.031307	0
-0.018342	0.031311	0
-0.018334	0.031315	0
-0.018325	0.031319	0
-0.018319	0.031321	0
-0.018311	0.031325	0
-0.018302	0.031329	0
-0.018294	0.031333	0
-0.018285	0.031337	0
-0.01828	0.031339	0
-0.018271	0.031343	0
-0.018263	0.031347	0
-0.018254	0.031351	0
-0.018245	0.031355	0
-0.01824	0.031358	0
-0.018231	0.031362	0
-0.018223	0.031365	0
-0.018214	0.031369	0
-0.018206	0.031373	0
-0.0182	0.031376	0
-0.018191	0.03138	0
-0.018183	0.031384	0
-0.018174	0.031388	0
-0.018166	0.031391	0
-0.01816	0.031394	0
-0.018151	0.031398	0
-0.018143	0.031402	0
-0.018134	0.031406	0
-0.018126	0.031409	0
-0.01812	0.031412	0
-0.018112	0.031416	0
-0.018103	0.03142	0
-0.018094	0.031424	0
-0.018086	0.031428	0
-0.01808	0.03143	0
-0.018072	0.031434	0
-0.018063	0.031438	0
-0.018054	0.031442	0
-0.018046	0.031446	0
-0.01804	0.031448	0
-0.018032	0.031452	0
-0.018023	0.031456	0
-0.018014	0.03146	0
-0.018006	0.031463	0
-0.018	0.031466	0
-0.017992	0.03147	0
-0.017983	0.031474	0
-0.017974	0.031477	0
-0.017966	0.031481	0
-0.01796	0.031484	0
-0.017952	0.031488	0
-0.017943	0.031492	0
-0.017934	0.031495	0
-0.017926	0.031499	0
-0.01792	0.031502	0
-0.017912	0.031505	0
-0.017903	0.031509	0
-0.017894	0.031513	0
-0.017886	0.031517	0
-0.01788	0.031519	0
-0.017871	0.031523	0
-0.017863	0.031527	0
-0.017854	0.031531	0
-0.017846	0.031535	0
-0.01784	0.031537	0
-0.017831	0.031541	0
-0.017823	0.031545	0
-0.017814	0.031548	0
-0.017806	0.031552	0
-0.0178	0.031555	0
-0.017791	0.031559	0
-0.017783	0.031562	0
-0.017774	0.031566	0
-0.017765	0.03157	0
-0.01776	0.031572	0
-0.017751	0.031576	0
-0.017742	0.03158	0
-0.017734	0.031584	0
-0.017725	0.031587	0
-0.01772	0.03159	0
-0.017711	0.031594	0
-0.017702	0.031597	0
-0.017694	0.031601	0
-0.017685	0.031605	0
-0.017679	0.031607	0
-0.017671	0.031611	0
-0.017662	0.031615	0
-0.017654	0.031619	0
-0.017645	0.031622	0
-0.017639	0.031625	0
-0.017631	0.031629	0
-0.017622	0.031632	0
-0.017613	0.031636	0
-0.017605	0.03164	0
-0.017599	0.031642	0
-0.01759	0.031646	0
-0.017582	0.03165	0
-0.017573	0.031653	0
-0.017564	0.031657	0
-0.017559	0.03166	0
-0.01755	0.031663	0
-0.017541	0.031667	0
-0.017533	0.031671	0
-0.017524	0.031674	0
-0.017518	0.031677	0
-0.01751	0.031681	0
-0.017501	0.031684	0
-0.017493	0.031688	0
-0.017484	0.031692	0
-0.017478	0.031694	0
-0.01747	0.031698	0
-0.017461	0.031701	0
-0.017452	0.031705	0
-0.017444	0.031709	0
-0.017438	0.031711	0
-0.017429	0.031715	0
-0.017421	0.031719	0
-0.017412	0.031722	0
-0.017403	0.031726	0
-0.017398	0.031728	0
-0.017389	0.031732	0
-0.01738	0.031736	0
-0.017372	0.031739	0
-0.017363	0.031743	0
-0.017357	0.031745	0
-0.017349	0.031749	0
-0.01734	0.031753	0
-0.017331	0.031756	0
-0.017323	0.03176	0
-0.017317	0.031762	0
-0.017308	0.031766	0
-0.017299	0.03177	0
-0.017291	0.031773	0
-0.017282	0.031777	0
-0.017276	0.031779	0
-0.017268	0.031783	0
-0.017259	0.031787	0
-0.01725	0.03179	0
-0.017242	0.031794	0
-0.017236	0.031796	0
-0.017227	0.0318	0
-0.017219	0.031803	0
-0.01721	0.031807	0
-0.017201	0.031811	0
-0.017196	0.031813	0
-0.017187	0.031817	0
-0.017178	0.03182	0
-0.01717	0.031824	0
-0.017161	0.031827	0
-0.017155	0.03183	0
-0.017146	0.031833	0
-0.017138	0.031837	0
-0.017129	0.031841	0
-0.01712	0.031844	0
-0.017115	0.031847	0
-0.017106	0.03185	0
-0.017097	0.031854	0
-0.017089	0.031857	0
-0.01708	0.031861	0
-0.017074	0.031863	0
-0.017065	0.031867	0
-0.017057	0.03187	0
-0.017048	0.031874	0
-0.017039	0.031877	0
-0.017034	0.03188	0
-0.017025	0.031883	0
-0.017016	0.031887	0
-0.017008	0.03189	0
-0.016999	0.031894	0
-0.016993	0.031896	0
-0.016984	0.0319	0
-0.016976	0.031903	0
-0.016967	0.031907	0
-0.016958	0.031911	0
-0.016953	0.031913	0
-0.016944	0.031916	0
-0.016935	0.03192	0
-0.016926	0.031923	0
-0.016918	0.031927	0
-0.016912	0.031929	0
-0.016903	0.031933	0
-0.016895	0.031936	0
-0.016886	0.03194	0
-0.016877	0.031943	0
-0.016871	0.031946	0
-0.016863	0.031949	0
-0.016854	0.031953	0
-0.016845	0.031956	0
-0.016837	0.03196	0
-0.016831	0.031962	0
-0.016822	0.031966	0
-0.016813	0.031969	0
-0.016805	0.031973	0
-0.016796	0.031976	0
-0.01679	0.031978	0
-0.016781	0.031982	0
-0.016773	0.031985	0
-0.016764	0.031989	0
-0.016755	0.031992	0
-0.016749	0.031995	0
-0.016741	0.031998	0
-0.016732	0.032002	0
-0.016723	0.032005	0
-0.016715	0.032009	0
-0.016709	0.032011	0
-0.0167	0.032014	0
-0.016691	0.032018	0
-0.016683	0.032021	0
-0.016674	0.032025	0
-0.016668	0.032027	0
-0.016659	0.03203	0
-0.016651	0.032034	0
-0.016642	0.032037	0
-0.016633	0.032041	0
-0.016627	0.032043	0
-0.016619	0.032046	0
-0.01661	0.03205	0
-0.016601	0.032053	0
-0.016593	0.032057	0
-0.016587	0.032059	0
-0.016578	0.032062	0
-0.016569	0.032066	0
-0.01656	0.032069	0
-0.016552	0.032073	0
-0.016546	0.032075	0
-0.016537	0.032078	0
-0.016528	0.032082	0
-0.01652	0.032085	0
-0.016511	0.032089	0
-0.016505	0.032091	0
-0.016496	0.032094	0
-0.016488	0.032098	0
-0.016479	0.032101	0
-0.01647	0.032104	0
-0.016464	0.032107	0
-0.016456	0.03211	0
-0.016447	0.032114	0
-0.016438	0.032117	0
-0.016429	0.03212	0
-0.016424	0.032123	0
-0.016415	0.032126	0
-0.016406	0.032129	0
-0.016397	0.032133	0
-0.016389	0.032136	0
-0.016383	0.032138	0
-0.016374	0.032142	0
-0.016365	0.032145	0
-0.016357	0.032148	0
-0.016348	0.032152	0
-0.016342	0.032154	0
-0.016333	0.032157	0
-0.016324	0.032161	0
-0.016316	0.032164	0
-0.016307	0.032167	0
-0.016301	0.03217	0
-0.016292	0.032173	0
-0.016284	0.032176	0
-0.016275	0.03218	0
-0.016266	0.032183	0
-0.01626	0.032185	0
-0.016251	0.032189	0
-0.016243	0.032192	0
-0.016234	0.032195	0
-0.016225	0.032198	0
-0.016219	0.032201	0
-0.016211	0.032204	0
-0.016202	0.032207	0
-0.016193	0.032211	0
-0.016184	0.032214	0
-0.016178	0.032216	0
-0.01617	0.032219	0
-0.016161	0.032223	0
-0.016152	0.032226	0
-0.016143	0.032229	0
-0.016137	0.032232	0
-0.016129	0.032235	0
-0.01612	0.032238	0
-0.016111	0.032241	0
-0.016102	0.032245	0
-0.016096	0.032247	0
-0.016088	0.03225	0
-0.016079	0.032254	0
-0.01607	0.032257	0
-0.016061	0.03226	0
-0.016056	0.032262	0
-0.016047	0.032266	0
-0.016038	0.032269	0
-0.016029	0.032272	0
-0.01602	0.032275	0
-0.016015	0.032277	0
-0.016006	0.032281	0
-0.015997	0.032284	0
-0.015988	0.032287	0
-0.015979	0.032291	0
-0.015974	0.032293	0
-0.015965	0.032296	0
-0.015956	0.032299	0
-0.015947	0.032302	0
-0.015938	0.032306	0
-0.015933	0.032308	0
-0.015924	0.032311	0
-0.015915	0.032314	0
-0.015906	0.032318	0
-0.015897	0.032321	0
-0.015891	0.032323	0
-0.015883	0.032326	0
-0.015874	0.032329	0
-0.015865	0.032333	0
-0.015856	0.032336	0
-0.01585	0.032338	0
-0.015842	0.032341	0
-0.015833	0.032344	0
-0.015824	0.032348	0
-0.015815	0.032351	0
-0.015809	0.032353	0
-0.015801	0.032356	0
-0.015792	0.032359	0
-0.015783	0.032362	0
-0.015774	0.032366	0
-0.015768	0.032368	0
-0.015759	0.032371	0
-0.015751	0.032374	0
-0.015742	0.032377	0
-0.015733	0.032381	0
-0.015727	0.032383	0
-0.015718	0.032386	0
-0.01571	0.032389	0
-0.015701	0.032392	0
-0.015692	0.032395	0
-0.015686	0.032397	0
-0.015677	0.032401	0
-0.015668	0.032404	0
-0.01566	0.032407	0
-0.015651	0.03241	0
-0.015645	0.032412	0
-0.015636	0.032415	0
-0.015627	0.032419	0
-0.015618	0.032422	0
-0.01561	0.032425	0
-0.015604	0.032427	0
-0.015595	0.03243	0
-0.015586	0.032433	0
-0.015577	0.032436	0
-0.015568	0.032439	0
-0.015563	0.032442	0
-0.015554	0.032445	0
-0.015545	0.032448	0
-0.015536	0.032451	0
-0.015527	0.032454	0
-0.015521	0.032456	0
-0.015513	0.032459	0
-0.015504	0.032462	0
-0.015495	0.032465	0
-0.015486	0.032469	0
-0.01548	0.032471	0
-0.015471	0.032474	0
-0.015463	0.032477	0
-0.015454	0.03248	0
-0.015445	0.032483	0
-0.015439	0.032485	0
-0.01543	0.032488	0
-0.015421	0.032491	0
-0.015412	0.032494	0
-0.015404	0.032498	0
-0.015398	0.0325	0
-0.015389	0.032503	0
-0.01538	0.032506	0
-0.015371	0.032509	0
-0.015362	0.032512	0
-0.015356	0.032514	0
-0.015348	0.032517	0
-0.015339	0.03252	0
-0.01533	0.032523	0
-0.015321	0.032526	0
-0.015315	0.032528	0
-0.015306	0.032531	0
-0.015297	0.032534	0
-0.015289	0.032537	0
-0.01528	0.03254	0
-0.015274	0.032542	0
-0.015265	0.032546	0
-0.015256	0.032549	0
-0.015247	0.032552	0
-0.015239	0.032555	0
-0.015233	0.032557	0
-0.015224	0.03256	0
-0.015215	0.032563	0
-0.015206	0.032566	0
-0.015197	0.032569	0
-0.015191	0.032571	0
-0.015182	0.032574	0
-0.015174	0.032577	0
-0.015165	0.03258	0
-0.015156	0.032583	0
-0.01515	0.032585	0
-0.015141	0.032588	0
-0.015132	0.032591	0
-0.015123	0.032594	0
-0.015115	0.032597	0
-0.015109	0.032599	0
-0.0151	0.032602	0
-0.015091	0.032605	0
-0.015082	0.032608	0
-0.015073	0.032611	0
-0.015067	0.032613	0
-0.015058	0.032616	0
-0.01505	0.032619	0
-0.015041	0.032622	0
-0.015032	0.032625	0
-0.015026	0.032627	0
-0.015017	0.03263	0
-0.015008	0.032633	0
-0.014999	0.032636	0
-0.01499	0.032639	0
-0.014984	0.032641	0
-0.014976	0.032644	0
-0.014967	0.032647	0
-0.014958	0.03265	0
-0.014949	0.032653	0
-0.014943	0.032654	0
-0.014934	0.032657	0
-0.014925	0.03266	0
-0.014916	0.032663	0
-0.014908	0.032666	0
-0.014902	0.032668	0
-0.014893	0.032671	0
-0.014884	0.032674	0
-0.014875	0.032677	0
-0.014866	0.03268	0
-0.01486	0.032682	0
-0.014851	0.032685	0
-0.014842	0.032688	0
-0.014834	0.032691	0
-0.014825	0.032694	0
-0.014819	0.032696	0
-0.01481	0.032698	0
-0.014801	0.032701	0
-0.014792	0.032704	0
-0.014783	0.032707	0
-0.014777	0.032709	0
-0.014768	0.032712	0
-0.01476	0.032715	0
-0.014751	0.032718	0
-0.014742	0.032721	0
-0.014736	0.032723	0
-0.014727	0.032726	0
-0.014718	0.032728	0
-0.014709	0.032731	0
-0.0147	0.032734	0
-0.014694	0.032736	0
-0.014685	0.032739	0
-0.014677	0.032742	0
-0.014668	0.032745	0
-0.014659	0.032748	0
-0.014653	0.03275	0
-0.014644	0.032752	0
-0.014635	0.032755	0
-0.014626	0.032758	0
-0.014617	0.032761	0
-0.014611	0.032763	0
-0.014602	0.032766	0
-0.014594	0.032769	0
-0.014585	0.032771	0
-0.014576	0.032774	0
-0.01457	0.032776	0
-0.014561	0.032779	0
-0.014552	0.032782	0
-0.014543	0.032785	0
-0.014534	0.032788	0
-0.014528	0.032789	0
-0.014519	0.032792	0
-0.01451	0.032795	0
-0.014502	0.032798	0
-0.014493	0.032801	0
-0.014487	0.032803	0
-0.014478	0.032805	0
-0.014469	0.032808	0
-0.01446	0.032811	0
-0.014451	0.032814	0
-0.014445	0.032816	0
-0.014436	0.032819	0
-0.014427	0.032821	0
-0.014418	0.032824	0
-0.014409	0.032827	0
-0.014404	0.032829	0
-0.014395	0.032832	0
-0.014386	0.032834	0
-0.014377	0.032837	0
-0.014368	0.03284	0
-0.014362	0.032842	0
-0.014353	0.032845	0
-0.014344	0.032847	0
-0.014335	0.03285	0
-0.014326	0.032853	0
-0.01432	0.032855	0
-0.014311	0.032858	0
-0.014302	0.03286	0
-0.014294	0.032863	0
-0.014285	0.032866	0
-0.014279	0.032868	0
-0.01427	0.032871	0
-0.014261	0.032873	0
-0.014252	0.032876	0
-0.014243	0.032879	0
-0.014237	0.032881	0
-0.014228	0.032883	0
-0.014219	0.032886	0
-0.01421	0.032889	0
-0.014201	0.032892	0
-0.014195	0.032893	0
-0.014186	0.032896	0
-0.014178	0.032899	0
-0.014169	0.032902	0
-0.01416	0.032904	0
-0.014154	0.032906	0
-0.014145	0.032909	0
-0.014136	0.032912	0
-0.014127	0.032914	0
-0.014118	0.032917	0
-0.014112	0.032919	0
-0.014103	0.032922	0
-0.014094	0.032924	0
-0.014085	0.032927	0
-0.014076	0.03293	0
-0.01407	0.032932	0
-0.014061	0.032934	0
-0.014052	0.032937	0
-0.014044	0.03294	0
-0.014035	0.032942	0
-0.014029	0.032944	0
-0.01402	0.032947	0
-0.014011	0.032949	0
-0.014002	0.032952	0
-0.013993	0.032955	0
-0.013987	0.032957	0
-0.013978	0.032959	0
-0.013969	0.032962	0
-0.01396	0.032965	0
-0.013951	0.032967	0
-0.013945	0.032969	0
-0.013936	0.032972	0
-0.013927	0.032974	0
-0.013918	0.032977	0
-0.013909	0.03298	0
-0.013903	0.032981	0
-0.013895	0.032984	0
-0.013886	0.032987	0
-0.013877	0.032989	0
-0.013868	0.032992	0
-0.013862	0.032994	0
-0.013853	0.032996	0
-0.013844	0.032999	0
-0.013835	0.033002	0
-0.013826	0.033004	0
-0.01382	0.033006	0
-0.013811	0.033009	0
-0.013802	0.033011	0
-0.013793	0.033014	0
-0.013784	0.033017	0
-0.013778	0.033018	0
-0.013769	0.033021	0
-0.01376	0.033024	0
-0.013751	0.033026	0
-0.013742	0.033029	0
-0.013736	0.033031	0
-0.013727	0.033033	0
-0.013719	0.033036	0
-0.01371	0.033038	0
-0.013701	0.033041	0
-0.013695	0.033043	0
-0.013686	0.033045	0
-0.013677	0.033048	0
-0.013668	0.03305	0
-0.013659	0.033053	0
-0.013653	0.033055	0
-0.013644	0.033057	0
-0.013635	0.03306	0
-0.013626	0.033062	0
-0.013617	0.033065	0
-0.013611	0.033067	0
-0.013602	0.033069	0
-0.013593	0.033072	0
-0.013584	0.033074	0
-0.013575	0.033077	0
-0.013569	0.033079	0
-0.01356	0.033081	0
-0.013551	0.033084	0
-0.013542	0.033086	0
-0.013533	0.033089	0
-0.013527	0.033091	0
-0.013518	0.033093	0
-0.013509	0.033096	0
-0.0135	0.033098	0
-0.013491	0.033101	0
-0.013485	0.033102	0
-0.013477	0.033105	0
-0.013468	0.033108	0
-0.013459	0.03311	0
-0.01345	0.033113	0
-0.013444	0.033114	0
-0.013435	0.033117	0
-0.013426	0.033119	0
-0.013417	0.033122	0
-0.013408	0.033124	0
-0.013402	0.033126	0
-0.013393	0.033128	0
-0.013384	0.033131	0
-0.013375	0.033134	0
-0.013366	0.033136	0
-0.01336	0.033138	0
-0.013351	0.03314	0
-0.013342	0.033143	0
-0.013333	0.033145	0
-0.013324	0.033148	0
-0.013318	0.033149	0
-0.013309	0.033152	0
-0.0133	0.033154	0
-0.013291	0.033157	0
-0.013282	0.033159	0
-0.013276	0.033161	0
-0.013267	0.033163	0
-0.013258	0.033166	0
-0.013249	0.033168	0
-0.01324	0.033171	0
-0.013234	0.033172	0
-0.013225	0.033175	0
-0.013216	0.033177	0
-0.013207	0.03318	0
-0.013198	0.033182	0
-0.013192	0.033184	0
-0.013183	0.033186	0
-0.013174	0.033189	0
-0.013165	0.033191	0
-0.013156	0.033194	0
-0.01315	0.033195	0
-0.013141	0.033198	0
-0.013132	0.0332	0
-0.013123	0.033202	0
-0.013114	0.033205	0
-0.013108	0.033207	0
-0.013099	0.033209	0
-0.01309	0.033211	0
-0.013081	0.033214	0
-0.013072	0.033216	0
-0.013066	0.033218	0
-0.013057	0.03322	0
-0.013048	0.033223	0
-0.013039	0.033225	0
-0.013031	0.033227	0
-0.013025	0.033229	0
-0.013016	0.033231	0
-0.013007	0.033234	0
-0.012998	0.033236	0
-0.012989	0.033239	0
-0.012983	0.03324	0
-0.012974	0.033243	0
-0.012965	0.033245	0
-0.012956	0.033247	0
-0.012947	0.03325	0
-0.012941	0.033251	0
-0.012932	0.033254	0
-0.012923	0.033256	0
-0.012914	0.033258	0
-0.012905	0.033261	0
-0.012899	0.033262	0
-0.01289	0.033265	0
-0.012881	0.033267	0
-0.012872	0.033269	0
-0.012863	0.033272	0
-0.012857	0.033273	0
-0.012848	0.033276	0
-0.012839	0.033278	0
-0.01283	0.03328	0
-0.012821	0.033283	0
-0.012815	0.033284	0
-0.012806	0.033287	0
-0.012797	0.033289	0
-0.012788	0.033291	0
-0.012779	0.033294	0
-0.012773	0.033295	0
-0.012764	0.033297	0
-0.012755	0.0333	0
-0.012746	0.033302	0
-0.012737	0.033304	0
-0.012731	0.033306	0
-0.012722	0.033308	0
-0.012713	0.033311	0
-0.012704	0.033313	0
-0.012695	0.033315	0
-0.012689	0.033317	0
-0.01268	0.033319	0
-0.012671	0.033321	0
-0.012662	0.033324	0
-0.012653	0.033326	0
-0.012647	0.033327	0
-0.012638	0.03333	0
-0.012629	0.033332	0
-0.01262	0.033334	0
-0.012611	0.033337	0
-0.012605	0.033338	0
-0.012595	0.03334	0
-0.012586	0.033343	0
-0.012577	0.033345	0
-0.012568	0.033347	0
-0.012562	0.033349	0
-0.012553	0.033351	0
-0.012544	0.033353	0
-0.012535	0.033356	0
-0.012526	0.033358	0
-0.01252	0.033359	0
-0.012511	0.033362	0
-0.012502	0.033364	0
-0.012493	0.033366	0
-0.012484	0.033368	0
-0.012478	0.03337	0
-0.012469	0.033372	0
-0.01246	0.033374	0
-0.012451	0.033376	0
-0.012442	0.033379	0
-0.012436	0.03338	0
-0.012427	0.033382	0
-0.012418	0.033385	0
-0.012409	0.033387	0
-0.0124	0.033389	0
-0.012394	0.033391	0
-0.012385	0.033393	0
-0.012376	0.033395	0
-0.012367	0.033397	0
-0.012358	0.033399	0
-0.012352	0.033401	0
-0.012343	0.033403	0
-0.012334	0.033405	0
-0.012325	0.033407	0
-0.012316	0.03341	0
-0.01231	0.033411	0
-0.012301	0.033413	0
-0.012292	0.033415	0
-0.012283	0.033418	0
-0.012274	0.03342	0
-0.012268	0.033421	0
-0.012259	0.033423	0
-0.01225	0.033426	0
-0.012241	0.033428	0
-0.012232	0.03343	0
-0.012226	0.033431	0
-0.012217	0.033434	0
-0.012208	0.033436	0
-0.012199	0.033438	0
-0.01219	0.03344	0
-0.012184	0.033442	0
-0.012175	0.033444	0
-0.012166	0.033446	0
-0.012157	0.033448	0
-0.012148	0.03345	0
-0.012142	0.033452	0
-0.012133	0.033454	0
-0.012124	0.033456	0
-0.012115	0.033458	0
-0.012106	0.03346	0
-0.0121	0.033462	0
-0.01209	0.033464	0
-0.012081	0.033466	0
-0.012072	0.033468	0
-0.012063	0.03347	0
-0.012057	0.033471	0
-0.012048	0.033474	0
-0.012039	0.033476	0
-0.01203	0.033478	0
-0.012021	0.03348	0
-0.012015	0.033481	0
-0.012006	0.033483	0
-0.011997	0.033485	0
-0.011988	0.033488	0
-0.011979	0.03349	0
-0.011973	0.033491	0
-0.011964	0.033493	0
-0.011955	0.033495	0
-0.011946	0.033497	0
-0.011937	0.033499	0
-0.011931	0.033501	0
-0.011922	0.033503	0
-0.011913	0.033505	0
-0.011904	0.033507	0
-0.011895	0.033509	0
-0.011889	0.03351	0
-0.01188	0.033513	0
-0.011871	0.033515	0
-0.011862	0.033517	0
-0.011853	0.033519	0
-0.011847	0.03352	0
-0.011838	0.033522	0
-0.011829	0.033524	0
-0.01182	0.033526	0
-0.011811	0.033528	0
-0.011805	0.03353	0
-0.011796	0.033532	0
-0.011786	0.033534	0
-0.011777	0.033536	0
-0.011768	0.033538	0
-0.011762	0.033539	0
-0.011753	0.033541	0
-0.011744	0.033543	0
-0.011735	0.033545	0
-0.011726	0.033547	0
-0.01172	0.033549	0
-0.011711	0.033551	0
-0.011702	0.033553	0
-0.011693	0.033555	0
-0.011684	0.033557	0
-0.011678	0.033558	0
-0.011669	0.03356	0
-0.01166	0.033562	0
-0.011651	0.033564	0
-0.011642	0.033566	0
-0.011636	0.033567	0
-0.011627	0.033569	0
-0.011618	0.033571	0
-0.011609	0.033573	0
-0.0116	0.033575	0
-0.011594	0.033577	0
-0.011585	0.033579	0
-0.011576	0.033581	0
-0.011567	0.033583	0
-0.011558	0.033585	0
-0.011552	0.033586	0
-0.011543	0.033588	0
-0.011533	0.03359	0
-0.011524	0.033592	0
-0.011515	0.033594	0
-0.011509	0.033595	0
-0.0115	0.033597	0
-0.011491	0.033599	0
-0.011482	0.033601	0
-0.011473	0.033603	0
-0.011467	0.033604	0
-0.011458	0.033606	0
-0.011449	0.033608	0
-0.01144	0.03361	0
-0.011431	0.033612	0
-0.011425	0.033613	0
-0.011416	0.033615	0
-0.011407	0.033617	0
-0.011398	0.033619	0
-0.011389	0.033621	0
-0.011383	0.033622	0
-0.011374	0.033624	0
-0.011365	0.033626	0
-0.011356	0.033628	0
-0.011347	0.03363	0
-0.011341	0.033631	0
-0.011332	0.033633	0
-0.011323	0.033635	0
-0.011314	0.033637	0
-0.011304	0.033639	0
-0.011298	0.03364	0
-0.011289	0.033642	0
-0.01128	0.033644	0
-0.011271	0.033646	0
-0.011262	0.033648	0
-0.011256	0.033649	0
-0.011247	0.033651	0
-0.011238	0.033653	0
-0.011229	0.033654	0
-0.01122	0.033656	0
-0.011214	0.033658	0
-0.011205	0.033659	0
-0.011196	0.033661	0
-0.011187	0.033663	0
-0.011178	0.033665	0
-0.011172	0.033666	0
-0.011163	0.033668	0
-0.011154	0.03367	0
-0.011145	0.033672	0
-0.011136	0.033674	0
-0.01113	0.033675	0
-0.011121	0.033677	0
-0.011112	0.033679	0
-0.011103	0.03368	0
-0.011093	0.033682	0
-0.011087	0.033683	0
-0.011078	0.033685	0
-0.011069	0.033687	0
-0.01106	0.033689	0
-0.011051	0.033691	0
-0.011045	0.033692	0
-0.011036	0.033694	0
-0.011027	0.033696	0
-0.011018	0.033697	0
-0.011009	0.033699	0
-0.011003	0.0337	0
-0.010994	0.033702	0
-0.010985	0.033704	0
-0.010976	0.033706	0
-0.010967	0.033708	0
-0.010961	0.033709	0
-0.010952	0.033711	0
-0.010943	0.033712	0
-0.010934	0.033714	0
-0.010925	0.033716	0
-0.010919	0.033717	0
-0.01091	0.033719	0
-0.010901	0.033721	0
-0.010891	0.033723	0
-0.010882	0.033724	0
-0.010876	0.033725	0
-0.010867	0.033727	0
-0.010858	0.033729	0
-0.010849	0.033731	0
-0.01084	0.033733	0
-0.010834	0.033734	0
-0.010825	0.033735	0
-0.010816	0.033737	0
-0.010807	0.033739	0
-0.010798	0.033741	0
-0.010792	0.033742	0
-0.010783	0.033744	0
-0.010774	0.033745	0
-0.010765	0.033747	0
-0.010756	0.033749	0
-0.01075	0.03375	0
-0.010741	0.033752	0
-0.010732	0.033753	0
-0.010723	0.033755	0
-0.010714	0.033757	0
-0.010708	0.033758	0
-0.010699	0.03376	0
-0.010689	0.033762	0
-0.01068	0.033763	0
-0.010671	0.033765	0
-0.010665	0.033766	0
-0.010656	0.033768	0
-0.010647	0.033769	0
-0.010638	0.033771	0
-0.010629	0.033773	0
-0.010623	0.033774	0
-0.010614	0.033776	0
-0.010605	0.033777	0
-0.010596	0.033779	0
-0.010587	0.033781	0
-0.010581	0.033782	0
-0.010572	0.033784	0
-0.010563	0.033785	0
-0.010554	0.033787	0
-0.010545	0.033789	0
-0.010539	0.03379	0
-0.01053	0.033791	0
-0.010521	0.033793	0
-0.010512	0.033795	0
-0.010503	0.033796	0
-0.010497	0.033797	0
-0.010488	0.033799	0
-0.010478	0.033801	0
-0.010469	0.033802	0
-0.01046	0.033804	0
-0.010454	0.033805	0
-0.010445	0.033807	0
-0.010436	0.033808	0
-0.010427	0.03381	0
-0.010418	0.033812	0
-0.010412	0.033813	0
-0.010403	0.033814	0
-0.010394	0.033816	0
-0.010385	0.033818	0
-0.010376	0.033819	0
-0.01037	0.03382	0
-0.010361	0.033822	0
-0.010352	0.033824	0
-0.010343	0.033825	0
-0.010334	0.033827	0
-0.010328	0.033828	0
-0.010319	0.03383	0
-0.01031	0.033831	0
-0.010301	0.033833	0
-0.010292	0.033834	0
-0.010286	0.033835	0
-0.010277	0.033837	0
-0.010268	0.033839	0
-0.010258	0.03384	0
-0.010249	0.033842	0
-0.010243	0.033843	0
-0.010234	0.033844	0
-0.010225	0.033846	0
-0.010216	0.033848	0
-0.010207	0.033849	0
-0.010201	0.03385	0
-0.010192	0.033852	0
-0.010183	0.033853	0
-0.010174	0.033855	0
-0.010165	0.033856	0
-0.010159	0.033857	0
-0.01015	0.033859	0
-0.010141	0.033861	0
-0.010132	0.033862	0
-0.010123	0.033864	0
-0.010117	0.033865	0
-0.010108	0.033866	0
-0.010099	0.033868	0
-0.01009	0.033869	0
-0.010081	0.033871	0
-0.010075	0.033872	0
-0.010066	0.033873	0
-0.010057	0.033875	0
-0.010048	0.033876	0
-0.010039	0.033878	0
-0.010033	0.033879	0
-0.010024	0.033881	0
-0.010014	0.033882	0
-0.010005	0.033884	0
-0.0099964	0.033885	0
-0.0099904	0.033886	0
-0.0099813	0.033888	0
-0.0099723	0.033889	0
-0.0099633	0.033891	0
-0.0099542	0.033892	0
-0.0099482	0.033893	0
-0.0099392	0.033895	0
-0.0099302	0.033896	0
-0.0099211	0.033898	0
-0.0099121	0.033899	0
-0.0099061	0.0339	0
-0.009897	0.033901	0
-0.009888	0.033903	0
-0.009879	0.033904	0
-0.0098699	0.033906	0
-0.0098639	0.033907	0
-0.0098549	0.033908	0
-0.0098459	0.03391	0
-0.0098368	0.033911	0
-0.0098278	0.033913	0
-0.0098218	0.033914	0
-0.0098128	0.033915	0
-0.0098037	0.033917	0
-0.0097947	0.033918	0
-0.0097857	0.033919	0
-0.0097797	0.03392	0
-0.0097706	0.033922	0
-0.0097616	0.033923	0
-0.0097526	0.033925	0
-0.0097435	0.033926	0
-0.0097375	0.033927	0
-0.0097285	0.033929	0
-0.0097195	0.03393	0
-0.0097104	0.033931	0
-0.0097014	0.033933	0
-0.0096954	0.033934	0
-0.0096864	0.033935	0
-0.0096774	0.033937	0
-0.0096683	0.033938	0
-0.0096593	0.033939	0
-0.0096533	0.03394	0
-0.0096443	0.033942	0
-0.0096352	0.033943	0
-0.0096262	0.033945	0
-0.0096172	0.033946	0
-0.0096112	0.033947	0
-0.0096022	0.033948	0
-0.0095931	0.03395	0
-0.0095841	0.033951	0
-0.0095751	0.033952	0
-0.0095691	0.033953	0
-0.0095601	0.033955	0
-0.0095511	0.033956	0
-0.009542	0.033957	0
-0.009533	0.033959	0
-0.009527	0.03396	0
-0.009518	0.033961	0
-0.009509	0.033962	0
-0.0094999	0.033964	0
-0.0094909	0.033965	0
-0.0094849	0.033966	0
-0.0094759	0.033967	0
-0.0094669	0.033969	0
-0.0094579	0.03397	0
-0.0094489	0.033971	0
-0.0094428	0.033972	0
-0.0094338	0.033974	0
-0.0094248	0.033975	0
-0.0094158	0.033976	0
-0.0094068	0.033978	0
-0.0094008	0.033979	0
-0.0093918	0.03398	0
-0.0093828	0.033981	0
-0.0093737	0.033983	0
-0.0093647	0.033984	0
-0.0093587	0.033985	0
-0.0093497	0.033986	0
-0.0093407	0.033987	0
-0.0093317	0.033989	0
-0.0093227	0.03399	0
-0.0093167	0.033991	0
-0.0093077	0.033992	0
-0.0092987	0.033993	0
-0.0092897	0.033995	0
-0.0092807	0.033996	0
-0.0092747	0.033997	0
-0.0092656	0.033998	0
-0.0092566	0.033999	0
-0.0092476	0.034001	0
-0.0092386	0.034002	0
-0.0092326	0.034003	0
-0.0092236	0.034004	0
-0.0092146	0.034005	0
-0.0092056	0.034007	0
-0.0091966	0.034008	0
-0.0091906	0.034009	0
-0.0091816	0.03401	0
-0.0091726	0.034011	0
-0.0091636	0.034013	0
-0.0091546	0.034014	0
-0.0091486	0.034015	0
-0.0091396	0.034016	0
-0.0091306	0.034017	0
-0.0091216	0.034018	0
-0.0091126	0.03402	0
-0.0091066	0.03402	0
-0.0090976	0.034022	0
-0.0090886	0.034023	0
-0.0090796	0.034024	0
-0.0090707	0.034025	0
-0.0090647	0.034026	0
-0.0090557	0.034027	0
-0.0090467	0.034029	0
-0.0090377	0.03403	0
-0.0090287	0.034031	0
-0.0090227	0.034032	0
-0.0090137	0.034033	0
-0.0090047	0.034034	0
-0.0089957	0.034035	0
-0.0089867	0.034037	0
-0.0089807	0.034037	0
-0.0089718	0.034039	0
-0.0089628	0.03404	0
-0.0089538	0.034041	0
-0.0089448	0.034042	0
-0.0089388	0.034043	0
-0.0089298	0.034044	0
-0.0089208	0.034045	0
-0.0089119	0.034047	0
-0.0089029	0.034048	0
-0.0088969	0.034049	0
-0.0088879	0.03405	0
-0.0088789	0.034051	0
-0.0088699	0.034052	0
-0.008861	0.034053	0
-0.008855	0.034054	0
-0.008846	0.034055	0
-0.008837	0.034056	0
-0.008828	0.034057	0
-0.0088191	0.034059	0
-0.0088131	0.034059	0
-0.0088041	0.03406	0
-0.0087951	0.034062	0
-0.0087862	0.034063	0
-0.0087772	0.034064	0
-0.0087712	0.034065	0
-0.0087622	0.034066	0
-0.0087533	0.034067	0
-0.0087443	0.034068	0
-0.0087353	0.034069	0
-0.0087293	0.03407	0
-0.0087204	0.034071	0
-0.0087114	0.034072	0
-0.0087024	0.034073	0
-0.0086935	0.034074	0
-0.0086875	0.034075	0
-0.0086785	0.034076	0
-0.0086696	0.034077	0
-0.0086606	0.034078	0
-0.0086516	0.034079	0
-0.0086457	0.03408	0
-0.0086367	0.034081	0
-0.0086277	0.034082	0
-0.0086188	0.034083	0
-0.0086098	0.034085	0
-0.0086038	0.034085	0
-0.0085949	0.034086	0
-0.0085859	0.034087	0
-0.008577	0.034088	0
-0.008568	0.03409	0
-0.008562	0.03409	0
-0.0085531	0.034091	0
-0.0085441	0.034092	0
-0.0085352	0.034093	0
-0.0085262	0.034094	0
-0.0085203	0.034095	0
-0.0085113	0.034096	0
-0.0085024	0.034097	0
-0.0084934	0.034098	0
-0.0084845	0.034099	0
-0.0084785	0.0341	0
-0.0084696	0.034101	0
-0.0084606	0.034102	0
-0.0084517	0.034103	0
-0.0084427	0.034104	0
-0.0084368	0.034105	0
-0.0084278	0.034106	0
-0.0084189	0.034107	0
-0.00841	0.034108	0
-0.008401	0.034109	0
-0.0083951	0.03411	0
-0.0083861	0.034111	0
-0.0083772	0.034112	0
-0.0083682	0.034113	0
-0.0083593	0.034114	0
-0.0083534	0.034114	0
-0.0083444	0.034115	0
-0.0083355	0.034116	0
-0.0083266	0.034117	0
-0.0083176	0.034118	0
-0.0083117	0.034119	0
-0.0083027	0.03412	0
-0.0082938	0.034121	0
-0.0082849	0.034122	0
-0.008276	0.034123	0
-0.00827	0.034124	0
-0.0082611	0.034125	0
-0.0082522	0.034125	0
-0.0082433	0.034126	0
-0.0082343	0.034127	0
-0.0082284	0.034128	0
-0.0082195	0.034129	0
-0.0082105	0.03413	0
-0.0082016	0.034131	0
-0.0081927	0.034132	0
-0.0081868	0.034132	0
-0.0081779	0.034133	0
-0.0081689	0.034134	0
-0.00816	0.034135	0
-0.0081511	0.034136	0
-0.0081452	0.034137	0
-0.0081363	0.034138	0
-0.0081274	0.034139	0
-0.0081185	0.03414	0
-0.0081096	0.034141	0
-0.0081036	0.034141	0
-0.0080947	0.034142	0
-0.0080858	0.034143	0
-0.0080769	0.034144	0
-0.008068	0.034145	0
-0.0080621	0.034145	0
-0.0080532	0.034146	0
-0.0080443	0.034147	0
-0.0080354	0.034148	0
-0.0080265	0.034149	0
-0.0080206	0.03415	0
-0.0080117	0.034151	0
-0.0080028	0.034151	0
-0.0079939	0.034152	0
-0.007985	0.034153	0
-0.0079791	0.034154	0
-0.0079702	0.034155	0
-0.0079613	0.034156	0
-0.0079524	0.034156	0
-0.0079435	0.034157	0
-0.0079376	0.034158	0
-0.0079287	0.034159	0
-0.0079199	0.03416	0
-0.007911	0.03416	0
-0.0079021	0.034161	0
-0.0078962	0.034162	0
-0.0078873	0.034163	0
-0.0078784	0.034164	0
-0.0078696	0.034164	0
-0.0078607	0.034165	0
-0.0078548	0.034166	0
-0.0078459	0.034167	0
-0.0078371	0.034167	0
-0.0078282	0.034168	0
-0.0078193	0.034169	0
-0.0078134	0.03417	0
-0.0078045	0.03417	0
-0.0077957	0.034171	0
-0.0077868	0.034172	0
-0.007778	0.034173	0
-0.0077721	0.034173	0
-0.0077632	0.034174	0
-0.0077544	0.034175	0
-0.0077455	0.034176	0
-0.0077367	0.034177	0
-0.0077308	0.034177	0
-0.0077219	0.034178	0
-0.0077131	0.034179	0
-0.0077042	0.03418	0
-0.0076954	0.03418	0
-0.0076895	0.034181	0
-0.0076806	0.034182	0
-0.0076718	0.034182	0
-0.0076629	0.034183	0
-0.0076541	0.034184	0
-0.0076482	0.034185	0
-0.0076394	0.034185	0
-0.0076306	0.034186	0
-0.0076217	0.034187	0
-0.0076129	0.034188	0
-0.007607	0.034188	0
-0.0075982	0.034189	0
-0.0075894	0.03419	0
-0.0075805	0.03419	0
-0.0075717	0.034191	0
-0.0075658	0.034192	0
-0.007557	0.034192	0
-0.0075482	0.034193	0
-0.0075394	0.034194	0
-0.0075306	0.034195	0
-0.0075247	0.034195	0
-0.0075159	0.034196	0
-0.0075071	0.034196	0
-0.0074982	0.034197	0
-0.0074894	0.034198	0
-0.0074836	0.034198	0
-0.0074748	0.034199	0
-0.007466	0.0342	0
-0.0074572	0.034201	0
-0.0074484	0.034201	0
-0.0074425	0.034202	0
-0.0074337	0.034202	0
-0.0074249	0.034203	0
-0.0074161	0.034204	0
-0.0074073	0.034204	0
-0.0074015	0.034205	0
-0.0073927	0.034206	0
-0.0073839	0.034206	0
-0.0073751	0.034207	0
-0.0073663	0.034208	0
-0.0073605	0.034208	0
-0.0073517	0.034209	0
-0.0073429	0.034209	0
-0.0073341	0.03421	0
-0.0073254	0.034211	0
-0.0073195	0.034211	0
-0.0073107	0.034212	0
-0.007302	0.034213	0
-0.0072932	0.034213	0
-0.0072844	0.034214	0
-0.0072786	0.034214	0
-0.0072698	0.034215	0
-0.0072611	0.034216	0
-0.0072523	0.034216	0
-0.0072436	0.034217	0
-0.0072377	0.034217	0
-0.007229	0.034218	0
-0.0072202	0.034218	0
-0.0072115	0.034219	0
-0.0072027	0.03422	0
-0.0071969	0.03422	0
-0.0071882	0.034221	0
-0.0071794	0.034221	0
-0.0071707	0.034222	0
-0.0071619	0.034223	0
-0.0071561	0.034223	0
-0.0071474	0.034224	0
-0.0071386	0.034224	0
-0.0071299	0.034225	0
-0.0071212	0.034225	0
-0.0071153	0.034226	0
-0.0071066	0.034226	0
-0.0070979	0.034227	0
-0.0070891	0.034228	0
-0.0070804	0.034228	0
-0.0070746	0.034229	0
-0.0070658	0.034229	0
-0.0070571	0.03423	0
-0.0070483	0.03423	0
-0.0070396	0.034231	0
-0.0070337	0.034231	0
-0.007025	0.034232	0
-0.0070162	0.034232	0
-0.0070075	0.034233	0
-0.0069987	0.034233	0
-0.0069929	0.034234	0
-0.0069841	0.034234	0
-0.0069754	0.034235	0
-0.0069666	0.034235	0
-0.0069579	0.034236	0
-0.006952	0.034236	0
-0.0069433	0.034237	0
-0.0069345	0.034237	0
-0.0069258	0.034238	0
-0.006917	0.034238	0
-0.0069112	0.034239	0
-0.0069024	0.034239	0
-0.0068936	0.03424	0
-0.0068849	0.03424	0
-0.0068761	0.034241	0
-0.0068702	0.034241	0
-0.0068615	0.034242	0
-0.0068527	0.034242	0
-0.0068439	0.034243	0
-0.0068352	0.034243	0
-0.0068293	0.034244	0
-0.0068205	0.034244	0
-0.0068118	0.034245	0
-0.006803	0.034245	0
-0.0067942	0.034246	0
-0.0067884	0.034246	0
-0.0067796	0.034246	0
-0.0067708	0.034247	0
-0.006762	0.034247	0
-0.0067532	0.034248	0
-0.0067474	0.034248	0
-0.0067386	0.034249	0
-0.0067298	0.034249	0
-0.006721	0.03425	0
-0.0067122	0.03425	0
-0.0067064	0.03425	0
-0.0066976	0.034251	0
-0.0066888	0.034251	0
-0.00668	0.034252	0
-0.0066712	0.034252	0
-0.0066654	0.034252	0
-0.0066566	0.034253	0
-0.0066478	0.034253	0
-0.006639	0.034254	0
-0.0066302	0.034254	0
-0.0066243	0.034254	0
-0.0066155	0.034255	0
-0.0066067	0.034255	0
-0.0065979	0.034256	0
-0.0065891	0.034256	0
-0.0065833	0.034256	0
-0.0065745	0.034257	0
-0.0065656	0.034257	0
-0.0065568	0.034258	0
-0.006548	0.034258	0
-0.0065422	0.034258	0
-0.0065334	0.034259	0
-0.0065246	0.034259	0
-0.0065157	0.03426	0
-0.0065069	0.03426	0
-0.0065011	0.03426	0
-0.0064923	0.034261	0
-0.0064834	0.034261	0
-0.0064746	0.034261	0
-0.0064658	0.034262	0
-0.0064599	0.034262	0
-0.0064511	0.034263	0
-0.0064423	0.034263	0
-0.0064335	0.034263	0
-0.0064247	0.034264	0
-0.0064188	0.034264	0
-0.00641	0.034264	0
-0.0064011	0.034265	0
-0.0063923	0.034265	0
-0.0063835	0.034265	0
-0.0063776	0.034266	0
-0.0063688	0.034266	0
-0.00636	0.034266	0
-0.0063511	0.034267	0
-0.0063423	0.034267	0
-0.0063364	0.034267	0
-0.0063276	0.034268	0
-0.0063188	0.034268	0
-0.0063099	0.034268	0
-0.0063011	0.034269	0
-0.0062952	0.034269	0
-0.0062864	0.034269	0
-0.0062775	0.034269	0
-0.0062687	0.03427	0
-0.0062599	0.03427	0
-0.006254	0.03427	0
-0.0062451	0.034271	0
-0.0062363	0.034271	0
-0.0062275	0.034271	0
-0.0062186	0.034272	0
-0.0062127	0.034272	0
-0.0062039	0.034272	0
-0.006195	0.034272	0
-0.0061862	0.034273	0
-0.0061774	0.034273	0
-0.0061715	0.034273	0
-0.0061626	0.034273	0
-0.0061538	0.034274	0
-0.0061449	0.034274	0
-0.0061361	0.034274	0
-0.0061302	0.034275	0
-0.0061213	0.034275	0
-0.0061125	0.034275	0
-0.0061036	0.034275	0
-0.0060948	0.034276	0
-0.0060889	0.034276	0
-0.00608	0.034276	0
-0.0060712	0.034276	0
-0.0060623	0.034277	0
-0.0060534	0.034277	0
-0.0060475	0.034277	0
-0.0060387	0.034277	0
-0.0060298	0.034278	0
-0.006021	0.034278	0
-0.0060121	0.034278	0
-0.0060062	0.034278	0
-0.0059973	0.034278	0
-0.0059885	0.034279	0
-0.0059796	0.034279	0
-0.0059707	0.034279	0
-0.0059648	0.034279	0
-0.005956	0.03428	0
-0.0059471	0.03428	0
-0.0059382	0.03428	0
-0.0059294	0.03428	0
-0.0059234	0.03428	0
-0.0059146	0.034281	0
-0.0059057	0.034281	0
-0.0058968	0.034281	0
-0.005888	0.034281	0
-0.005882	0.034281	0
-0.0058732	0.034282	0
-0.0058643	0.034282	0
-0.0058554	0.034282	0
-0.0058465	0.034282	0
-0.0058406	0.034282	0
-0.0058317	0.034282	0
-0.0058229	0.034283	0
-0.005814	0.034283	0
-0.0058051	0.034283	0
-0.0057992	0.034283	0
-0.0057903	0.034283	0
-0.0057814	0.034283	0
-0.0057725	0.034284	0
-0.0057636	0.034284	0
-0.0057577	0.034284	0
-0.0057488	0.034284	0
-0.0057399	0.034284	0
-0.0057311	0.034284	0
-0.0057222	0.034285	0
-0.0057162	0.034285	0
-0.0057073	0.034285	0
-0.0056985	0.034285	0
-0.0056896	0.034285	0
-0.0056807	0.034285	0
-0.0056747	0.034285	0
-0.0056659	0.034285	0
-0.005657	0.034286	0
-0.0056481	0.034286	0
-0.0056392	0.034286	0
-0.0056332	0.034286	0
-0.0056243	0.034286	0
-0.0056154	0.034286	0
-0.0056065	0.034286	0
-0.0055976	0.034286	0
-0.0055917	0.034287	0
-0.0055828	0.034287	0
-0.0055739	0.034287	0
-0.005565	0.034287	0
-0.0055561	0.034287	0
-0.0055502	0.034287	0
-0.0055413	0.034287	0
-0.0055323	0.034287	0
-0.0055234	0.034287	0
-0.0055145	0.034287	0
-0.0055086	0.034287	0
-0.0054997	0.034288	0
-0.0054908	0.034288	0
-0.0054819	0.034288	0
-0.005473	0.034288	0
-0.005467	0.034288	0
-0.0054581	0.034288	0
-0.0054492	0.034288	0
-0.0054403	0.034288	0
-0.0054314	0.034288	0
-0.0054254	0.034288	0
-0.0054165	0.034288	0
-0.0054076	0.034288	0
-0.0053987	0.034288	0
-0.0053898	0.034288	0
-0.0053838	0.034288	0
-0.0053749	0.034289	0
-0.005366	0.034289	0
-0.005357	0.034289	0
-0.0053481	0.034289	0
-0.0053422	0.034289	0
-0.0053333	0.034289	0
-0.0053243	0.034289	0
-0.0053154	0.034289	0
-0.0053065	0.034289	0
-0.0053005	0.034289	0
-0.0052916	0.034289	0
-0.0052827	0.034289	0
-0.0052738	0.034289	0
-0.0052648	0.034289	0
-0.0052589	0.034289	0
-0.0052499	0.034289	0
-0.005241	0.034289	0
-0.0052321	0.034289	0
-0.0052231	0.034289	0
-0.0052172	0.034289	0
-0.0052083	0.034289	0
-0.0051993	0.034289	0
-0.0051904	0.034289	0
-0.0051815	0.034289	0
-0.0051755	0.034289	0
-0.0051666	0.034289	0
-0.0051576	0.034289	0
-0.0051487	0.034289	0
-0.0051397	0.034289	0
-0.0051338	0.034289	0
-0.0051248	0.034289	0
-0.0051159	0.034289	0
-0.005107	0.034289	0
-0.005098	0.034289	0
-0.0050921	0.034289	0
-0.0050831	0.034289	0
-0.0050742	0.034289	0
-0.0050652	0.034289	0
-0.0050563	0.034289	0
-0.0050503	0.034289	0
-0.0050414	0.034289	0
-0.0050324	0.034288	0
-0.0050235	0.034288	0
-0.0050145	0.034288	0
-0.0050086	0.034288	0
-0.0049996	0.034288	0
-0.0049907	0.034288	0
-0.0049817	0.034288	0
-0.0049728	0.034288	0
-0.0049668	0.034288	0
-0.0049578	0.034288	0
-0.0049489	0.034288	0
-0.0049399	0.034288	0
-0.004931	0.034288	0
-0.004925	0.034288	0
-0.0049161	0.034288	0
-0.0049071	0.034287	0
-0.0048981	0.034287	0
-0.0048892	0.034287	0
-0.0048832	0.034287	0
-0.0048742	0.034287	0
-0.0048653	0.034287	0
-0.0048563	0.034287	0
-0.0048474	0.034287	0
-0.0048414	0.034287	0
-0.0048324	0.034287	0
-0.0048235	0.034286	0
-0.0048145	0.034286	0
-0.0048055	0.034286	0
-0.0047996	0.034286	0
-0.0047906	0.034286	0
-0.0047816	0.034286	0
-0.0047727	0.034286	0
-0.0047637	0.034286	0
-0.0047577	0.034286	0
-0.0047488	0.034285	0
-0.0047398	0.034285	0
-0.0047308	0.034285	0
-0.0047218	0.034285	0
-0.0047159	0.034285	0
-0.0047069	0.034285	0
-0.0046979	0.034285	0
-0.0046889	0.034284	0
-0.00468	0.034284	0
-0.004674	0.034284	0
-0.004665	0.034284	0
-0.004656	0.034284	0
-0.0046471	0.034284	0
-0.0046381	0.034284	0
-0.0046321	0.034283	0
-0.0046231	0.034283	0
-0.0046141	0.034283	0
-0.0046052	0.034283	0
-0.0045962	0.034283	0
-0.0045902	0.034283	0
-0.0045812	0.034282	0
-0.0045722	0.034282	0
-0.0045633	0.034282	0
-0.0045543	0.034282	0
-0.0045483	0.034282	0
-0.0045393	0.034281	0
-0.0045303	0.034281	0
-0.0045213	0.034281	0
-0.0045124	0.034281	0
-0.0045064	0.034281	0
-0.0044974	0.034281	0
-0.0044884	0.03428	0
-0.0044794	0.03428	0
-0.0044704	0.03428	0
-0.0044644	0.03428	0
-0.0044554	0.03428	0
-0.0044464	0.034279	0
-0.0044375	0.034279	0
-0.0044285	0.034279	0
-0.0044225	0.034279	0
-0.0044135	0.034278	0
-0.0044045	0.034278	0
-0.0043955	0.034278	0
-0.0043865	0.034278	0
-0.0043805	0.034278	0
-0.0043715	0.034277	0
-0.0043625	0.034277	0
-0.0043535	0.034277	0
-0.0043445	0.034277	0
-0.0043385	0.034276	0
-0.0043295	0.034276	0
-0.0043205	0.034276	0
-0.0043115	0.034276	0
-0.0043025	0.034275	0
-0.0042965	0.034275	0
-0.0042875	0.034275	0
-0.0042785	0.034275	0
-0.0042695	0.034274	0
-0.0042605	0.034274	0
-0.0042545	0.034274	0
-0.0042455	0.034274	0
-0.0042365	0.034273	0
-0.0042275	0.034273	0
-0.0042185	0.034273	0
-0.0042125	0.034273	0
-0.0042035	0.034272	0
-0.0041945	0.034272	0
-0.0041855	0.034272	0
-0.0041765	0.034271	0
-0.0041705	0.034271	0
-0.0041615	0.034271	0
-0.0041525	0.03427	0
-0.0041435	0.03427	0
-0.0041344	0.03427	0
-0.0041284	0.03427	0
-0.0041194	0.034269	0
-0.0041104	0.034269	0
-0.0041014	0.034269	0
-0.0040924	0.034268	0
-0.0040864	0.034268	0
-0.0040774	0.034268	0
-0.0040684	0.034267	0
-0.0040593	0.034267	0
-0.0040503	0.034267	0
-0.0040443	0.034267	0
-0.0040353	0.034266	0
-0.0040263	0.034266	0
-0.0040173	0.034265	0
-0.0040083	0.034265	0
-0.0040022	0.034265	0
-0.0039932	0.034265	0
-0.0039842	0.034264	0
-0.0039752	0.034264	0
-0.0039662	0.034263	0
-0.0039602	0.034263	0
-0.0039511	0.034263	0
-0.0039421	0.034262	0
-0.0039331	0.034262	0
-0.0039241	0.034262	0
-0.0039181	0.034261	0
-0.003909	0.034261	0
-0.0039	0.034261	0
-0.003891	0.03426	0
-0.003882	0.03426	0
-0.0038759	0.03426	0
-0.0038669	0.034259	0
-0.0038579	0.034259	0
-0.0038489	0.034258	0
-0.0038398	0.034258	0
-0.0038338	0.034258	0
-0.0038248	0.034257	0
-0.0038158	0.034257	0
-0.0038067	0.034257	0
-0.0037977	0.034256	0
-0.0037917	0.034256	0
-0.0037827	0.034255	0
-0.0037736	0.034255	0
-0.0037646	0.034255	0
-0.0037556	0.034254	0
-0.0037495	0.034254	0
-0.0037405	0.034253	0
-0.0037315	0.034253	0
-0.0037224	0.034253	0
-0.0037134	0.034252	0
-0.0037074	0.034252	0
-0.0036984	0.034251	0
-0.0036893	0.034251	0
-0.0036803	0.034251	0
-0.0036712	0.03425	0
-0.0036652	0.03425	0
-0.0036562	0.034249	0
-0.0036471	0.034249	0
-0.0036381	0.034248	0
-0.0036291	0.034248	0
-0.003623	0.034248	0
-0.003614	0.034247	0
-0.003605	0.034247	0
-0.0035959	0.034246	0
-0.0035869	0.034246	0
-0.0035809	0.034245	0
-0.0035718	0.034245	0
-0.0035628	0.034244	0
-0.0035537	0.034244	0
-0.0035447	0.034243	0
-0.0035387	0.034243	0
-0.0035296	0.034243	0
-0.0035206	0.034242	0
-0.0035115	0.034242	0
-0.0035025	0.034241	0
-0.0034965	0.034241	0
-0.0034874	0.03424	0
-0.0034784	0.03424	0
-0.0034693	0.034239	0
-0.0034603	0.034239	0
-0.0034543	0.034238	0
-0.0034452	0.034238	0
-0.0034362	0.034237	0
-0.0034271	0.034237	0
-0.0034181	0.034236	0
-0.003412	0.034236	0
-0.003403	0.034236	0
-0.0033939	0.034235	0
-0.0033849	0.034234	0
-0.0033758	0.034234	0
-0.0033698	0.034234	0
-0.0033607	0.034233	0
-0.0033517	0.034232	0
-0.0033426	0.034232	0
-0.0033336	0.034231	0
-0.0033276	0.034231	0
-0.0033185	0.03423	0
-0.0033095	0.03423	0
-0.0033004	0.034229	0
-0.0032913	0.034229	0
-0.0032853	0.034228	0
-0.0032763	0.034228	0
-0.0032672	0.034227	0
-0.0032581	0.034227	0
-0.0032491	0.034226	0
-0.0032431	0.034226	0
-0.003234	0.034225	0
-0.0032249	0.034225	0
-0.0032159	0.034224	0
-0.0032068	0.034223	0
-0.0032008	0.034223	0
-0.0031917	0.034223	0
-0.0031827	0.034222	0
-0.0031736	0.034221	0
-0.0031646	0.034221	0
-0.0031585	0.03422	0
-0.0031495	0.03422	0
-0.0031404	0.034219	0
-0.0031313	0.034219	0
-0.0031223	0.034218	0
-0.0031162	0.034218	0
-0.0031072	0.034217	0
-0.0030981	0.034216	0
-0.0030891	0.034216	0
-0.00308	0.034215	0
-0.003074	0.034215	0
-0.0030649	0.034214	0
-0.0030558	0.034213	0
-0.0030468	0.034213	0
-0.0030377	0.034212	0
-0.0030317	0.034212	0
-0.0030226	0.034211	0
-0.0030135	0.03421	0
-0.0030045	0.03421	0
-0.0029954	0.034209	0
-0.0029894	0.034209	0
-0.0029803	0.034208	0
-0.0029712	0.034207	0
-0.0029622	0.034207	0
-0.0029531	0.034206	0
-0.0029471	0.034206	0
-0.002938	0.034205	0
-0.0029289	0.034204	0
-0.0029199	0.034204	0
-0.0029108	0.034203	0
-0.0029047	0.034203	0
-0.0028957	0.034202	0
-0.0028866	0.034201	0
-0.0028775	0.034201	0
-0.0028685	0.0342	0
-0.0028624	0.034199	0
-0.0028534	0.034199	0
-0.0028443	0.034198	0
-0.0028352	0.034197	0
-0.0028262	0.034197	0
-0.0028201	0.034196	0
-0.002811	0.034196	0
-0.002802	0.034195	0
-0.0027929	0.034194	0
-0.0027838	0.034193	0
-0.0027778	0.034193	0
-0.0027687	0.034192	0
-0.0027596	0.034192	0
-0.0027506	0.034191	0
-0.0027415	0.03419	0
-0.0027354	0.03419	0
-0.0027264	0.034189	0
-0.0027173	0.034188	0
-0.0027082	0.034188	0
-0.0026992	0.034187	0
-0.0026931	0.034186	0
-0.002684	0.034186	0
-0.002675	0.034185	0
-0.0026659	0.034184	0
-0.0026568	0.034183	0
-0.0026508	0.034183	0
-0.0026417	0.034182	0
-0.0026326	0.034181	0
-0.0026236	0.034181	0
-0.0026145	0.03418	0
-0.0026084	0.034179	0
-0.0025994	0.034179	0
-0.0025903	0.034178	0
-0.0025812	0.034177	0
-0.0025722	0.034176	0
-0.0025661	0.034176	0
-0.002557	0.034175	0
-0.002548	0.034174	0
-0.0025389	0.034174	0
-0.0025298	0.034173	0
-0.0025238	0.034172	0
-0.0025147	0.034172	0
-0.0025056	0.034171	0
-0.0024965	0.03417	0
-0.0024875	0.034169	0
-0.0024814	0.034169	0
-0.0024724	0.034168	0
-0.0024633	0.034167	0
-0.0024542	0.034166	0
-0.0024451	0.034165	0
-0.0024391	0.034165	0
-0.00243	0.034164	0
-0.0024209	0.034163	0
-0.0024119	0.034163	0
-0.0024028	0.034162	0
-0.0023967	0.034161	0
-0.0023877	0.03416	0
-0.0023786	0.03416	0
-0.0023695	0.034159	0
-0.0023605	0.034158	0
-0.0023544	0.034157	0
-0.0023453	0.034157	0
-0.0023363	0.034156	0
-0.0023272	0.034155	0
-0.0023181	0.034154	0
-0.0023121	0.034154	0
-0.002303	0.034153	0
-0.0022939	0.034152	0
-0.0022849	0.034151	0
-0.0022758	0.03415	0
-0.0022698	0.03415	0
-0.0022607	0.034149	0
-0.0022516	0.034148	0
-0.0022426	0.034147	0
-0.0022335	0.034146	0
-0.0022274	0.034146	0
-0.0022184	0.034145	0
-0.0022093	0.034144	0
-0.0022002	0.034143	0
-0.0021912	0.034142	0
-0.0021851	0.034142	0
-0.0021761	0.034141	0
-0.002167	0.03414	0
-0.0021579	0.034139	0
-0.0021489	0.034138	0
-0.0021428	0.034138	0
-0.0021338	0.034137	0
-0.0021247	0.034136	0
-0.0021156	0.034135	0
-0.0021066	0.034134	0
-0.0021005	0.034133	0
-0.0020915	0.034133	0
-0.0020824	0.034132	0
-0.0020733	0.034131	0
-0.0020641	0.03413	0
-0.0020578	0.034129	0
-0.0020483	0.034128	0
-0.0020387	0.034127	0
-0.0020289	0.034126	0
-0.002019	0.034125	0
-0.0020123	0.034125	0
-0.0020021	0.034124	0
-0.0019918	0.034123	0
-0.0019813	0.034122	0
-0.0019706	0.034121	0
-0.0019634	0.03412	0
-0.0019524	0.034119	0
-0.0019413	0.034118	0
-0.00193	0.034116	0
-0.0019186	0.034115	0
-0.0019108	0.034114	0
-0.0018991	0.034113	0
-0.0018871	0.034112	0
-0.001875	0.034111	0
-0.0018627	0.03411	0
-0.0018544	0.034109	0
-0.0018417	0.034108	0
-0.0018289	0.034106	0
-0.0018158	0.034105	0
-0.0018026	0.034104	0
-0.0017937	0.034103	0
-0.0017801	0.034101	0
-0.0017662	0.0341	0
-0.0017522	0.034099	0
-0.001738	0.034097	0
-0.0017283	0.034096	0
-0.0017137	0.034095	0
-0.0016988	0.034093	0
-0.0016837	0.034092	0
-0.0016684	0.03409	0
-0.001658	0.034089	0
-0.0016423	0.034088	0
-0.0016263	0.034086	0
-0.00161	0.034085	0
-0.0015935	0.034083	0
-0.0015823	0.034082	0
-0.0015654	0.03408	0
-0.0015481	0.034079	0
-0.0015306	0.034077	0
-0.0015128	0.034076	0
-0.0015008	0.034074	0
-0.0014826	0.034073	0
-0.001464	0.034071	0
-0.0014451	0.034069	0
-0.001426	0.034068	0
-0.0014131	0.034067	0
-0.0013934	0.034065	0
-0.0013734	0.034063	0
-0.0013532	0.034061	0
-0.0013326	0.03406	0
-0.0013187	0.034058	0
-0.0012975	0.034057	0
-0.0012761	0.034055	0
-0.0012543	0.034053	0
-0.0012322	0.034051	0
-0.0012172	0.03405	0
-0.0011945	0.034048	0
-0.0011715	0.034047	0
-0.0011481	0.034045	0
-0.0011244	0.034043	0
-0.0011084	0.034042	0
-0.0010841	0.03404	0
-0.0010595	0.034038	0
-0.0010345	0.034037	0
-0.0010092	0.034035	0
-0.00099206	0.034034	0
-0.00096613	0.034032	0
-0.00093984	0.03403	0
-0.0009132	0.034029	0
-0.00088622	0.034027	0
-0.00086803	0.034026	0
-0.00084047	0.034024	0
-0.00081255	0.034023	0
-0.0007843	0.034021	0
-0.0007557	0.03402	0
-0.00073645	0.034019	0
-0.00070729	0.034017	0
-0.0006778	0.034016	0
-0.000648	0.034015	0
-0.00061787	0.034013	0
-0.00059761	0.034012	0
-0.00056696	0.034011	0
-0.00053601	0.03401	0
-0.00050477	0.034009	0
-0.00047324	0.034008	0
-0.00045207	0.034007	0
-0.00042008	0.034006	0
-0.00038784	0.034005	0
-0.00035534	0.034004	0
-0.0003226	0.034004	0
-0.00030065	0.034003	0
-0.00026753	0.034003	0
-0.0002342	0.034002	0
-0.00020068	0.034001	0
-0.00016697	0.034001	0
-0.0001444	0.034001	0
-0.00011041	0.034	0
-7.63E-05	0.034	0
-4.20E-05	0.034	0
-7.61E-06	0.034	0
1.5416e-05	0.034	0
5.0255e-05	0.034	0
8.545e-05	0.034	0
0.00012098	0.034001	0
0.00015684	0.034001	0
0.00018091	0.034001	0
0.00021725	0.034002	0
0.00025386	0.034002	0
0.00029072	0.034003	0
0.0003278	0.034004	0
0.00035264	0.034004	0
0.00039005	0.034005	0
0.00042764	0.034007	0
0.00046537	0.034008	0
0.00050324	0.034009	0
0.00052854	0.03401	0
0.00056656	0.034012	0
0.00060466	0.034013	0
0.0006428	0.034015	0
0.00068097	0.034017	0
0.00070642	0.034018	0
0.00074458	0.03402	0
0.00078272	0.034022	0
0.00082081	0.034025	0
0.00085882	0.034027	0
0.00088412	0.034029	0
0.00092198	0.034031	0
0.00095972	0.034034	0
0.00099733	0.034037	0
0.0010348	0.034039	0
0.0010597	0.034041	0
0.0010968	0.034044	0
0.0011338	0.034047	0
0.0011705	0.03405	0
0.0012071	0.034054	0
0.0012313	0.034056	0
0.0012674	0.034059	0
0.0013033	0.034063	0
0.0013389	0.034066	0
0.0013742	0.03407	0
0.0013976	0.034072	0
0.0014324	0.034076	0
0.0014669	0.034079	0
0.0015011	0.034083	0
0.001535	0.034087	0
0.0015574	0.03409	0
0.0015908	0.034093	0
0.0016238	0.034097	0
0.0016565	0.034101	0
0.0016888	0.034105	0
0.0017102	0.034108	0
0.001742	0.034112	0
0.0017734	0.034116	0
0.0018044	0.03412	0
0.0018351	0.034124	0
0.0018554	0.034127	0
0.0018855	0.034131	0
0.0019152	0.034135	0
0.0019446	0.034139	0
0.0019737	0.034144	0
0.0019929	0.034146	0
0.0020213	0.034151	0
0.0020494	0.034155	0
0.0020772	0.034159	0
0.0021046	0.034163	0
0.0021226	0.034166	0
0.0021495	0.03417	0
0.002176	0.034174	0
0.0022021	0.034178	0
0.0022279	0.034183	0
0.002245	0.034185	0
0.0022702	0.034189	0
0.0022951	0.034194	0
0.0023198	0.034198	0
0.0023441	0.034202	0
0.0023601	0.034204	0
0.0023838	0.034208	0
0.0024073	0.034212	0
0.0024304	0.034216	0
0.0024533	0.03422	0
0.0024684	0.034223	0
0.0024907	0.034227	0
0.0025128	0.034231	0
0.0025346	0.034235	0
0.0025561	0.034239	0
0.0025702	0.034241	0
0.0025913	0.034245	0
0.002612	0.034249	0
0.0026325	0.034253	0
0.0026528	0.034256	0
0.0026661	0.034259	0
0.0026859	0.034263	0
0.0027055	0.034266	0
0.0027248	0.03427	0
0.0027438	0.034274	0
0.0027564	0.034276	0
0.0027751	0.03428	0
0.0027935	0.034283	0
0.0028117	0.034287	0
0.0028296	0.03429	0
0.0028415	0.034292	0
0.0028591	0.034296	0
0.0028765	0.034299	0
0.0028936	0.034303	0
0.0029106	0.034306	0
0.0029217	0.034308	0
0.0029383	0.034311	0
0.0029547	0.034315	0
0.002971	0.034318	0
0.002987	0.034321	0
0.0029975	0.034323	0
0.0030132	0.034326	0
0.0030287	0.034329	0
0.003044	0.034333	0
0.0030592	0.034336	0
0.0030691	0.034338	0
0.003084	0.034341	0
0.0030986	0.034344	0
0.0031131	0.034347	0
0.0031274	0.03435	0
0.0031369	0.034352	0
0.0031509	0.034354	0
0.0031648	0.034357	0
0.0031785	0.03436	0
0.0031921	0.034363	0
0.003201	0.034365	0
0.0032143	0.034367	0
0.0032275	0.03437	0
0.0032405	0.034373	0
0.0032533	0.034376	0
0.0032618	0.034377	0
0.0032744	0.03438	0
0.0032869	0.034383	0
0.0032994	0.034385	0
0.0033118	0.034388	0
0.00332	0.034389	0
0.0033324	0.034392	0
0.0033446	0.034395	0
0.0033568	0.034397	0
0.003369	0.0344	0
0.003377	0.034401	0
0.0033891	0.034404	0
0.0034011	0.034406	0
0.0034131	0.034409	0
0.003425	0.034411	0
0.0034329	0.034413	0
0.0034448	0.034416	0
0.0034565	0.034418	0
0.0034683	0.034421	0
0.00348	0.034423	0
0.0034878	0.034425	0
0.0034994	0.034427	0
0.003511	0.03443	0
0.0035226	0.034432	0
0.0035341	0.034434	0
0.0035417	0.034436	0
0.0035532	0.034438	0
0.0035646	0.034441	0
0.0035759	0.034443	0
0.0035873	0.034446	0
0.0035948	0.034447	0
0.0036061	0.03445	0
0.0036173	0.034452	0
0.0036285	0.034454	0
0.0036397	0.034457	0
0.0036471	0.034458	0
0.0036583	0.034461	0
0.0036693	0.034463	0
0.0036804	0.034465	0
0.0036914	0.034468	0
0.0036988	0.034469	0
0.0037097	0.034472	0
0.0037207	0.034474	0
0.0037316	0.034476	0
0.0037425	0.034478	0
0.0037497	0.03448	0
0.0037606	0.034482	0
0.0037714	0.034485	0
0.0037822	0.034487	0
0.0037929	0.034489	0
0.0038001	0.034491	0
0.0038108	0.034493	0
0.0038215	0.034495	0
0.0038322	0.034497	0
0.0038428	0.0345	0
0.0038499	0.034501	0
0.0038605	0.034503	0
0.0038711	0.034506	0
0.0038816	0.034508	0
0.0038921	0.03451	0
0.0038992	0.034512	0
0.0039097	0.034514	0
0.0039201	0.034516	0
0.0039306	0.034518	0
0.003941	0.03452	0
0.003948	0.034522	0
0.0039583	0.034524	0
0.0039687	0.034526	0
0.0039791	0.034528	0
0.0039894	0.034531	0
0.0039963	0.034532	0
0.0040066	0.034534	0
0.0040169	0.034536	0
0.0040271	0.034539	0
0.0040374	0.034541	0
0.0040442	0.034542	0
0.0040544	0.034544	0
0.0040646	0.034546	0
0.0040748	0.034549	0
0.004085	0.034551	0
0.0040917	0.034552	0
0.0041019	0.034554	0
0.004112	0.034556	0
0.0041221	0.034559	0
0.0041322	0.034561	0
0.0041389	0.034562	0
0.004149	0.034564	0
0.004159	0.034566	0
0.004169	0.034568	0
0.004179	0.034571	0
0.0041857	0.034572	0
0.0041957	0.034574	0
0.0042057	0.034576	0
0.0042156	0.034578	0
0.0042256	0.03458	0
0.0042322	0.034582	0
0.0042421	0.034584	0
0.004252	0.034586	0
0.0042619	0.034588	0
0.0042718	0.03459	0
0.0042783	0.034591	0
0.0042882	0.034593	0
0.004298	0.034595	0
0.0043079	0.034597	0
0.0043177	0.034599	0
0.0043242	0.034601	0
0.004334	0.034603	0
0.0043438	0.034605	0
0.0043535	0.034607	0
0.0043633	0.034609	0
0.0043698	0.03461	0
0.0043795	0.034612	0
0.0043892	0.034614	0
0.0043989	0.034616	0
0.0044086	0.034618	0
0.0044151	0.03462	0
0.0044248	0.034622	0
0.0044344	0.034624	0
0.0044441	0.034626	0
0.0044537	0.034628	0
0.0044601	0.034629	0
0.0044698	0.034631	0
0.0044794	0.034633	0
0.004489	0.034635	0
0.0044986	0.034637	0
0.004505	0.034638	0
0.0045145	0.03464	0
0.0045241	0.034642	0
0.0045336	0.034644	0
0.0045432	0.034646	0
0.0045495	0.034647	0
0.004559	0.034649	0
0.0045686	0.034651	0
0.0045781	0.034653	0
0.0045876	0.034655	0
0.0045939	0.034656	0
0.0046033	0.034658	0
0.0046128	0.03466	0
0.0046223	0.034662	0
0.0046317	0.034664	0
0.004638	0.034665	0
0.0046474	0.034667	0
0.0046569	0.034669	0
0.0046663	0.034671	0
0.0046757	0.034673	0
0.0046819	0.034674	0
0.0046913	0.034676	0
0.0047007	0.034678	0
0.0047101	0.03468	0
0.0047194	0.034682	0
0.0047257	0.034683	0
0.004735	0.034685	0
0.0047443	0.034687	0
0.0047537	0.034689	0
0.004763	0.03469	0
0.0047692	0.034692	0
0.0047785	0.034694	0
0.0047878	0.034695	0
0.0047971	0.034697	0
0.0048063	0.034699	0
0.0048125	0.0347	0
0.0048218	0.034702	0
0.004831	0.034704	0
0.0048403	0.034706	0
0.0048496	0.034708	0
0.0048557	0.034709	0
0.004865	0.034711	0
0.0048742	0.034713	0
0.0048834	0.034714	0
0.0048927	0.034716	0
0.0048988	0.034718	0
0.004908	0.034719	0
0.0049173	0.034721	0
0.0049265	0.034723	0
0.0049357	0.034725	0
0.0049418	0.034726	0
0.004951	0.034728	0
0.0049602	0.03473	0
0.0049694	0.034731	0
0.0049786	0.034733	0
0.0049848	0.034734	0
0.004994	0.034736	0
0.0050032	0.034738	0
0.0050124	0.03474	0
0.0050215	0.034742	0
0.0050277	0.034743	0
0.0050369	0.034745	0
0.005046	0.034746	0
0.0050552	0.034748	0
0.0050644	0.03475	0
0.0050705	0.034751	0
0.0050797	0.034753	0
0.0050889	0.034755	0
0.005098	0.034756	0
0.0051072	0.034758	0
0.0051133	0.034759	0
0.0051225	0.034761	0
0.0051317	0.034763	0
0.0051408	0.034765	0
0.00515	0.034766	0
0.0051561	0.034768	0
0.0051653	0.034769	0
0.0051744	0.034771	0
0.0051836	0.034773	0
0.0051928	0.034775	0
0.0051989	0.034776	0
0.005208	0.034778	0
0.0052172	0.034779	0
0.0052264	0.034781	0
0.0052355	0.034783	0
0.0052416	0.034784	0
0.0052508	0.034786	0
0.00526	0.034787	0
0.0052691	0.034789	0
0.0052783	0.034791	0
0.0052844	0.034792	0
0.0052935	0.034794	0
0.0053027	0.034796	0
0.0053119	0.034797	0
0.005321	0.034799	0
0.0053271	0.0348	0
0.0053363	0.034802	0
0.0053455	0.034804	0
0.0053546	0.034805	0
0.0053638	0.034807	0
0.0053699	0.034808	0
0.0053791	0.03481	0
0.0053882	0.034812	0
0.0053974	0.034813	0
0.0054066	0.034815	0
0.0054127	0.034816	0
0.0054218	0.034818	0
0.005431	0.03482	0
0.0054402	0.034821	0
0.0054493	0.034823	0
0.0054555	0.034824	0
0.0054646	0.034826	0
0.0054738	0.034828	0
0.005483	0.034829	0
0.0054922	0.034831	0
0.0054983	0.034832	0
0.0055075	0.034834	0
0.0055166	0.034835	0
0.0055258	0.034837	0
0.005535	0.034839	0
0.0055411	0.03484	0
0.0055503	0.034842	0
0.0055595	0.034843	0
0.0055687	0.034845	0
0.0055779	0.034847	0
0.005584	0.034848	0
0.0055932	0.034849	0
0.0056024	0.034851	0
0.0056116	0.034853	0
0.0056208	0.034854	0
0.0056269	0.034856	0
0.0056361	0.034857	0
0.0056453	0.034859	0
0.0056545	0.034861	0
0.0056637	0.034862	0
0.0056699	0.034863	0
0.0056791	0.034865	0
0.0056883	0.034867	0
0.0056975	0.034868	0
0.0057067	0.03487	0
0.0057129	0.034871	0
0.0057221	0.034873	0
0.0057313	0.034874	0
0.0057405	0.034876	0
0.0057498	0.034878	0
0.0057559	0.034879	0
0.0057651	0.03488	0
0.0057744	0.034882	0
0.0057836	0.034884	0
0.0057928	0.034885	0
0.005799	0.034886	0
0.0058082	0.034888	0
0.0058175	0.03489	0
0.0058267	0.034891	0
0.005836	0.034893	0
0.0058422	0.034894	0
0.0058514	0.034896	0
0.0058607	0.034897	0
0.0058699	0.034899	0
0.0058792	0.034901	0
0.0058854	0.034902	0
0.0058947	0.034903	0
0.0059039	0.034905	0
0.0059132	0.034907	0
0.0059225	0.034908	0
0.0059287	0.034909	0
0.005938	0.034911	0
0.0059473	0.034913	0
0.0059566	0.034914	0
0.0059659	0.034916	0
0.0059721	0.034917	0
0.0059814	0.034918	0
0.0059907	0.03492	0
0.006	0.034922	0
0.0060093	0.034923	0
0.0060155	0.034924	0
0.0060248	0.034926	0
0.0060341	0.034928	0
0.0060434	0.034929	0
0.0060527	0.034931	0
0.0060589	0.034932	0
0.0060683	0.034933	0
0.0060776	0.034935	0
0.0060869	0.034937	0
0.0060962	0.034938	0
0.0061024	0.034939	0
0.0061118	0.034941	0
0.0061211	0.034942	0
0.0061304	0.034944	0
0.0061398	0.034946	0
0.006146	0.034947	0
0.0061553	0.034948	0
0.0061646	0.03495	0
0.006174	0.034951	0
0.0061833	0.034953	0
0.0061895	0.034954	0
0.0061989	0.034956	0
0.0062082	0.034957	0
0.0062176	0.034959	0
0.0062269	0.03496	0
0.0062331	0.034961	0
0.0062425	0.034963	0
0.0062518	0.034965	0
0.0062612	0.034966	0
0.0062705	0.034968	0
0.0062767	0.034969	0
0.0062861	0.03497	0
0.0062954	0.034972	0
0.0063048	0.034973	0
0.0063141	0.034975	0
0.0063203	0.034976	0
0.0063297	0.034978	0
0.006339	0.034979	0
0.0063484	0.034981	0
0.0063577	0.034982	0
0.006364	0.034983	0
0.0063733	0.034985	0
0.0063827	0.034986	0
0.006392	0.034988	0
0.0064014	0.034989	0
0.0064076	0.03499	0
0.006417	0.034992	0
0.0064263	0.034994	0
0.0064357	0.034995	0
0.006445	0.034997	0
0.0064512	0.034998	0
0.0064606	0.034999	0
0.0064699	0.035001	0
0.0064793	0.035002	0
0.0064886	0.035004	0
0.0064949	0.035005	0
0.0065042	0.035006	0
0.0065136	0.035008	0
0.0065229	0.035009	0
0.0065323	0.035011	0
0.0065385	0.035012	0
0.0065479	0.035013	0
0.0065572	0.035015	0
0.0065666	0.035016	0
0.0065759	0.035018	0
0.0065821	0.035019	0
0.0065915	0.03502	0
0.0066008	0.035022	0
0.0066102	0.035023	0
0.0066195	0.035025	0
0.0066257	0.035026	0
0.0066351	0.035027	0
0.0066444	0.035029	0
0.0066538	0.03503	0
0.0066631	0.035032	0
0.0066693	0.035033	0
0.0066787	0.035034	0
0.006688	0.035036	0
0.0066973	0.035037	0
0.0067067	0.035039	0
0.0067129	0.03504	0
0.0067222	0.035041	0
0.0067316	0.035043	0
0.0067409	0.035044	0
0.0067503	0.035045	0
0.0067565	0.035046	0
0.0067658	0.035048	0
0.0067752	0.035049	0
0.0067845	0.035051	0
0.0067938	0.035052	0
0.0068001	0.035053	0
0.0068094	0.035055	0
0.0068187	0.035056	0
0.0068281	0.035058	0
0.0068374	0.035059	0
0.0068437	0.03506	0
0.006853	0.035061	0
0.0068624	0.035063	0
0.0068717	0.035064	0
0.006881	0.035066	0
0.0068873	0.035067	0
0.0068966	0.035068	0
0.006906	0.03507	0
0.0069153	0.035071	0
0.0069247	0.035073	0
0.0069309	0.035073	0
0.0069403	0.035075	0
0.0069496	0.035076	0
0.006959	0.035078	0
0.0069683	0.035079	0
0.0069745	0.03508	0
0.0069839	0.035082	0
0.0069933	0.035083	0
0.0070026	0.035084	0
0.007012	0.035086	0
0.0070182	0.035087	0
0.0070276	0.035088	0
0.0070369	0.03509	0
0.0070463	0.035091	0
0.0070556	0.035092	0
0.0070619	0.035093	0
0.0070712	0.035095	0
0.0070806	0.035096	0
0.00709	0.035097	0
0.0070993	0.035099	0
0.0071056	0.0351	0
0.0071149	0.035101	0
0.0071243	0.035103	0
0.0071337	0.035104	0
0.007143	0.035105	0
0.0071493	0.035106	0
0.0071586	0.035108	0
0.007168	0.035109	0
0.0071774	0.03511	0
0.0071867	0.035112	0
0.007193	0.035113	0
0.0072024	0.035114	0
0.0072117	0.035116	0
0.0072211	0.035117	0
0.0072305	0.035118	0
0.0072367	0.035119	0
0.0072461	0.035121	0
0.0072555	0.035122	0
0.0072649	0.035123	0
0.0072742	0.035125	0
0.0072805	0.035126	0
0.0072899	0.035127	0
0.0072992	0.035128	0
0.0073086	0.03513	0
0.007318	0.035131	0
0.0073243	0.035132	0
0.0073336	0.035133	0
0.007343	0.035135	0
0.0073524	0.035136	0
0.0073618	0.035137	0
0.0073681	0.035138	0
0.0073774	0.03514	0
0.0073868	0.035141	0
0.0073962	0.035142	0
0.0074056	0.035144	0
0.0074119	0.035144	0
0.0074213	0.035146	0
0.0074306	0.035147	0
0.00744	0.035148	0
0.0074494	0.03515	0
0.0074557	0.035151	0
0.0074651	0.035152	0
0.0074745	0.035153	0
0.0074839	0.035155	0
0.0074933	0.035156	0
0.0074995	0.035157	0
0.0075089	0.035158	0
0.0075183	0.035159	0
0.0075277	0.035161	0
0.0075371	0.035162	0
0.0075434	0.035163	0
0.0075528	0.035164	0
0.0075622	0.035166	0
0.0075716	0.035167	0
0.007581	0.035168	0
0.0075873	0.035169	0
0.0075967	0.03517	0
0.0076061	0.035172	0
0.0076155	0.035173	0
0.0076249	0.035174	0
0.0076312	0.035175	0
0.0076406	0.035176	0
0.00765	0.035178	0
0.0076594	0.035179	0
0.0076689	0.03518	0
0.0076751	0.035181	0
0.0076846	0.035182	0
0.007694	0.035184	0
0.0077034	0.035185	0
0.0077128	0.035186	0
0.0077191	0.035187	0
0.0077286	0.035188	0
0.007738	0.03519	0
0.0077474	0.035191	0
0.0077569	0.035192	0
0.0077632	0.035193	0
0.0077726	0.035194	0
0.0077821	0.035196	0
0.0077915	0.035197	0
0.007801	0.035198	0
0.0078073	0.035199	0
0.0078168	0.0352	0
0.0078262	0.035201	0
0.0078357	0.035203	0
0.0078452	0.035204	0
0.0078515	0.035205	0
0.007861	0.035206	0
0.0078704	0.035207	0
0.0078799	0.035209	0
0.0078894	0.03521	0
0.0078957	0.035211	0
0.0079052	0.035212	0
0.0079147	0.035213	0
0.0079242	0.035214	0
0.0079337	0.035216	0
0.00794	0.035216	0
0.0079495	0.035218	0
0.007959	0.035219	0
0.0079685	0.03522	0
0.007978	0.035221	0
0.0079843	0.035222	0
0.0079938	0.035223	0
0.0080034	0.035225	0
0.0080129	0.035226	0
0.0080224	0.035227	0
0.0080287	0.035228	0
0.0080382	0.035229	0
0.0080478	0.03523	0
0.0080573	0.035232	0
0.0080668	0.035233	0
0.0080731	0.035234	0
0.0080827	0.035235	0
0.0080922	0.035236	0
0.0081017	0.035237	0
0.0081112	0.035239	0
0.0081176	0.035239	0
0.0081271	0.035241	0
0.0081367	0.035242	0
0.0081462	0.035243	0
0.0081557	0.035244	0
0.0081621	0.035245	0
0.0081716	0.035246	0
0.0081811	0.035247	0
0.0081907	0.035249	0
0.0082002	0.03525	0
0.0082066	0.035251	0
0.0082161	0.035252	0
0.0082257	0.035253	0
0.0082352	0.035254	0
0.0082448	0.035255	0
0.0082511	0.035256	0
0.0082607	0.035257	0
0.0082702	0.035258	0
0.0082798	0.03526	0
0.0082893	0.035261	0
0.0082957	0.035262	0
0.0083052	0.035263	0
0.0083148	0.035264	0
0.0083243	0.035265	0
0.0083339	0.035266	0
0.0083403	0.035267	0
0.0083498	0.035268	0
0.0083594	0.035269	0
0.0083689	0.035271	0
0.0083785	0.035272	0
0.0083849	0.035273	0
0.0083945	0.035274	0
0.008404	0.035275	0
0.0084136	0.035276	0
0.0084232	0.035277	0
0.0084296	0.035278	0
0.0084391	0.035279	0
0.0084487	0.03528	0
0.0084583	0.035281	0
0.0084679	0.035282	0
0.0084743	0.035283	0
0.0084839	0.035284	0
0.0084935	0.035286	0
0.008503	0.035287	0
0.0085126	0.035288	0
0.008519	0.035289	0
0.0085286	0.03529	0
0.0085382	0.035291	0
0.0085478	0.035292	0
0.0085574	0.035293	0
0.0085638	0.035294	0
0.0085734	0.035295	0
0.008583	0.035296	0
0.0085927	0.035297	0
0.0086023	0.035298	0
0.0086087	0.035299	0
0.0086183	0.0353	0
0.0086279	0.035301	0
0.0086375	0.035302	0
0.0086471	0.035304	0
0.0086536	0.035304	0
0.0086632	0.035305	0
0.0086728	0.035307	0
0.0086824	0.035308	0
0.0086921	0.035309	0
0.0086985	0.03531	0
0.0087081	0.035311	0
0.0087177	0.035312	0
0.0087274	0.035313	0
0.008737	0.035314	0
0.0087434	0.035315	0
0.0087531	0.035316	0
0.0087627	0.035317	0
0.0087724	0.035318	0
0.008782	0.035319	0
0.0087884	0.03532	0
0.0087981	0.035321	0
0.0088077	0.035322	0
0.0088174	0.035323	0
0.008827	0.035324	0
0.0088335	0.035325	0
0.0088431	0.035326	0
0.0088528	0.035327	0
0.0088624	0.035328	0
0.0088721	0.035329	0
0.0088785	0.03533	0
0.0088882	0.035331	0
0.0088978	0.035332	0
0.0089075	0.035333	0
0.0089172	0.035334	0
0.0089236	0.035335	0
0.0089333	0.035336	0
0.008943	0.035337	0
0.0089526	0.035338	0
0.0089623	0.035339	0
0.0089688	0.03534	0
0.0089784	0.035341	0
0.0089881	0.035342	0
0.0089978	0.035343	0
0.0090075	0.035344	0
0.0090139	0.035345	0
0.0090236	0.035346	0
0.0090333	0.035347	0
0.009043	0.035348	0
0.0090527	0.035349	0
0.0090591	0.03535	0
0.0090688	0.035351	0
0.0090785	0.035352	0
0.0090882	0.035353	0
0.0090979	0.035354	0
0.0091044	0.035354	0
0.0091141	0.035355	0
0.0091238	0.035357	0
0.0091335	0.035358	0
0.0091432	0.035359	0
0.0091497	0.035359	0
0.0091594	0.03536	0
0.0091691	0.035361	0
0.0091788	0.035362	0
0.0091885	0.035363	0
0.009195	0.035364	0
0.0092047	0.035365	0
0.0092144	0.035366	0
0.0092241	0.035367	0
0.0092339	0.035368	0
0.0092403	0.035369	0
0.0092501	0.03537	0
0.0092598	0.035371	0
0.0092695	0.035372	0
0.0092793	0.035373	0
0.0092857	0.035373	0
0.0092955	0.035374	0
0.0093052	0.035375	0
0.0093149	0.035376	0
0.0093247	0.035377	0
0.0093312	0.035378	0
0.0093409	0.035379	0
0.0093507	0.03538	0
0.0093604	0.035381	0
0.0093701	0.035382	0
0.0093766	0.035383	0
0.0093864	0.035384	0
0.0093961	0.035385	0
0.0094059	0.035386	0
0.0094156	0.035387	0
0.0094221	0.035387	0
0.0094319	0.035388	0
0.0094416	0.035389	0
0.0094514	0.03539	0
0.0094612	0.035391	0
0.0094677	0.035392	0
0.0094774	0.035393	0
0.0094872	0.035394	0
0.009497	0.035395	0
0.0095067	0.035396	0
0.0095132	0.035396	0
0.009523	0.035397	0
0.0095328	0.035398	0
0.0095426	0.035399	0
0.0095523	0.0354	0
0.0095589	0.035401	0
0.0095686	0.035402	0
0.0095784	0.035403	0
0.0095882	0.035404	0
0.009598	0.035405	0
0.0096045	0.035405	0
0.0096143	0.035406	0
0.0096241	0.035407	0
0.0096339	0.035408	0
0.0096437	0.035409	0
0.0096503	0.03541	0
0.0096601	0.035411	0
0.0096699	0.035412	0
0.0096797	0.035413	0
0.0096895	0.035414	0
0.0096961	0.035414	0
0.0097059	0.035415	0
0.0097157	0.035416	0
0.0097256	0.035417	0
0.0097354	0.035418	0
0.009742	0.035418	0
0.0097518	0.035419	0
0.0097617	0.03542	0
0.0097715	0.035421	0
0.0097813	0.035422	0
0.0097879	0.035423	0
0.0097977	0.035424	0
0.0098076	0.035425	0
0.0098174	0.035426	0
0.0098273	0.035426	0
0.0098339	0.035427	0
0.0098437	0.035428	0
0.0098536	0.035429	0
0.0098634	0.03543	0
0.0098733	0.035431	0
0.0098798	0.035431	0
0.0098897	0.035432	0
0.0098995	0.035433	0
0.0099094	0.035434	0
0.0099192	0.035435	0
0.0099258	0.035436	0
0.0099357	0.035436	0
0.0099455	0.035437	0
0.0099554	0.035438	0
0.0099652	0.035439	0
0.0099718	0.03544	0
0.0099816	0.035441	0
0.0099915	0.035441	0
0.010001	0.035442	0
0.010011	0.035443	0
0.010018	0.035444	0
0.010028	0.035445	0
0.010037	0.035446	0
0.010047	0.035446	0
0.010057	0.035447	0
0.010064	0.035448	0
0.010073	0.035449	0
0.010083	0.03545	0
0.010093	0.03545	0
0.010103	0.035451	0
0.01011	0.035452	0
0.010119	0.035453	0
0.010129	0.035454	0
0.010139	0.035454	0
0.010149	0.035455	0
0.010155	0.035456	0
0.010165	0.035457	0
0.010175	0.035458	0
0.010185	0.035458	0
0.010195	0.035459	0
0.010201	0.03546	0
0.010211	0.035461	0
0.010221	0.035461	0
0.01023	0.035462	0
0.01024	0.035463	0
0.010247	0.035464	0
0.010257	0.035465	0
0.010266	0.035465	0
0.010276	0.035466	0
0.010286	0.035467	0
0.010292	0.035468	0
0.010302	0.035468	0
0.010312	0.035469	0
0.010322	0.03547	0
0.010331	0.035471	0
0.010338	0.035471	0
0.010348	0.035472	0
0.010358	0.035473	0
0.010368	0.035474	0
0.010378	0.035475	0
0.010385	0.035475	0
0.010395	0.035476	0
0.010405	0.035477	0
0.010415	0.035478	0
0.010426	0.035479	0
0.010432	0.035479	0
0.010443	0.03548	0
0.010453	0.035481	0
0.010464	0.035482	0
0.010474	0.035482	0
0.010481	0.035483	0
0.010491	0.035484	0
0.010502	0.035485	0
0.010513	0.035486	0
0.010523	0.035486	0
0.01053	0.035487	0
0.010541	0.035488	0
0.010551	0.035489	0
0.010562	0.03549	0
0.010572	0.03549	0
0.010579	0.035491	0
0.01059	0.035492	0
0.010601	0.035493	0
0.010611	0.035493	0
0.010622	0.035494	0
0.010629	0.035495	0
0.010639	0.035496	0
0.01065	0.035497	0
0.010661	0.035497	0
0.010671	0.035498	0
0.010678	0.035499	0
0.010689	0.0355	0
0.010699	0.0355	0
0.01071	0.035501	0
0.01072	0.035502	0
0.010727	0.035503	0
0.010737	0.035503	0
0.010748	0.035504	0
0.010758	0.035505	0
0.010768	0.035506	0
0.010775	0.035506	0
0.010785	0.035507	0
0.010796	0.035508	0
0.010806	0.035509	0
0.010816	0.035509	0
0.010823	0.03551	0
0.010833	0.035511	0
0.010843	0.035512	0
0.010852	0.035512	0
0.010862	0.035513	0
0.010869	0.035514	0
0.010879	0.035514	0
0.010888	0.035515	0
0.010898	0.035516	0
0.010908	0.035516	0
0.010914	0.035517	0
0.010923	0.035518	0
0.010933	0.035518	0
0.010942	0.035519	0
0.010951	0.03552	0
0.010958	0.03552	0
0.010967	0.035521	0
0.010976	0.035522	0
0.010985	0.035522	0
0.010994	0.035523	0
0.011	0.035523	0
0.011008	0.035524	0
0.011017	0.035525	0
0.011026	0.035525	0
0.011034	0.035526	0
0.01104	0.035526	0
0.011048	0.035527	0
0.011057	0.035527	0
0.011065	0.035528	0
0.011073	0.035528	0
0.011078	0.035529	0
0.011086	0.035529	0
0.011094	0.03553	0
0.011102	0.03553	0
0.011109	0.035531	0
0.011114	0.035531	0
0.011122	0.035532	0
0.011129	0.035532	0
0.011136	0.035533	0
0.011143	0.035533	0
0.011148	0.035534	0
0.011155	0.035534	0
0.011162	0.035534	0
0.011169	0.035535	0
0.011177	0.035535	0
0.011181	0.035536	0
0.011188	0.035536	0
0.011196	0.035537	0
0.011203	0.035537	0
0.01121	0.035537	0
0.011215	0.035538	0
0.011222	0.035538	0
0.011229	0.035539	0
0.011236	0.035539	0
0.011243	0.035539	0
0.011248	0.03554	0
0.011255	0.03554	0
0.011262	0.03554	0
0.01127	0.035541	0
0.011277	0.035541	0
0.011282	0.035541	0
0.011289	0.035542	0
0.011296	0.035542	0
0.011303	0.035543	0
0.011311	0.035543	0
0.011315	0.035543	0
0.011323	0.035544	0
0.01133	0.035544	0
0.011337	0.035544	0
0.011344	0.035545	0
0.011349	0.035545	0
0.011357	0.035545	0
0.011364	0.035546	0
0.011371	0.035546	0
0.011378	0.035546	0
0.011383	0.035547	0
0.011391	0.035547	0
0.011398	0.035547	0
0.011405	0.035548	0
0.011412	0.035548	0
0.011417	0.035548	0
0.011425	0.035549	0
0.011432	0.035549	0
0.011439	0.035549	0
0.011447	0.03555	0
0.011452	0.03555	0
0.011459	0.03555	0
0.011466	0.03555	0
0.011474	0.035551	0
0.011481	0.035551	0
0.011486	0.035551	0
0.011493	0.035552	0
0.011501	0.035552	0
0.011508	0.035552	0
0.011515	0.035552	0
0.01152	0.035553	0
0.011528	0.035553	0
0.011535	0.035553	0
0.011543	0.035553	0
0.01155	0.035554	0
0.011555	0.035554	0
0.011562	0.035554	0
0.01157	0.035554	0
0.011577	0.035555	0
0.011585	0.035555	0
0.01159	0.035555	0
0.011597	0.035555	0
0.011605	0.035556	0
0.011612	0.035556	0
0.01162	0.035556	0
0.011625	0.035556	0
0.011632	0.035556	0
0.011639	0.035557	0
0.011647	0.035557	0
0.011654	0.035557	0
0.011659	0.035557	0
0.011667	0.035557	0
0.011674	0.035558	0
0.011682	0.035558	0
0.011689	0.035558	0
0.011694	0.035558	0
0.011702	0.035558	0
0.01171	0.035559	0
0.011717	0.035559	0
0.011725	0.035559	0
0.01173	0.035559	0
0.011737	0.035559	0
0.011745	0.035559	0
0.011752	0.03556	0
0.01176	0.03556	0
0.011765	0.03556	0
0.011772	0.03556	0
0.01178	0.03556	0
0.011788	0.03556	0
0.011795	0.035561	0
0.0118	0.035561	0
0.011808	0.035561	0
0.011815	0.035561	0
0.011823	0.035561	0
0.011831	0.035561	0
0.011836	0.035561	0
0.011843	0.035561	0
0.011851	0.035562	0
0.011859	0.035562	0
0.011866	0.035562	0
0.011871	0.035562	0
0.011879	0.035562	0
0.011887	0.035562	0
0.011894	0.035562	0
0.011902	0.035562	0
0.011907	0.035562	0
0.011915	0.035562	0
0.011922	0.035563	0
0.01193	0.035563	0
0.011938	0.035563	0
0.011943	0.035563	0
0.011951	0.035563	0
0.011958	0.035563	0
0.011966	0.035563	0
0.011974	0.035563	0
0.011979	0.035563	0
0.011987	0.035563	0
0.011994	0.035563	0
0.012002	0.035563	0
0.01201	0.035563	0
0.012015	0.035563	0
0.012023	0.035563	0
0.01203	0.035563	0
0.012038	0.035564	0
0.012046	0.035564	0
0.012051	0.035564	0
0.012059	0.035564	0
0.012066	0.035564	0
0.012074	0.035564	0
0.012082	0.035564	0
0.012087	0.035564	0
0.012095	0.035564	0
0.012103	0.035564	0
0.01211	0.035564	0
0.012118	0.035564	0
0.012123	0.035564	0
0.012131	0.035564	0
0.012139	0.035564	0
0.012147	0.035564	0
0.012155	0.035564	0
0.01216	0.035564	0
0.012168	0.035564	0
0.012175	0.035564	0
0.012183	0.035564	0
0.012191	0.035564	0
0.012196	0.035564	0
0.012204	0.035563	0
0.012212	0.035563	0
0.01222	0.035563	0
0.012228	0.035563	0
0.012233	0.035563	0
0.012241	0.035563	0
0.012249	0.035563	0
0.012257	0.035563	0
0.012264	0.035563	0
0.01227	0.035563	0
0.012278	0.035563	0
0.012285	0.035563	0
0.012293	0.035563	0
0.012301	0.035563	0
0.012306	0.035563	0
0.012314	0.035563	0
0.012322	0.035562	0
0.01233	0.035562	0
0.012338	0.035562	0
0.012343	0.035562	0
0.012351	0.035562	0
0.012359	0.035562	0
0.012367	0.035562	0
0.012375	0.035562	0
0.01238	0.035562	0
0.012388	0.035562	0
0.012396	0.035561	0
0.012404	0.035561	0
0.012412	0.035561	0
0.012417	0.035561	0
0.012425	0.035561	0
0.012433	0.035561	0
0.012441	0.035561	0
0.012449	0.03556	0
0.012454	0.03556	0
0.012462	0.03556	0
0.01247	0.03556	0
0.012478	0.03556	0
0.012486	0.03556	0
0.012492	0.03556	0
0.0125	0.035559	0
0.012508	0.035559	0
0.012516	0.035559	0
0.012524	0.035559	0
0.012529	0.035559	0
0.012537	0.035559	0
0.012545	0.035558	0
0.012553	0.035558	0
0.012561	0.035558	0
0.012566	0.035558	0
0.012575	0.035558	0
0.012583	0.035557	0
0.012591	0.035557	0
0.012599	0.035557	0
0.012604	0.035557	0
0.012612	0.035557	0
0.01262	0.035556	0
0.012628	0.035556	0
0.012636	0.035556	0
0.012642	0.035556	0
0.01265	0.035555	0
0.012658	0.035555	0
0.012666	0.035555	0
0.012674	0.035555	0
0.012679	0.035555	0
0.012687	0.035554	0
0.012695	0.035554	0
0.012704	0.035554	0
0.012712	0.035553	0
0.012717	0.035553	0
0.012725	0.035553	0
0.012733	0.035553	0
0.012741	0.035552	0
0.012749	0.035552	0
0.012755	0.035552	0
0.012763	0.035552	0
0.012771	0.035551	0
0.012779	0.035551	0
0.012787	0.035551	0
0.012793	0.03555	0
0.012801	0.03555	0
0.012809	0.03555	0
0.012817	0.03555	0
0.012825	0.035549	0
0.012831	0.035549	0
0.012839	0.035549	0
0.012847	0.035548	0
0.012855	0.035548	0
0.012863	0.035548	0
0.012869	0.035547	0
0.012877	0.035547	0
0.012885	0.035547	0
0.012893	0.035546	0
0.012902	0.035546	0
0.012907	0.035546	0
0.012915	0.035545	0
0.012924	0.035545	0
0.012932	0.035545	0
0.01294	0.035544	0
0.012945	0.035544	0
0.012954	0.035544	0
0.012962	0.035543	0
0.01297	0.035543	0
0.012978	0.035542	0
0.012984	0.035542	0
0.012992	0.035542	0
0.013	0.035541	0
0.013008	0.035541	0
0.013017	0.035541	0
0.013022	0.03554	0
0.01303	0.03554	0
0.013039	0.035539	0
0.013047	0.035539	0
0.013055	0.035539	0
0.013061	0.035538	0
0.013069	0.035538	0
0.013077	0.035537	0
0.013085	0.035537	0
0.013094	0.035537	0
0.013099	0.035536	0
0.013108	0.035536	0
0.013116	0.035535	0
0.013124	0.035535	0
0.013132	0.035534	0
0.013138	0.035534	0
0.013146	0.035534	0
0.013154	0.035533	0
0.013163	0.035533	0
0.013171	0.035532	0
0.013177	0.035532	0
0.013185	0.035531	0
0.013193	0.035531	0
0.013202	0.03553	0
0.01321	0.03553	0
0.013215	0.03553	0
0.013224	0.035529	0
0.013232	0.035528	0
0.01324	0.035528	0
0.013249	0.035527	0
0.013254	0.035527	0
0.013263	0.035527	0
0.013271	0.035526	0
0.013279	0.035526	0
0.013288	0.035525	0
0.013293	0.035525	0
0.013302	0.035524	0
0.01331	0.035524	0
0.013318	0.035523	0
0.013327	0.035522	0
0.013332	0.035522	0
0.013341	0.035522	0
0.013349	0.035521	0
0.013358	0.03552	0
0.013366	0.03552	0
0.013371	0.035519	0
0.01338	0.035519	0
0.013388	0.035518	0
0.013397	0.035518	0
0.013405	0.035517	0
0.013411	0.035517	0
0.013419	0.035516	0
0.013428	0.035516	0
0.013436	0.035515	0
0.013444	0.035514	0
0.01345	0.035514	0
0.013458	0.035513	0
0.013467	0.035513	0
0.013475	0.035512	0
0.013484	0.035511	0
0.013489	0.035511	0
0.013498	0.03551	0
0.013506	0.03551	0
0.013515	0.035509	0
0.013523	0.035508	0
0.013529	0.035508	0
0.013537	0.035507	0
0.013546	0.035507	0
0.013554	0.035506	0
0.013563	0.035505	0
0.013568	0.035505	0
0.013577	0.035504	0
0.013585	0.035504	0
0.013594	0.035503	0
0.013602	0.035502	0
0.013608	0.035502	0
0.013616	0.035501	0
0.013625	0.035501	0
0.013633	0.0355	0
0.013642	0.035499	0
0.013647	0.035499	0
0.013656	0.035498	0
0.013664	0.035497	0
0.013673	0.035497	0
0.013681	0.035496	0
0.013687	0.035495	0
0.013696	0.035495	0
0.013704	0.035494	0
0.013713	0.035493	0
0.013721	0.035492	0
0.013727	0.035492	0
0.013735	0.035491	0
0.013744	0.035491	0
0.013753	0.03549	0
0.013761	0.035489	0
0.013767	0.035489	0
0.013775	0.035488	0
0.013784	0.035487	0
0.013792	0.035486	0
0.013801	0.035486	0
0.013807	0.035485	0
0.013815	0.035484	0
0.013824	0.035483	0
0.013832	0.035483	0
0.013841	0.035482	0
0.013847	0.035481	0
0.013855	0.035481	0
0.013864	0.03548	0
0.013872	0.035479	0
0.013881	0.035478	0
0.013887	0.035478	0
0.013895	0.035477	0
0.013904	0.035476	0
0.013913	0.035475	0
0.013921	0.035474	0
0.013927	0.035474	0
0.013935	0.035473	0
0.013944	0.035472	0
0.013953	0.035471	0
0.013961	0.035471	0
0.013967	0.03547	0
0.013976	0.035469	0
0.013984	0.035468	0
0.013993	0.035468	0
0.014002	0.035467	0
0.014007	0.035466	0
0.014016	0.035465	0
0.014025	0.035464	0
0.014033	0.035464	0
0.014042	0.035463	0
0.014048	0.035462	0
0.014056	0.035461	0
0.014065	0.03546	0
0.014074	0.035459	0
0.014082	0.035459	0
0.014088	0.035458	0
0.014097	0.035457	0
0.014105	0.035456	0
0.014114	0.035455	0
0.014123	0.035454	0
0.014129	0.035454	0
0.014137	0.035453	0
0.014146	0.035452	0
0.014155	0.035451	0
0.014163	0.03545	0
0.014169	0.03545	0
0.014178	0.035449	0
0.014187	0.035448	0
0.014195	0.035447	0
0.014204	0.035446	0
0.01421	0.035445	0
0.014218	0.035444	0
0.014227	0.035443	0
0.014236	0.035442	0
0.014245	0.035441	0
0.01425	0.035441	0
0.014259	0.03544	0
0.014268	0.035439	0
0.014277	0.035438	0
0.014285	0.035437	0
0.014291	0.035436	0
0.0143	0.035435	0
0.014309	0.035434	0
0.014317	0.035433	0
0.014326	0.035432	0
0.014332	0.035432	0
0.014341	0.035431	0
0.014349	0.03543	0
0.014358	0.035429	0
0.014367	0.035428	0
0.014373	0.035427	0
0.014382	0.035426	0
0.01439	0.035425	0
0.014399	0.035424	0
0.014408	0.035423	0
0.014414	0.035422	0
0.014423	0.035421	0
0.014431	0.03542	0
0.01444	0.035419	0
0.014449	0.035418	0
0.014455	0.035417	0
0.014463	0.035416	0
0.014472	0.035415	0
0.014481	0.035414	0
0.01449	0.035413	0
0.014496	0.035412	0
0.014505	0.035411	0
0.014513	0.03541	0
0.014522	0.035409	0
0.014531	0.035408	0
0.014537	0.035407	0
0.014546	0.035406	0
0.014554	0.035405	0
0.014563	0.035404	0
0.014572	0.035403	0
0.014578	0.035402	0
0.014587	0.035401	0
0.014596	0.0354	0
0.014604	0.035399	0
0.014613	0.035398	0
0.014619	0.035397	0
0.014628	0.035396	0
0.014637	0.035395	0
0.014646	0.035394	0
0.014654	0.035393	0
0.01466	0.035392	0
0.014669	0.035391	0
0.014678	0.03539	0
0.014687	0.035389	0
0.014696	0.035387	0
0.014702	0.035387	0
0.01471	0.035386	0
0.014719	0.035384	0
0.014728	0.035383	0
0.014737	0.035382	0
0.014743	0.035381	0
0.014752	0.03538	0
0.014761	0.035379	0
0.01477	0.035378	0
0.014778	0.035377	0
0.014784	0.035376	0
0.014793	0.035375	0
0.014802	0.035373	0
0.014811	0.035372	0
0.01482	0.035371	0
0.014826	0.03537	0
0.014835	0.035369	0
0.014844	0.035368	0
0.014852	0.035367	0
0.014861	0.035365	0
0.014867	0.035365	0
0.014876	0.035363	0
0.014885	0.035362	0
0.014894	0.035361	0
0.014903	0.03536	0
0.014909	0.035359	0
0.014918	0.035358	0
0.014927	0.035357	0
0.014935	0.035355	0
0.014944	0.035354	0
0.01495	0.035353	0
0.014959	0.035352	0
0.014968	0.035351	0
0.014977	0.035349	0
0.014986	0.035348	0
0.014992	0.035347	0
0.015001	0.035346	0
0.01501	0.035345	0
0.015019	0.035344	0
0.015028	0.035342	0
0.015034	0.035341	0
0.015042	0.03534	0
0.015051	0.035339	0
0.01506	0.035338	0
0.015069	0.035336	0
0.015075	0.035335	0
0.015084	0.035334	0
0.015093	0.035333	0
0.015102	0.035331	0
0.015111	0.03533	0
0.015117	0.035329	0
0.015126	0.035328	0
0.015135	0.035327	0
0.015144	0.035325	0
0.015153	0.035324	0
0.015159	0.035323	0
0.015168	0.035322	0
0.015177	0.03532	0
0.015186	0.035319	0
0.015195	0.035318	0
0.015201	0.035317	0
0.015209	0.035316	0
0.015218	0.035314	0
0.015227	0.035313	0
0.015236	0.035311	0
0.015242	0.035311	0
0.015251	0.035309	0
0.01526	0.035308	0
0.015269	0.035306	0
0.015278	0.035305	0
0.015284	0.035304	0
0.015293	0.035303	0
0.015302	0.035301	0
0.015311	0.0353	0
0.01532	0.035299	0
0.015326	0.035298	0
0.015335	0.035296	0
0.015344	0.035295	0
0.015353	0.035293	0
0.015362	0.035292	0
0.015368	0.035291	0
0.015377	0.03529	0
0.015386	0.035288	0
0.015395	0.035287	0
0.015404	0.035285	0
0.01541	0.035284	0
0.015419	0.035283	0
0.015428	0.035282	0
0.015437	0.03528	0
0.015446	0.035279	0
0.015452	0.035278	0
0.015461	0.035276	0
0.01547	0.035275	0
0.015479	0.035273	0
0.015488	0.035272	0
0.015494	0.035271	0
0.015503	0.035269	0
0.015512	0.035268	0
0.015521	0.035267	0
0.01553	0.035265	0
0.015536	0.035264	0
0.015545	0.035263	0
0.015554	0.035261	0
0.015563	0.03526	0
0.015572	0.035258	0
0.015578	0.035257	0
0.015587	0.035256	0
0.015597	0.035254	0
0.015606	0.035253	0
0.015615	0.035251	0
0.015621	0.03525	0
0.01563	0.035249	0
0.015639	0.035247	0
0.015648	0.035246	0
0.015657	0.035244	0
0.015663	0.035243	0
0.015672	0.035241	0
0.015681	0.03524	0
0.01569	0.035238	0
0.015699	0.035237	0
0.015705	0.035236	0
0.015714	0.035234	0
0.015723	0.035233	0
0.015732	0.035231	0
0.015741	0.03523	0
0.015747	0.035229	0
0.015756	0.035227	0
0.015765	0.035225	0
0.015775	0.035224	0
0.015784	0.035222	0
0.01579	0.035221	0
0.015799	0.03522	0
0.015808	0.035218	0
0.015817	0.035216	0
0.015826	0.035215	0
0.015832	0.035214	0
0.015841	0.035212	0
0.01585	0.035211	0
0.015859	0.035209	0
0.015868	0.035207	0
0.015874	0.035206	0
0.015883	0.035205	0
0.015893	0.035203	0
0.015902	0.035201	0
0.015911	0.0352	0
0.015917	0.035199	0
0.015926	0.035197	0
0.015935	0.035195	0
0.015944	0.035194	0
0.015953	0.035192	0
0.015959	0.035191	0
0.015968	0.035189	0
0.015977	0.035188	0
0.015986	0.035186	0
0.015996	0.035184	0
0.016002	0.035183	0
0.016011	0.035182	0
0.01602	0.03518	0
0.016029	0.035178	0
0.016038	0.035177	0
0.016044	0.035176	0
0.016053	0.035174	0
0.016062	0.035172	0
0.016071	0.035171	0
0.016081	0.035169	0
0.016087	0.035168	0
0.016096	0.035166	0
0.016105	0.035164	0
0.016114	0.035163	0
0.016123	0.035161	0
0.016129	0.03516	0
0.016138	0.035158	0
0.016147	0.035156	0
0.016156	0.035155	0
0.016166	0.035153	0
0.016172	0.035152	0
0.016181	0.03515	0
0.01619	0.035148	0
0.016199	0.035147	0
0.016208	0.035145	0
0.016214	0.035144	0
0.016223	0.035142	0
0.016233	0.03514	0
0.016242	0.035138	0
0.016251	0.035137	0
0.016257	0.035136	0
0.016266	0.035134	0
0.016275	0.035132	0
0.016284	0.03513	0
0.016293	0.035128	0
0.0163	0.035127	0
0.016309	0.035125	0
0.016318	0.035124	0
0.016327	0.035122	0
0.016336	0.03512	0
0.016342	0.035119	0
0.016351	0.035117	0
0.016361	0.035115	0
0.01637	0.035114	0
0.016379	0.035112	0
0.016385	0.035111	0
0.016394	0.035109	0
0.016403	0.035107	0
0.016412	0.035105	0
0.016422	0.035103	0
0.016428	0.035102	0
0.016437	0.0351	0
0.016446	0.035098	0
0.016455	0.035097	0
0.016464	0.035095	0
0.01647	0.035094	0
0.01648	0.035092	0
0.016489	0.03509	0
0.016498	0.035088	0
0.016507	0.035086	0
0.016513	0.035085	0
0.016522	0.035083	0
0.016531	0.035081	0
0.016541	0.035079	0
0.01655	0.035077	0
0.016556	0.035076	0
0.016565	0.035074	0
0.016574	0.035072	0
0.016583	0.035071	0
0.016593	0.035069	0
0.016599	0.035067	0
0.016608	0.035066	0
0.016617	0.035064	0
0.016626	0.035062	0
0.016635	0.03506	0
0.016642	0.035059	0
0.016651	0.035057	0
0.01666	0.035055	0
0.016669	0.035053	0
0.016678	0.035051	0
0.016684	0.03505	0
0.016694	0.035048	0
0.016703	0.035046	0
0.016712	0.035044	0
0.016721	0.035042	0
0.016727	0.035041	0
0.016736	0.035039	0
0.016746	0.035037	0
0.016755	0.035035	0
0.016764	0.035033	0
0.01677	0.035032	0
0.016779	0.03503	0
0.016789	0.035028	0
0.016798	0.035026	0
0.016807	0.035024	0
0.016813	0.035022	0
0.016822	0.03502	0
0.016831	0.035018	0
0.016841	0.035016	0
0.01685	0.035015	0
0.016856	0.035013	0
0.016865	0.035011	0
0.016874	0.035009	0
0.016884	0.035007	0
0.016893	0.035005	0
0.016899	0.035004	0
0.016908	0.035002	0
0.016917	0.035	0
0.016927	0.034998	0
0.016936	0.034996	0
0.016942	0.034995	0
0.016951	0.034993	0
0.01696	0.03499	0
0.01697	0.034988	0
0.016979	0.034986	0
0.016985	0.034985	0
0.016994	0.034983	0
0.017003	0.034981	0
0.017013	0.034979	0
0.017022	0.034977	0
0.017028	0.034976	0
0.017037	0.034974	0
0.017046	0.034971	0
0.017056	0.034969	0
0.017065	0.034967	0
0.017071	0.034966	0
0.01708	0.034964	0
0.017089	0.034962	0
0.017099	0.03496	0
0.017108	0.034958	0
0.017114	0.034956	0
0.017123	0.034954	0
0.017132	0.034952	0
0.017142	0.03495	0
0.017151	0.034948	0
0.017157	0.034947	0
0.017166	0.034944	0
0.017176	0.034942	0
0.017185	0.03494	0
0.017194	0.034938	0
0.0172	0.034937	0
0.017209	0.034935	0
0.017219	0.034932	0
0.017228	0.03493	0
0.017237	0.034928	0
0.017243	0.034927	0
0.017252	0.034925	0
0.017262	0.034923	0
0.017271	0.03492	0
0.01728	0.034918	0
0.017286	0.034917	0
0.017296	0.034915	0
0.017305	0.034913	0
0.017314	0.03491	0
0.017323	0.034908	0
0.01733	0.034907	0
0.017339	0.034905	0
0.017348	0.034903	0
0.017357	0.0349	0
0.017366	0.034898	0
0.017373	0.034897	0
0.017382	0.034895	0
0.017391	0.034892	0
0.0174	0.03489	0
0.01741	0.034888	0
0.017416	0.034887	0
0.017425	0.034884	0
0.017434	0.034882	0
0.017444	0.03488	0
0.017453	0.034878	0
0.017459	0.034876	0
0.017468	0.034874	0
0.017477	0.034872	0
0.017487	0.03487	0
0.017496	0.034867	0
0.017502	0.034866	0
0.017511	0.034864	0
0.017521	0.034861	0
0.01753	0.034859	0
0.017539	0.034857	0
0.017545	0.034856	0
0.017555	0.034853	0
0.017564	0.034851	0
0.017573	0.034849	0
0.017582	0.034847	0
0.017589	0.034845	0
0.017598	0.034843	0
0.017607	0.034841	0
0.017616	0.034838	0
0.017626	0.034836	0
0.017632	0.034834	0
0.017641	0.034832	0
0.01765	0.03483	0
0.01766	0.034828	0
0.017669	0.034825	0
0.017675	0.034824	0
0.017684	0.034822	0
0.017694	0.034819	0
0.017703	0.034817	0
0.017712	0.034815	0
0.017718	0.034813	0
0.017728	0.034811	0
0.017737	0.034809	0
0.017746	0.034806	0
0.017755	0.034804	0
0.017762	0.034802	0
0.017771	0.0348	0
0.01778	0.034798	0
0.017789	0.034795	0
0.017799	0.034793	0
0.017805	0.034792	0
0.017814	0.034789	0
0.017823	0.034787	0
0.017833	0.034785	0
0.017842	0.034782	0
0.017848	0.034781	0
0.017857	0.034778	0
0.017867	0.034776	0
0.017876	0.034774	0
0.017885	0.034771	0
0.017891	0.03477	0
0.017901	0.034767	0
0.01791	0.034765	0
0.017919	0.034763	0
0.017929	0.03476	0
0.017935	0.034759	0
0.017944	0.034756	0
0.017953	0.034754	0
0.017963	0.034751	0
0.017972	0.034749	0
0.017978	0.034747	0
0.017987	0.034745	0
0.017997	0.034743	0
0.018006	0.03474	0
0.018015	0.034738	0
0.018021	0.034736	0
0.018031	0.034734	0
0.01804	0.034731	0
0.018049	0.034729	0
0.018059	0.034727	0
0.018065	0.034725	0
0.018074	0.034722	0
0.018083	0.03472	0
0.018093	0.034718	0
0.018102	0.034715	0
0.018108	0.034714	0
0.018117	0.034711	0
0.018127	0.034709	0
0.018136	0.034706	0
0.018145	0.034704	0
0.018152	0.034702	0
0.018161	0.0347	0
0.01817	0.034697	0
0.018179	0.034695	0
0.018189	0.034692	0
0.018195	0.034691	0
0.018204	0.034688	0
0.018213	0.034686	0
0.018223	0.034683	0
0.018232	0.034681	0
0.018238	0.034679	0
0.018248	0.034677	0
0.018257	0.034674	0
0.018266	0.034672	0
0.018275	0.034669	0
0.018282	0.034667	0
0.018291	0.034665	0
0.0183	0.034662	0
0.01831	0.03466	0
0.018319	0.034657	0
0.018325	0.034656	0
0.018334	0.034653	0
0.018344	0.034651	0
0.018353	0.034648	0
0.018362	0.034646	0
0.018368	0.034644	0
0.018378	0.034641	0
0.018387	0.034639	0
0.018396	0.034636	0
0.018406	0.034634	0
0.018412	0.034632	0
0.018421	0.034629	0
0.018431	0.034627	0
0.01844	0.034624	0
0.018449	0.034622	0
0.018455	0.03462	0
0.018465	0.034617	0
0.018474	0.034615	0
0.018483	0.034612	0
0.018493	0.03461	0
0.018499	0.034608	0
0.018508	0.034605	0
0.018517	0.034603	0
0.018527	0.0346	0
0.018536	0.034598	0
0.018542	0.034596	0
0.018552	0.034593	0
0.018561	0.034591	0
0.01857	0.034588	0
0.018579	0.034586	0
0.018586	0.034584	0
0.018595	0.034581	0
0.018604	0.034579	0
0.018614	0.034576	0
0.018623	0.034573	0
0.018629	0.034572	0
0.018638	0.034569	0
0.018648	0.034566	0
0.018657	0.034564	0
0.018666	0.034561	0
0.018673	0.034559	0
0.018682	0.034557	0
0.018691	0.034554	0
0.018701	0.034551	0
0.01871	0.034549	0
0.018716	0.034547	0
0.018725	0.034544	0
0.018735	0.034542	0
0.018744	0.034539	0
0.018753	0.034536	0
0.01876	0.034534	0
0.018769	0.034532	0
0.018778	0.034529	0
0.018787	0.034526	0
0.018797	0.034524	0
0.018803	0.034522	0
0.018812	0.034519	0
0.018822	0.034517	0
0.018831	0.034514	0
0.01884	0.034511	0
0.018846	0.034509	0
0.018856	0.034507	0
0.018865	0.034504	0
0.018874	0.034501	0
0.018884	0.034499	0
0.01889	0.034497	0
0.018899	0.034494	0
0.018909	0.034491	0
0.018918	0.034489	0
0.018927	0.034486	0
0.018933	0.034484	0
0.018943	0.034481	0
0.018952	0.034479	0
0.018961	0.034476	0
0.018971	0.034473	0
0.018977	0.034471	0
0.018986	0.034468	0
0.018996	0.034466	0
0.019005	0.034463	0
0.019014	0.03446	0
0.01902	0.034458	0
0.01903	0.034456	0
0.019039	0.034453	0
0.019048	0.03445	0
0.019058	0.034447	0
0.019064	0.034445	0
0.019073	0.034443	0
0.019083	0.03444	0
0.019092	0.034437	0
0.019101	0.034434	0
0.019107	0.034432	0
0.019117	0.03443	0
0.019126	0.034427	0
0.019135	0.034424	0
0.019145	0.034421	0
0.019151	0.034419	0
0.01916	0.034416	0
0.01917	0.034414	0
0.019179	0.034411	0
0.019188	0.034408	0
0.019194	0.034406	0
0.019204	0.034403	0
0.019213	0.0344	0
0.019222	0.034398	0
0.019232	0.034395	0
0.019238	0.034393	0
0.019247	0.03439	0
0.019257	0.034387	0
0.019266	0.034384	0
0.019275	0.034381	0
0.019282	0.03438	0
0.019291	0.034377	0
0.0193	0.034374	0
0.01931	0.034371	0
0.019319	0.034368	0
0.019325	0.034366	0
0.019334	0.034363	0
0.019344	0.03436	0
0.019353	0.034358	0
0.019362	0.034355	0
0.019369	0.034353	0
0.019378	0.03435	0
0.019387	0.034347	0
0.019397	0.034344	0
0.019406	0.034341	0
0.019412	0.034339	0
0.019421	0.034336	0
0.019431	0.034333	0
0.01944	0.034331	0
0.019449	0.034328	0
0.019456	0.034326	0
0.019465	0.034323	0
0.019474	0.03432	0
0.019484	0.034317	0
0.019493	0.034314	0
0.019499	0.034312	0
0.019509	0.034309	0
0.019518	0.034306	0
0.019527	0.034303	0
0.019536	0.0343	0
0.019543	0.034298	0
0.019552	0.034295	0
0.019561	0.034292	0
0.019571	0.034289	0
0.01958	0.034286	0
0.019586	0.034284	0
0.019596	0.034282	0
0.019605	0.034279	0
0.019614	0.034276	0
0.019624	0.034273	0
0.01963	0.034271	0
0.019639	0.034268	0
0.019648	0.034265	0
0.019658	0.034262	0
0.019667	0.034259	0
0.019673	0.034257	0
0.019683	0.034254	0
0.019692	0.034251	0
0.019701	0.034248	0
0.019711	0.034245	0
0.019717	0.034243	0
0.019726	0.03424	0
0.019736	0.034237	0
0.019745	0.034234	0
0.019754	0.034231	0
0.01976	0.034229	0
0.01977	0.034226	0
0.019779	0.034223	0
0.019788	0.03422	0
0.019798	0.034216	0
0.019804	0.034214	0
0.019813	0.034211	0
0.019823	0.034208	0
0.019832	0.034205	0
0.019841	0.034202	0
0.019847	0.0342	0
0.019857	0.034197	0
0.019866	0.034194	0
0.019875	0.034191	0
0.019885	0.034188	0
0.019891	0.034186	0
0.0199	0.034183	0
0.01991	0.03418	0
0.019919	0.034177	0
0.019928	0.034174	0
0.019935	0.034172	0
0.019944	0.034168	0
0.019953	0.034165	0
0.019963	0.034162	0
0.019972	0.034159	0
0.019978	0.034157	0
0.019987	0.034154	0
0.019997	0.034151	0
0.020006	0.034148	0
0.020015	0.034145	0
0.020022	0.034143	0
0.020031	0.03414	0
0.02004	0.034136	0
0.02005	0.034133	0
0.020059	0.03413	0
0.020065	0.034128	0
0.020074	0.034125	0
0.020084	0.034122	0
0.020093	0.034119	0
0.020102	0.034116	0
0.020109	0.034113	0
0.020118	0.03411	0
0.020127	0.034107	0
0.020137	0.034104	0
0.020146	0.034101	0
0.020152	0.034099	0
0.020162	0.034096	0
0.020171	0.034092	0
0.02018	0.034089	0
0.02019	0.034086	0
0.020196	0.034084	0
0.020205	0.034081	0
0.020214	0.034078	0
0.020224	0.034074	0
0.020233	0.034071	0
0.020239	0.034069	0
0.020249	0.034066	0
0.020258	0.034063	0
0.020267	0.034059	0
0.020277	0.034056	0
0.020283	0.034054	0
0.020292	0.034051	0
0.020301	0.034048	0
0.020311	0.034045	0
0.02032	0.034041	0
0.020326	0.034039	0
0.020336	0.034036	0
0.020345	0.034033	0
0.020354	0.034029	0
0.020364	0.034026	0
0.02037	0.034024	0
0.020379	0.034021	0
0.020388	0.034018	0
0.020398	0.034014	0
0.020407	0.034011	0
0.020413	0.034009	0
0.020423	0.034006	0
0.020432	0.034002	0
