29.47	-25.534	0
29.476	-25.526	0
29.483	-25.515	0
29.489	-25.507	0
29.495	-25.499	0
29.503	-25.488	0
29.509	-25.48	0
29.514	-25.471	0
29.52	-25.463	0
29.528	-25.452	0
29.534	-25.444	0
29.539	-25.436	0
29.547	-25.425	0
29.553	-25.417	0
29.559	-25.408	0
29.566	-25.397	0
29.572	-25.389	0
29.578	-25.381	0
29.584	-25.373	0
29.591	-25.362	0
29.597	-25.354	0
29.603	-25.345	0
29.61	-25.334	0
29.616	-25.326	0
29.622	-25.318	0
29.63	-25.307	0
29.635	-25.299	0
29.641	-25.29	0
29.647	-25.282	0
29.654	-25.271	0
29.66	-25.263	0
29.666	-25.255	0
29.673	-25.244	0
29.679	-25.235	0
29.685	-25.227	0
29.693	-25.216	0
29.698	-25.208	0
29.704	-25.2	0
29.71	-25.191	0
29.717	-25.18	0
29.723	-25.172	0
29.729	-25.164	0
29.736	-25.153	0
29.742	-25.145	0
29.748	-25.136	0
29.755	-25.125	0
29.761	-25.117	0
29.766	-25.109	0
29.772	-25.1	0
29.78	-25.089	0
29.785	-25.081	0
29.791	-25.073	0
29.799	-25.062	0
29.804	-25.054	0
29.81	-25.045	0
29.817	-25.034	0
29.823	-25.026	0
29.829	-25.018	0
29.834	-25.009	0
29.842	-24.998	0
29.847	-24.99	0
29.853	-24.982	0
29.861	-24.971	0
29.866	-24.962	0
29.872	-24.954	0
29.879	-24.943	0
29.885	-24.935	0
29.891	-24.926	0
29.896	-24.918	0
29.904	-24.907	0
29.909	-24.899	0
29.915	-24.89	0
29.922	-24.879	0
29.928	-24.871	0
29.933	-24.863	0
29.941	-24.852	0
29.946	-24.843	0
29.952	-24.835	0
29.958	-24.827	0
29.965	-24.816	0
29.971	-24.807	0
29.976	-24.799	0
29.984	-24.788	0
29.989	-24.779	0
29.995	-24.771	0
30.002	-24.76	0
30.008	-24.752	0
30.013	-24.743	0
30.019	-24.735	0
30.026	-24.724	0
30.032	-24.716	0
30.037	-24.707	0
30.045	-24.696	0
30.05	-24.688	0
30.056	-24.679	0
30.063	-24.668	0
30.069	-24.66	0
30.074	-24.652	0
30.08	-24.643	0
30.087	-24.632	0
30.093	-24.624	0
30.098	-24.615	0
30.105	-24.604	0
30.111	-24.596	0
30.116	-24.588	0
30.124	-24.576	0
30.129	-24.568	0
30.135	-24.56	0
30.14	-24.551	0
30.148	-24.54	0
30.153	-24.532	0
30.158	-24.523	0
30.166	-24.512	0
30.171	-24.504	0
30.177	-24.495	0
30.184	-24.484	0
30.189	-24.476	0
30.195	-24.468	0
30.2	-24.459	0
30.208	-24.448	0
30.213	-24.44	0
30.219	-24.431	0
30.226	-24.42	0
30.231	-24.412	0
30.237	-24.403	0
30.244	-24.392	0
30.249	-24.384	0
30.255	-24.375	0
30.26	-24.367	0
30.268	-24.356	0
30.273	-24.347	0
30.278	-24.339	0
30.286	-24.328	0
30.291	-24.319	0
30.296	-24.311	0
30.304	-24.3	0
30.309	-24.291	0
30.314	-24.283	0
30.32	-24.274	0
30.327	-24.263	0
30.332	-24.255	0
30.338	-24.246	0
30.345	-24.235	0
30.35	-24.227	0
30.356	-24.218	0
30.363	-24.207	0
30.368	-24.199	0
30.374	-24.19	0
30.379	-24.182	0
30.386	-24.171	0
30.392	-24.162	0
30.397	-24.154	0
30.404	-24.142	0
30.409	-24.134	0
30.415	-24.126	0
30.422	-24.114	0
30.427	-24.106	0
30.433	-24.098	0
30.438	-24.089	0
30.445	-24.078	0
30.45	-24.069	0
30.456	-24.061	0
30.463	-24.05	0
30.468	-24.041	0
30.473	-24.033	0
30.481	-24.022	0
30.486	-24.013	0
30.491	-24.005	0
30.496	-23.996	0
30.504	-23.985	0
30.509	-23.976	0
30.514	-23.968	0
30.521	-23.957	0
30.526	-23.948	0
30.532	-23.94	0
30.539	-23.928	0
30.544	-23.92	0
30.549	-23.912	0
30.555	-23.903	0
30.562	-23.892	0
30.567	-23.883	0
30.572	-23.875	0
30.579	-23.864	0
30.584	-23.855	0
30.59	-23.847	0
30.597	-23.835	0
30.602	-23.827	0
30.607	-23.818	0
30.613	-23.81	0
30.62	-23.799	0
30.625	-23.79	0
30.63	-23.782	0
30.637	-23.77	0
30.642	-23.762	0
30.647	-23.753	0
30.654	-23.742	0
30.66	-23.733	0
30.665	-23.725	0
30.67	-23.716	0
30.677	-23.705	0
30.682	-23.697	0
30.687	-23.688	0
30.694	-23.677	0
30.7	-23.668	0
30.705	-23.66	0
30.712	-23.648	0
30.717	-23.64	0
30.722	-23.631	0
30.727	-23.623	0
30.734	-23.612	0
30.739	-23.603	0
30.745	-23.595	0
30.751	-23.583	0
30.757	-23.575	0
30.762	-23.566	0
30.769	-23.555	0
30.774	-23.546	0
30.779	-23.538	0
30.784	-23.529	0
30.791	-23.518	0
30.796	-23.509	0
30.801	-23.501	0
30.808	-23.489	0
30.813	-23.481	0
30.818	-23.472	0
30.825	-23.461	0
30.83	-23.453	0
30.836	-23.444	0
30.841	-23.435	0
30.847	-23.424	0
30.853	-23.416	0
30.858	-23.407	0
30.865	-23.396	0
30.87	-23.387	0
30.875	-23.379	0
30.882	-23.367	0
30.887	-23.359	0
30.892	-23.35	0
30.897	-23.341	0
30.904	-23.33	0
30.909	-23.322	0
30.914	-23.313	0
30.921	-23.302	0
30.926	-23.293	0
30.931	-23.284	0
30.938	-23.273	0
30.943	-23.264	0
30.948	-23.256	0
30.953	-23.247	0
30.959	-23.236	0
30.965	-23.227	0
30.97	-23.219	0
30.976	-23.207	0
30.981	-23.199	0
30.986	-23.19	0
30.993	-23.179	0
30.998	-23.17	0
31.003	-23.162	0
31.008	-23.153	0
31.015	-23.142	0
31.02	-23.133	0
31.025	-23.124	0
31.032	-23.113	0
31.037	-23.104	0
31.042	-23.096	0
31.048	-23.084	0
31.053	-23.076	0
31.058	-23.067	0
31.063	-23.059	0
31.07	-23.047	0
31.075	-23.039	0
31.08	-23.03	0
31.087	-23.019	0
31.092	-23.01	0
31.097	-23.001	0
31.103	-22.99	0
31.108	-22.981	0
31.113	-22.973	0
31.118	-22.964	0
31.125	-22.953	0
31.13	-22.944	0
31.135	-22.935	0
31.141	-22.924	0
31.146	-22.915	0
31.151	-22.907	0
31.158	-22.895	0
31.163	-22.887	0
31.168	-22.878	0
31.173	-22.869	0
31.179	-22.858	0
31.184	-22.849	0
31.189	-22.841	0
31.196	-22.829	0
31.201	-22.821	0
31.206	-22.812	0
31.212	-22.8	0
31.217	-22.792	0
31.222	-22.783	0
31.227	-22.775	0
31.233	-22.763	0
31.238	-22.754	0
31.243	-22.746	0
31.25	-22.734	0
31.255	-22.726	0
31.26	-22.717	0
31.266	-22.706	0
31.271	-22.697	0
31.276	-22.688	0
31.281	-22.68	0
31.287	-22.668	0
31.292	-22.659	0
31.297	-22.651	0
31.303	-22.639	0
31.308	-22.631	0
31.313	-22.622	0
31.32	-22.61	0
31.325	-22.602	0
31.329	-22.593	0
31.334	-22.585	0
31.341	-22.573	0
31.346	-22.564	0
31.35	-22.556	0
31.357	-22.544	0
31.362	-22.535	0
31.366	-22.527	0
31.373	-22.515	0
31.378	-22.507	0
31.383	-22.498	0
31.387	-22.489	0
31.394	-22.478	0
31.399	-22.469	0
31.403	-22.46	0
31.41	-22.449	0
31.415	-22.44	0
31.419	-22.432	0
31.426	-22.42	0
31.431	-22.411	0
31.435	-22.403	0
31.44	-22.394	0
31.447	-22.382	0
31.451	-22.374	0
31.456	-22.365	0
31.462	-22.353	0
31.467	-22.345	0
31.472	-22.336	0
31.478	-22.324	0
31.483	-22.316	0
31.488	-22.307	0
31.493	-22.298	0
31.499	-22.287	0
31.504	-22.278	0
31.508	-22.269	0
31.515	-22.258	0
31.52	-22.249	0
31.524	-22.24	0
31.531	-22.229	0
31.535	-22.22	0
31.54	-22.211	0
31.545	-22.203	0
31.551	-22.191	0
31.556	-22.182	0
31.56	-22.174	0
31.567	-22.162	0
31.571	-22.153	0
31.576	-22.145	0
31.582	-22.133	0
31.587	-22.124	0
31.592	-22.116	0
31.597	-22.107	0
31.603	-22.095	0
31.607	-22.087	0
31.612	-22.078	0
31.618	-22.066	0
31.623	-22.058	0
31.628	-22.049	0
31.634	-22.037	0
31.639	-22.029	0
31.643	-22.02	0
31.648	-22.011	0
31.654	-22	0
31.659	-21.991	0
31.663	-21.982	0
31.67	-21.97	0
31.674	-21.962	0
31.679	-21.953	0
31.685	-21.941	0
31.69	-21.933	0
31.694	-21.924	0
31.699	-21.915	0
31.705	-21.903	0
31.71	-21.895	0
31.714	-21.886	0
31.721	-21.874	0
31.725	-21.866	0
31.73	-21.857	0
31.736	-21.845	0
31.741	-21.836	0
31.745	-21.828	0
31.75	-21.819	0
31.756	-21.807	0
31.761	-21.799	0
31.765	-21.79	0
31.771	-21.778	0
31.776	-21.769	0
31.78	-21.761	0
31.786	-21.749	0
31.791	-21.74	0
31.796	-21.732	0
31.8	-21.723	0
31.806	-21.711	0
31.811	-21.702	0
31.815	-21.694	0
31.821	-21.682	0
31.826	-21.673	0
31.831	-21.664	0
31.837	-21.653	0
31.841	-21.644	0
31.846	-21.635	0
31.85	-21.626	0
31.856	-21.615	0
31.861	-21.606	0
31.865	-21.597	0
31.871	-21.585	0
31.876	-21.577	0
31.88	-21.568	0
31.886	-21.556	0
31.891	-21.547	0
31.895	-21.539	0
31.9	-21.53	0
31.906	-21.518	0
31.91	-21.509	0
31.915	-21.501	0
31.921	-21.489	0
31.925	-21.48	0
31.93	-21.471	0
31.936	-21.46	0
31.94	-21.451	0
31.945	-21.442	0
31.949	-21.433	0
31.955	-21.422	0
31.96	-21.413	0
31.964	-21.404	0
31.97	-21.392	0
31.975	-21.383	0
31.979	-21.375	0
31.985	-21.363	0
31.989	-21.354	0
31.994	-21.345	0
31.998	-21.337	0
32.004	-21.325	0
32.009	-21.316	0
32.013	-21.307	0
32.019	-21.295	0
32.023	-21.287	0
32.028	-21.278	0
32.034	-21.266	0
32.038	-21.257	0
32.043	-21.248	0
32.047	-21.24	0
32.053	-21.228	0
32.057	-21.219	0
32.062	-21.21	0
32.068	-21.199	0
32.072	-21.19	0
32.076	-21.181	0
32.082	-21.169	0
32.087	-21.16	0
32.091	-21.152	0
32.095	-21.143	0
32.101	-21.131	0
32.106	-21.122	0
32.11	-21.113	0
32.116	-21.102	0
32.12	-21.093	0
32.124	-21.084	0
32.13	-21.072	0
32.135	-21.063	0
32.139	-21.054	0
32.143	-21.046	0
32.149	-21.034	0
32.153	-21.025	0
32.158	-21.016	0
32.164	-21.004	0
32.168	-20.996	0
32.172	-20.987	0
32.178	-20.975	0
32.182	-20.966	0
32.187	-20.957	0
32.191	-20.948	0
32.197	-20.937	0
32.201	-20.928	0
32.205	-20.919	0
32.211	-20.907	0
32.215	-20.898	0
32.22	-20.889	0
32.225	-20.878	0
32.23	-20.869	0
32.234	-20.86	0
32.238	-20.851	0
32.244	-20.839	0
32.248	-20.83	0
32.252	-20.822	0
32.258	-20.81	0
32.262	-20.801	0
32.267	-20.792	0
32.272	-20.78	0
32.277	-20.771	0
32.281	-20.763	0
32.285	-20.754	0
32.291	-20.742	0
32.295	-20.733	0
32.299	-20.724	0
32.305	-20.712	0
32.309	-20.704	0
32.313	-20.695	0
32.319	-20.683	0
32.323	-20.674	0
32.328	-20.665	0
32.332	-20.656	0
32.337	-20.644	0
32.342	-20.636	0
32.346	-20.627	0
32.351	-20.615	0
32.356	-20.606	0
32.36	-20.597	0
32.365	-20.585	0
32.37	-20.576	0
32.374	-20.567	0
32.378	-20.559	0
32.384	-20.547	0
32.388	-20.538	0
32.392	-20.529	0
32.397	-20.517	0
32.402	-20.508	0
32.406	-20.499	0
32.411	-20.488	0
32.416	-20.479	0
32.42	-20.47	0
32.424	-20.461	0
32.429	-20.449	0
32.434	-20.44	0
32.438	-20.431	0
32.443	-20.419	0
32.447	-20.411	0
32.451	-20.402	0
32.457	-20.39	0
32.461	-20.381	0
32.465	-20.372	0
32.469	-20.363	0
32.475	-20.351	0
32.479	-20.342	0
32.483	-20.333	0
32.489	-20.322	0
32.493	-20.313	0
32.497	-20.304	0
32.502	-20.292	0
32.506	-20.283	0
32.51	-20.274	0
32.515	-20.265	0
32.52	-20.253	0
32.524	-20.244	0
32.528	-20.235	0
32.534	-20.224	0
32.538	-20.215	0
32.542	-20.206	0
32.547	-20.194	0
32.551	-20.185	0
32.555	-20.176	0
32.559	-20.167	0
32.565	-20.155	0
32.569	-20.146	0
32.573	-20.137	0
32.578	-20.126	0
32.582	-20.117	0
32.586	-20.108	0
32.592	-20.096	0
32.596	-20.087	0
32.6	-20.078	0
32.604	-20.069	0
32.609	-20.057	0
32.613	-20.048	0
32.617	-20.039	0
32.623	-20.027	0
32.627	-20.018	0
32.631	-20.01	0
32.636	-19.998	0
32.64	-19.989	0
32.644	-19.98	0
32.648	-19.971	0
32.653	-19.959	0
32.657	-19.95	0
32.661	-19.941	0
32.667	-19.929	0
32.671	-19.92	0
32.675	-19.911	0
32.68	-19.899	0
32.684	-19.89	0
32.688	-19.881	0
32.692	-19.872	0
32.697	-19.861	0
32.701	-19.852	0
32.705	-19.843	0
32.71	-19.831	0
32.714	-19.822	0
32.718	-19.813	0
32.723	-19.801	0
32.727	-19.792	0
32.731	-19.783	0
32.735	-19.774	0
32.74	-19.762	0
32.744	-19.753	0
32.748	-19.744	0
32.754	-19.732	0
32.757	-19.723	0
32.761	-19.714	0
32.767	-19.702	0
32.77	-19.694	0
32.774	-19.685	0
32.778	-19.676	0
32.783	-19.664	0
32.787	-19.655	0
32.791	-19.646	0
32.796	-19.634	0
32.8	-19.625	0
32.804	-19.616	0
32.809	-19.604	0
32.813	-19.595	0
32.817	-19.586	0
32.821	-19.577	0
32.826	-19.565	0
32.83	-19.556	0
32.834	-19.547	0
32.839	-19.535	0
32.843	-19.526	0
32.847	-19.517	0
32.852	-19.505	0
32.856	-19.496	0
32.859	-19.487	0
32.863	-19.478	0
32.868	-19.466	0
32.872	-19.457	0
32.876	-19.448	0
32.881	-19.436	0
32.885	-19.428	0
32.889	-19.419	0
32.894	-19.407	0
32.898	-19.398	0
32.902	-19.389	0
32.905	-19.38	0
32.91	-19.368	0
32.914	-19.359	0
32.918	-19.35	0
32.923	-19.338	0
32.927	-19.329	0
32.931	-19.32	0
32.936	-19.308	0
32.939	-19.299	0
32.943	-19.29	0
32.947	-19.281	0
32.952	-19.269	0
32.956	-19.26	0
32.96	-19.251	0
32.965	-19.239	0
32.968	-19.23	0
32.972	-19.221	0
32.977	-19.209	0
32.981	-19.2	0
32.985	-19.191	0
32.988	-19.182	0
32.993	-19.17	0
32.997	-19.161	0
33.001	-19.152	0
33.006	-19.14	0
33.009	-19.131	0
33.013	-19.122	0
33.018	-19.11	0
33.022	-19.101	0
33.026	-19.092	0
33.029	-19.083	0
33.034	-19.071	0
33.038	-19.062	0
33.042	-19.053	0
33.046	-19.041	0
33.05	-19.032	0
33.054	-19.023	0
33.059	-19.011	0
33.062	-19.002	0
33.066	-18.993	0
33.07	-18.984	0
33.075	-18.972	0
33.078	-18.963	0
33.082	-18.954	0
33.087	-18.942	0
33.091	-18.933	0
33.094	-18.924	0
33.099	-18.912	0
33.103	-18.903	0
33.106	-18.894	0
33.11	-18.885	0
33.115	-18.873	0
33.118	-18.864	0
33.122	-18.855	0
33.127	-18.843	0
33.131	-18.834	0
33.134	-18.824	0
33.139	-18.812	0
33.143	-18.803	0
33.146	-18.794	0
33.15	-18.785	0
33.155	-18.773	0
33.158	-18.764	0
33.162	-18.755	0
33.167	-18.743	0
33.17	-18.734	0
33.174	-18.725	0
33.179	-18.713	0
33.182	-18.704	0
33.186	-18.695	0
33.189	-18.686	0
33.194	-18.674	0
33.198	-18.665	0
33.201	-18.656	0
33.206	-18.644	0
33.21	-18.635	0
33.213	-18.626	0
33.218	-18.614	0
33.221	-18.605	0
33.225	-18.596	0
33.229	-18.587	0
33.233	-18.575	0
33.237	-18.566	0
33.24	-18.557	0
33.245	-18.545	0
33.249	-18.535	0
33.252	-18.526	0
33.257	-18.514	0
33.26	-18.505	0
33.264	-18.496	0
33.267	-18.487	0
33.272	-18.475	0
33.276	-18.466	0
33.279	-18.457	0
33.284	-18.445	0
33.287	-18.436	0
33.291	-18.427	0
33.295	-18.415	0
33.299	-18.406	0
33.302	-18.397	0
33.306	-18.388	0
33.31	-18.376	0
33.314	-18.367	0
33.317	-18.358	0
33.322	-18.345	0
33.325	-18.336	0
33.329	-18.327	0
33.333	-18.315	0
33.337	-18.306	0
33.34	-18.297	0
33.344	-18.288	0
33.348	-18.276	0
33.352	-18.267	0
33.355	-18.258	0
33.36	-18.246	0
33.363	-18.237	0
33.367	-18.228	0
33.371	-18.216	0
33.375	-18.207	0
33.378	-18.198	0
33.382	-18.188	0
33.386	-18.176	0
33.39	-18.167	0
33.393	-18.158	0
33.397	-18.146	0
33.401	-18.137	0
33.404	-18.128	0
33.409	-18.116	0
33.412	-18.107	0
33.416	-18.098	0
33.419	-18.089	0
33.423	-18.077	0
33.427	-18.068	0
33.43	-18.059	0
33.435	-18.046	0
33.438	-18.037	0
33.441	-18.028	0
33.446	-18.016	0
33.449	-18.007	0
33.453	-17.998	0
33.456	-17.989	0
33.46	-17.977	0
33.464	-17.968	0
33.467	-17.959	0
33.471	-17.947	0
33.475	-17.938	0
33.478	-17.928	0
33.483	-17.916	0
33.486	-17.907	0
33.489	-17.898	0
33.493	-17.889	0
33.497	-17.877	0
33.5	-17.868	0
33.504	-17.859	0
33.508	-17.847	0
33.511	-17.838	0
33.515	-17.829	0
33.519	-17.816	0
33.522	-17.807	0
33.526	-17.798	0
33.529	-17.789	0
33.533	-17.777	0
33.536	-17.768	0
33.54	-17.759	0
33.544	-17.747	0
33.547	-17.738	0
33.551	-17.729	0
33.555	-17.717	0
33.558	-17.707	0
33.561	-17.698	0
33.565	-17.689	0
33.569	-17.677	0
33.572	-17.668	0
33.576	-17.659	0
33.58	-17.647	0
33.583	-17.638	0
33.586	-17.629	0
33.591	-17.617	0
33.594	-17.607	0
33.597	-17.598	0
33.6	-17.589	0
33.605	-17.577	0
33.608	-17.568	0
33.611	-17.559	0
33.615	-17.547	0
33.618	-17.538	0
33.622	-17.529	0
33.626	-17.516	0
33.629	-17.507	0
33.632	-17.498	0
33.635	-17.489	0
33.64	-17.477	0
33.643	-17.468	0
33.646	-17.459	0
33.65	-17.447	0
33.653	-17.438	0
33.657	-17.428	0
33.661	-17.416	0
33.664	-17.407	0
33.667	-17.398	0
33.67	-17.389	0
33.674	-17.377	0
33.678	-17.368	0
33.681	-17.359	0
33.685	-17.347	0
33.688	-17.337	0
33.691	-17.328	0
33.695	-17.316	0
33.699	-17.307	0
33.702	-17.298	0
33.705	-17.289	0
33.709	-17.277	0
33.712	-17.268	0
33.715	-17.258	0
33.719	-17.246	0
33.722	-17.237	0
33.725	-17.228	0
33.73	-17.216	0
33.733	-17.207	0
33.736	-17.198	0
33.739	-17.189	0
33.743	-17.176	0
33.746	-17.167	0
33.749	-17.158	0
33.753	-17.146	0
33.756	-17.137	0
33.759	-17.128	0
33.763	-17.116	0
33.766	-17.107	0
33.77	-17.097	0
33.773	-17.088	0
33.777	-17.076	0
33.78	-17.067	0
33.783	-17.058	0
33.787	-17.046	0
33.79	-17.037	0
33.793	-17.028	0
33.797	-17.015	0
33.8	-17.006	0
33.803	-16.997	0
33.806	-16.988	0
33.81	-16.976	0
33.813	-16.967	0
33.816	-16.958	0
33.82	-16.945	0
33.823	-16.936	0
33.826	-16.927	0
33.83	-16.915	0
33.833	-16.906	0
33.836	-16.897	0
33.839	-16.888	0
33.843	-16.876	0
33.846	-16.866	0
33.849	-16.857	0
33.853	-16.845	0
33.856	-16.836	0
33.859	-16.827	0
33.863	-16.815	0
33.866	-16.806	0
33.869	-16.796	0
33.872	-16.787	0
33.876	-16.775	0
33.878	-16.766	0
33.881	-16.757	0
33.885	-16.745	0
33.888	-16.736	0
33.891	-16.726	0
33.895	-16.714	0
33.898	-16.705	0
33.901	-16.696	0
33.904	-16.687	0
33.908	-16.675	0
33.911	-16.666	0
33.914	-16.656	0
33.917	-16.644	0
33.92	-16.635	0
33.923	-16.626	0
33.927	-16.614	0
33.93	-16.605	0
33.933	-16.595	0
33.936	-16.586	0
33.94	-16.574	0
33.943	-16.565	0
33.945	-16.556	0
33.949	-16.544	0
33.952	-16.535	0
33.955	-16.525	0
33.959	-16.513	0
33.962	-16.504	0
33.964	-16.495	0
33.967	-16.486	0
33.971	-16.474	0
33.974	-16.465	0
33.977	-16.455	0
33.981	-16.443	0
33.983	-16.434	0
33.986	-16.425	0
33.99	-16.413	0
33.993	-16.404	0
33.996	-16.394	0
33.999	-16.385	0
34.002	-16.373	0
34.005	-16.364	0
34.008	-16.355	0
34.012	-16.343	0
34.014	-16.334	0
34.017	-16.324	0
34.021	-16.312	0
34.024	-16.303	0
34.027	-16.294	0
34.029	-16.285	0
34.033	-16.273	0
34.036	-16.263	0
34.039	-16.254	0
34.042	-16.242	0
34.045	-16.233	0
34.048	-16.224	0
34.051	-16.212	0
34.054	-16.202	0
34.057	-16.193	0
34.06	-16.184	0
34.063	-16.172	0
34.066	-16.163	0
34.069	-16.154	0
34.073	-16.141	0
34.075	-16.132	0
34.078	-16.123	0
34.082	-16.111	0
34.084	-16.102	0
34.087	-16.093	0
34.09	-16.083	0
34.093	-16.071	0
34.096	-16.062	0
34.099	-16.053	0
34.102	-16.041	0
34.105	-16.032	0
34.108	-16.022	0
34.111	-16.01	0
34.114	-16.001	0
34.117	-15.992	0
34.12	-15.983	0
34.123	-15.971	0
34.126	-15.961	0
34.128	-15.952	0
34.132	-15.94	0
34.135	-15.931	0
34.137	-15.922	0
34.141	-15.91	0
34.144	-15.9	0
34.146	-15.891	0
34.149	-15.882	0
34.152	-15.87	0
34.155	-15.861	0
34.158	-15.852	0
34.161	-15.839	0
34.164	-15.83	0
34.166	-15.821	0
34.17	-15.809	0
34.173	-15.8	0
34.175	-15.791	0
34.178	-15.781	0
34.181	-15.769	0
34.184	-15.76	0
34.187	-15.751	0
34.19	-15.739	0
34.193	-15.73	0
34.195	-15.72	0
34.199	-15.708	0
34.201	-15.699	0
34.204	-15.69	0
34.206	-15.681	0
34.21	-15.669	0
34.212	-15.659	0
34.215	-15.65	0
34.218	-15.638	0
34.221	-15.629	0
34.224	-15.62	0
34.227	-15.607	0
34.23	-15.598	0
34.232	-15.589	0
34.235	-15.58	0
34.238	-15.568	0
34.241	-15.559	0
34.243	-15.549	0
34.247	-15.537	0
34.249	-15.528	0
34.252	-15.519	0
34.255	-15.507	0
34.257	-15.498	0
34.26	-15.488	0
34.263	-15.479	0
34.266	-15.467	0
34.268	-15.458	0
34.271	-15.449	0
34.274	-15.437	0
34.277	-15.427	0
34.279	-15.418	0
34.283	-15.406	0
34.285	-15.397	0
34.288	-15.388	0
34.29	-15.378	0
34.293	-15.366	0
34.296	-15.357	0
34.298	-15.348	0
34.302	-15.336	0
34.304	-15.327	0
34.306	-15.317	0
34.31	-15.305	0
34.312	-15.296	0
34.315	-15.287	0
34.317	-15.278	0
34.32	-15.265	0
34.323	-15.256	0
34.325	-15.247	0
34.329	-15.235	0
34.331	-15.226	0
34.333	-15.217	0
34.337	-15.204	0
34.339	-15.195	0
34.341	-15.186	0
34.344	-15.177	0
34.347	-15.165	0
34.349	-15.156	0
34.352	-15.146	0
34.355	-15.134	0
34.357	-15.125	0
34.36	-15.116	0
34.363	-15.104	0
34.365	-15.094	0
34.368	-15.085	0
34.37	-15.076	0
34.373	-15.064	0
34.376	-15.055	0
34.378	-15.046	0
34.381	-15.033	0
34.384	-15.024	0
34.386	-15.015	0
34.389	-15.003	0
34.392	-14.994	0
34.394	-14.985	0
34.396	-14.975	0
34.399	-14.963	0
34.402	-14.954	0
34.404	-14.945	0
34.407	-14.933	0
34.409	-14.923	0
34.412	-14.914	0
34.415	-14.902	0
34.417	-14.893	0
34.42	-14.884	0
34.422	-14.875	0
34.425	-14.862	0
34.427	-14.853	0
34.43	-14.844	0
34.433	-14.832	0
34.435	-14.823	0
34.437	-14.813	0
34.44	-14.801	0
34.443	-14.792	0
34.445	-14.783	0
34.447	-14.774	0
34.45	-14.762	0
34.452	-14.752	0
34.455	-14.743	0
34.458	-14.731	0
34.46	-14.722	0
34.462	-14.713	0
34.465	-14.7	0
34.467	-14.691	0
34.47	-14.682	0
34.472	-14.673	0
34.475	-14.661	0
34.477	-14.652	0
34.479	-14.642	0
34.482	-14.63	0
34.485	-14.621	0
34.487	-14.612	0
34.49	-14.6	0
34.492	-14.591	0
34.494	-14.581	0
34.496	-14.572	0
34.499	-14.56	0
34.502	-14.551	0
34.504	-14.542	0
34.507	-14.529	0
34.509	-14.52	0
34.511	-14.511	0
34.514	-14.499	0
34.516	-14.49	0
34.518	-14.481	0
34.521	-14.471	0
34.524	-14.459	0
34.526	-14.45	0
34.528	-14.441	0
34.531	-14.429	0
34.533	-14.42	0
34.535	-14.41	0
34.538	-14.398	0
34.54	-14.389	0
34.542	-14.38	0
34.544	-14.371	0
34.547	-14.358	0
34.549	-14.349	0
34.551	-14.34	0
34.554	-14.328	0
34.556	-14.319	0
34.559	-14.31	0
34.561	-14.297	0
34.564	-14.288	0
34.566	-14.279	0
34.568	-14.27	0
34.571	-14.258	0
34.573	-14.249	0
34.575	-14.239	0
34.578	-14.227	0
34.58	-14.218	0
34.582	-14.209	0
34.585	-14.197	0
34.587	-14.188	0
34.589	-14.178	0
34.591	-14.169	0
34.594	-14.157	0
34.596	-14.148	0
34.598	-14.139	0
34.6	-14.126	0
34.602	-14.117	0
34.604	-14.108	0
34.607	-14.096	0
34.609	-14.087	0
34.611	-14.078	0
34.613	-14.069	0
34.616	-14.056	0
34.618	-14.047	0
34.62	-14.038	0
34.623	-14.026	0
34.625	-14.017	0
34.627	-14.007	0
34.63	-13.995	0
34.632	-13.986	0
34.634	-13.977	0
34.636	-13.968	0
34.638	-13.956	0
34.64	-13.946	0
34.642	-13.937	0
34.645	-13.925	0
34.647	-13.916	0
34.649	-13.907	0
34.652	-13.895	0
34.654	-13.885	0
34.656	-13.876	0
34.657	-13.867	0
34.66	-13.855	0
34.662	-13.846	0
34.664	-13.837	0
34.667	-13.824	0
34.669	-13.815	0
34.671	-13.806	0
34.673	-13.794	0
34.675	-13.785	0
34.677	-13.776	0
34.679	-13.767	0
34.682	-13.754	0
34.683	-13.745	0
34.685	-13.736	0
34.688	-13.724	0
34.69	-13.715	0
34.692	-13.706	0
34.694	-13.693	0
34.696	-13.684	0
34.698	-13.675	0
34.7	-13.666	0
34.703	-13.654	0
34.704	-13.645	0
34.706	-13.635	0
34.709	-13.623	0
34.711	-13.614	0
34.713	-13.605	0
34.715	-13.593	0
34.717	-13.584	0
34.719	-13.575	0
34.721	-13.565	0
34.723	-13.553	0
34.725	-13.544	0
34.727	-13.535	0
34.729	-13.523	0
34.731	-13.514	0
34.733	-13.504	0
34.736	-13.492	0
34.737	-13.483	0
34.739	-13.474	0
34.741	-13.465	0
34.744	-13.453	0
34.745	-13.444	0
34.747	-13.434	0
34.75	-13.422	0
34.751	-13.413	0
34.753	-13.404	0
34.756	-13.392	0
34.758	-13.383	0
34.759	-13.374	0
34.761	-13.364	0
34.764	-13.352	0
34.765	-13.343	0
34.767	-13.334	0
34.769	-13.322	0
34.771	-13.313	0
34.773	-13.303	0
34.775	-13.291	0
34.777	-13.282	0
34.779	-13.273	0
34.781	-13.264	0
34.783	-13.252	0
34.785	-13.243	0
34.787	-13.234	0
34.789	-13.221	0
34.791	-13.212	0
34.792	-13.203	0
34.795	-13.191	0
34.796	-13.182	0
34.798	-13.173	0
34.8	-13.164	0
34.802	-13.151	0
34.804	-13.142	0
34.806	-13.133	0
34.808	-13.121	0
34.81	-13.112	0
34.811	-13.103	0
34.814	-13.091	0
34.815	-13.081	0
34.817	-13.072	0
34.819	-13.063	0
34.821	-13.051	0
34.823	-13.042	0
34.824	-13.033	0
34.827	-13.021	0
34.828	-13.012	0
34.83	-13.002	0
34.832	-12.99	0
34.834	-12.981	0
34.836	-12.972	0
34.837	-12.963	0
34.839	-12.951	0
34.841	-12.942	0
34.843	-12.933	0
34.845	-12.92	0
34.847	-12.911	0
34.848	-12.902	0
34.85	-12.89	0
34.852	-12.881	0
34.854	-12.872	0
34.855	-12.863	0
34.857	-12.851	0
34.859	-12.841	0
34.861	-12.832	0
34.863	-12.82	0
34.864	-12.811	0
34.866	-12.802	0
34.868	-12.79	0
34.87	-12.781	0
34.871	-12.772	0
34.873	-12.762	0
34.875	-12.75	0
34.877	-12.741	0
34.878	-12.732	0
34.88	-12.72	0
34.882	-12.711	0
34.883	-12.702	0
34.885	-12.69	0
34.887	-12.681	0
34.889	-12.671	0
34.89	-12.662	0
34.892	-12.65	0
34.894	-12.641	0
34.895	-12.632	0
34.897	-12.62	0
34.899	-12.611	0
34.9	-12.602	0
34.903	-12.59	0
34.904	-12.581	0
34.906	-12.571	0
34.907	-12.562	0
34.909	-12.55	0
34.911	-12.541	0
34.912	-12.532	0
34.914	-12.52	0
34.916	-12.511	0
34.917	-12.502	0
34.919	-12.49	0
34.921	-12.481	0
34.922	-12.471	0
34.924	-12.462	0
34.926	-12.45	0
34.927	-12.441	0
34.929	-12.432	0
34.93	-12.42	0
34.932	-12.411	0
34.933	-12.402	0
34.935	-12.39	0
34.937	-12.381	0
34.938	-12.372	0
34.94	-12.362	0
34.942	-12.35	0
34.943	-12.341	0
34.945	-12.332	0
34.946	-12.32	0
34.948	-12.311	0
34.949	-12.302	0
34.951	-12.29	0
34.953	-12.281	0
34.954	-12.272	0
34.955	-12.263	0
34.957	-12.251	0
34.959	-12.241	0
34.96	-12.232	0
34.962	-12.22	0
34.963	-12.211	0
34.965	-12.202	0
34.967	-12.19	0
34.968	-12.181	0
34.969	-12.172	0
34.971	-12.163	0
34.973	-12.151	0
34.974	-12.142	0
34.975	-12.133	0
34.977	-12.121	0
34.979	-12.112	0
34.98	-12.103	0
34.982	-12.09	0
34.983	-12.081	0
34.984	-12.072	0
34.986	-12.063	0
34.988	-12.051	0
34.989	-12.042	0
34.99	-12.033	0
34.992	-12.021	0
34.993	-12.012	0
34.995	-12.003	0
34.996	-11.991	0
34.998	-11.982	0
34.999	-11.973	0
35	-11.964	0
35.002	-11.952	0
35.003	-11.943	0
35.005	-11.934	0
35.006	-11.922	0
35.008	-11.912	0
35.009	-11.903	0
35.011	-11.891	0
35.012	-11.882	0
35.013	-11.873	0
35.015	-11.864	0
35.016	-11.852	0
35.017	-11.843	0
35.019	-11.834	0
35.02	-11.822	0
35.022	-11.813	0
35.023	-11.804	0
35.025	-11.792	0
35.026	-11.783	0
35.027	-11.774	0
35.028	-11.765	0
35.03	-11.753	0
35.031	-11.744	0
35.032	-11.735	0
35.034	-11.723	0
35.035	-11.714	0
35.036	-11.705	0
35.038	-11.693	0
35.039	-11.684	0
35.041	-11.675	0
35.042	-11.666	0
35.043	-11.654	0
35.045	-11.645	0
35.046	-11.636	0
35.047	-11.624	0
35.048	-11.615	0
35.05	-11.606	0
35.051	-11.594	0
35.052	-11.585	0
35.054	-11.576	0
35.055	-11.567	0
35.056	-11.555	0
35.057	-11.546	0
35.059	-11.537	0
35.06	-11.525	0
35.061	-11.516	0
35.062	-11.507	0
35.064	-11.495	0
35.065	-11.486	0
35.066	-11.477	0
35.067	-11.468	0
35.069	-11.456	0
35.07	-11.447	0
35.071	-11.438	0
35.073	-11.426	0
35.074	-11.417	0
35.075	-11.408	0
35.076	-11.396	0
35.077	-11.387	0
35.078	-11.378	0
35.08	-11.369	0
35.081	-11.357	0
35.082	-11.348	0
35.083	-11.339	0
35.085	-11.327	0
35.086	-11.318	0
35.087	-11.309	0
35.088	-11.297	0
35.089	-11.288	0
35.09	-11.279	0
35.091	-11.27	0
35.093	-11.258	0
35.094	-11.249	0
35.095	-11.24	0
35.096	-11.228	0
35.097	-11.219	0
35.098	-11.21	0
35.1	-11.198	0
35.101	-11.189	0
35.102	-11.18	0
35.103	-11.171	0
35.104	-11.159	0
35.105	-11.15	0
35.106	-11.141	0
35.108	-11.129	0
35.109	-11.12	0
35.11	-11.112	0
35.111	-11.1	0
35.112	-11.091	0
35.113	-11.082	0
35.114	-11.073	0
35.115	-11.061	0
35.116	-11.052	0
35.117	-11.043	0
35.118	-11.031	0
35.119	-11.022	0
35.12	-11.013	0
35.122	-11.001	0
35.123	-10.992	0
35.124	-10.983	0
35.124	-10.974	0
35.126	-10.963	0
35.127	-10.954	0
35.128	-10.945	0
35.129	-10.933	0
35.13	-10.924	0
35.131	-10.915	0
35.132	-10.903	0
35.133	-10.894	0
35.134	-10.885	0
35.135	-10.876	0
35.136	-10.864	0
35.137	-10.855	0
35.138	-10.847	0
35.139	-10.835	0
35.14	-10.826	0
35.141	-10.817	0
35.142	-10.805	0
35.143	-10.796	0
35.144	-10.787	0
35.145	-10.778	0
35.146	-10.766	0
35.147	-10.757	0
35.147	-10.749	0
35.149	-10.737	0
35.149	-10.728	0
35.15	-10.719	0
35.151	-10.707	0
35.152	-10.698	0
35.153	-10.689	0
35.154	-10.68	0
35.155	-10.668	0
35.156	-10.66	0
35.157	-10.651	0
35.158	-10.639	0
35.159	-10.63	0
35.16	-10.621	0
35.161	-10.609	0
35.161	-10.6	0
35.162	-10.592	0
35.163	-10.583	0
35.164	-10.571	0
35.165	-10.562	0
35.166	-10.553	0
35.167	-10.541	0
35.168	-10.532	0
35.168	-10.524	0
35.169	-10.512	0
35.17	-10.503	0
35.171	-10.494	0
35.172	-10.485	0
35.173	-10.473	0
35.173	-10.464	0
35.174	-10.456	0
35.175	-10.444	0
35.176	-10.435	0
35.177	-10.426	0
35.178	-10.414	0
35.178	-10.406	0
35.179	-10.397	0
35.18	-10.388	0
35.181	-10.376	0
35.182	-10.367	0
35.182	-10.358	0
35.183	-10.347	0
35.184	-10.338	0
35.185	-10.329	0
35.186	-10.317	0
35.186	-10.308	0
35.187	-10.3	0
35.188	-10.291	0
35.189	-10.279	0
35.189	-10.27	0
35.19	-10.261	0
35.191	-10.25	0
35.192	-10.241	0
35.192	-10.232	0
35.193	-10.22	0
35.194	-10.211	0
35.195	-10.203	0
35.195	-10.194	0
35.196	-10.182	0
35.197	-10.173	0
35.197	-10.164	0
35.198	-10.153	0
35.199	-10.144	0
35.199	-10.135	0
35.2	-10.123	0
35.201	-10.115	0
35.202	-10.106	0
35.202	-10.097	0
35.203	-10.085	0
35.204	-10.077	0
35.204	-10.068	0
35.205	-10.056	0
35.206	-10.047	0
35.206	-10.039	0
35.207	-10.027	0
35.208	-10.018	0
35.208	-10.009	0
35.209	-10.001	0
35.21	-9.989	0
35.21	-9.9802	0
35.211	-9.9715	0
35.212	-9.9598	0
35.212	-9.951	0
35.213	-9.9423	0
35.213	-9.9306	0
35.214	-9.9219	0
35.214	-9.9132	0
35.215	-9.9044	0
35.216	-9.8928	0
35.216	-9.884	0
35.217	-9.8753	0
35.218	-9.8637	0
35.218	-9.8549	0
35.219	-9.8462	0
35.219	-9.8346	0
35.22	-9.8259	0
35.22	-9.8171	0
35.221	-9.8084	0
35.222	-9.7968	0
35.222	-9.7881	0
35.223	-9.7794	0
35.223	-9.7678	0
35.224	-9.7591	0
35.224	-9.7504	0
35.225	-9.7388	0
35.225	-9.7301	0
35.226	-9.7214	0
35.226	-9.7127	0
35.227	-9.7011	0
35.227	-9.6924	0
35.228	-9.6837	0
35.228	-9.6722	0
35.229	-9.6635	0
35.229	-9.6548	0
35.23	-9.6432	0
35.23	-9.6346	0
35.231	-9.6259	0
35.231	-9.6172	0
35.232	-9.6057	0
35.232	-9.597	0
35.233	-9.5884	0
35.233	-9.5768	0
35.234	-9.5682	0
35.234	-9.5595	0
35.235	-9.548	0
35.235	-9.5393	0
35.235	-9.5307	0
35.236	-9.522	0
35.236	-9.5105	0
35.237	-9.5019	0
35.237	-9.4933	0
35.238	-9.4817	0
35.238	-9.4731	0
35.238	-9.4645	0
35.239	-9.453	0
35.239	-9.4444	0
35.24	-9.4358	0
35.24	-9.4272	0
35.24	-9.4157	0
35.241	-9.4071	0
35.241	-9.3985	0
35.242	-9.387	0
35.242	-9.3784	0
35.242	-9.3698	0
35.243	-9.3583	0
35.243	-9.3497	0
35.243	-9.3412	0
35.244	-9.3326	0
35.244	-9.3211	0
35.244	-9.3125	0
35.245	-9.304	0
35.245	-9.2925	0
35.245	-9.284	0
35.246	-9.2754	0
35.246	-9.264	0
35.246	-9.2554	0
35.247	-9.2469	0
35.247	-9.2383	0
35.247	-9.2269	0
35.248	-9.2184	0
35.248	-9.2098	0
35.248	-9.1984	0
35.249	-9.1899	0
35.249	-9.1813	0
35.249	-9.17	0
35.249	-9.1614	0
35.25	-9.1529	0
35.25	-9.1444	0
35.25	-9.133	0
35.251	-9.1245	0
35.251	-9.116	0
35.251	-9.1046	0
35.251	-9.0961	0
35.252	-9.0876	0
35.252	-9.0763	0
35.252	-9.0678	0
35.252	-9.0593	0
35.252	-9.0508	0
35.253	-9.0395	0
35.253	-9.031	0
35.253	-9.0225	0
35.253	-9.0112	0
35.254	-9.0027	0
35.254	-8.9943	0
35.254	-8.983	0
35.254	-8.9745	0
35.254	-8.966	0
35.255	-8.9576	0
35.255	-8.9463	0
35.255	-8.9379	0
35.255	-8.9294	0
35.255	-8.9182	0
35.255	-8.9097	0
35.256	-8.9013	0
35.256	-8.89	0
35.256	-8.8816	0
35.256	-8.8732	0
35.256	-8.8648	0
35.256	-8.8535	0
35.257	-8.8451	0
35.257	-8.8367	0
35.257	-8.8255	0
35.257	-8.8171	0
35.257	-8.8087	0
35.257	-8.7975	0
35.257	-8.7891	0
35.257	-8.7807	0
35.258	-8.7724	0
35.258	-8.7612	0
35.258	-8.7528	0
35.258	-8.7444	0
35.258	-8.7333	0
35.258	-8.7249	0
35.258	-8.7166	0
35.258	-8.7054	0
35.258	-8.6971	0
35.258	-8.6887	0
35.258	-8.6804	0
35.258	-8.6692	0
35.259	-8.6609	0
35.259	-8.6526	0
35.259	-8.6415	0
35.259	-8.6332	0
35.259	-8.6248	0
35.259	-8.6137	0
35.259	-8.6054	0
35.259	-8.5971	0
35.259	-8.5888	0
35.259	-8.5778	0
35.259	-8.5695	0
35.259	-8.5612	0
35.259	-8.5501	0
35.259	-8.5419	0
35.259	-8.5336	0
35.259	-8.5225	0
35.259	-8.5143	0
35.259	-8.506	0
35.259	-8.4978	0
35.259	-8.4868	0
35.259	-8.4785	0
35.259	-8.4703	0
35.259	-8.4593	0
35.259	-8.451	0
35.259	-8.4428	0
35.259	-8.4318	0
35.259	-8.4236	0
35.258	-8.4154	0
35.258	-8.4072	0
35.258	-8.3962	0
35.258	-8.388	0
35.258	-8.3798	0
35.258	-8.3689	0
35.258	-8.3607	0
35.258	-8.3525	0
35.258	-8.3416	0
35.258	-8.3335	0
35.258	-8.3253	0
35.258	-8.3171	0
35.257	-8.3063	0
35.257	-8.2981	0
35.257	-8.29	0
35.257	-8.2791	0
35.257	-8.271	0
35.257	-8.2628	0
35.257	-8.252	0
35.257	-8.2439	0
35.256	-8.2357	0
35.256	-8.2276	0
35.256	-8.2168	0
35.256	-8.2087	0
35.256	-8.2006	0
35.256	-8.1898	0
35.256	-8.1817	0
35.255	-8.1737	0
35.255	-8.1629	0
35.255	-8.1548	0
35.255	-8.1468	0
35.255	-8.1387	0
35.254	-8.128	0
35.254	-8.1199	0
35.254	-8.1119	0
35.254	-8.1012	0
35.254	-8.0931	0
35.254	-8.0851	0
35.253	-8.0744	0
35.253	-8.0664	0
35.253	-8.0584	0
35.253	-8.0504	0
35.252	-8.0397	0
35.252	-8.0318	0
35.252	-8.0238	0
35.252	-8.0131	0
35.251	-8.0052	0
35.251	-7.9972	0
35.251	-7.9866	0
35.251	-7.9786	0
35.25	-7.9707	0
35.25	-7.9628	0
35.25	-7.9522	0
35.25	-7.9442	0
35.249	-7.9363	0
35.249	-7.9258	0
35.249	-7.9179	0
35.248	-7.91	0
35.248	-7.8994	0
35.248	-7.8915	0
35.248	-7.8837	0
35.247	-7.8758	0
35.247	-7.8653	0
35.247	-7.8574	0
35.246	-7.8495	0
35.246	-7.839	0
35.246	-7.8312	0
35.245	-7.8233	0
35.245	-7.8128	0
35.245	-7.805	0
35.244	-7.7971	0
35.244	-7.7892	0
35.244	-7.7787	0
35.243	-7.7709	0
35.243	-7.763	0
35.242	-7.7526	0
35.242	-7.7447	0
35.242	-7.7368	0
35.241	-7.7264	0
35.241	-7.7185	0
35.241	-7.7107	0
35.24	-7.7028	0
35.24	-7.6924	0
35.239	-7.6845	0
35.239	-7.6767	0
35.238	-7.6662	0
35.238	-7.6584	0
35.238	-7.6505	0
35.237	-7.6401	0
35.237	-7.6323	0
35.236	-7.6244	0
35.236	-7.6166	0
35.235	-7.6062	0
35.235	-7.5983	0
35.235	-7.5905	0
35.234	-7.5801	0
35.234	-7.5722	0
35.233	-7.5644	0
35.233	-7.554	0
35.232	-7.5462	0
35.232	-7.5384	0
35.231	-7.5306	0
35.231	-7.5201	0
35.23	-7.5123	0
35.23	-7.5045	0
35.229	-7.4941	0
35.229	-7.4863	0
35.228	-7.4785	0
35.228	-7.4681	0
35.227	-7.4603	0
35.227	-7.4525	0
35.226	-7.4447	0
35.226	-7.4343	0
35.225	-7.4265	0
35.225	-7.4188	0
35.224	-7.4084	0
35.224	-7.4006	0
35.223	-7.3928	0
35.223	-7.3825	0
35.222	-7.3747	0
35.221	-7.3669	0
35.221	-7.3591	0
35.22	-7.3488	0
35.22	-7.341	0
35.219	-7.3332	0
35.219	-7.3229	0
35.218	-7.3151	0
35.217	-7.3074	0
35.217	-7.297	0
35.216	-7.2893	0
35.216	-7.2816	0
35.215	-7.2738	0
35.214	-7.2635	0
35.214	-7.2557	0
35.213	-7.248	0
35.213	-7.2377	0
35.212	-7.23	0
35.211	-7.2222	0
35.211	-7.2119	0
35.21	-7.2042	0
35.209	-7.1965	0
35.209	-7.1888	0
35.208	-7.1785	0
35.208	-7.1708	0
35.207	-7.1631	0
35.206	-7.1528	0
35.206	-7.1451	0
35.205	-7.1374	0
35.204	-7.1271	0
35.203	-7.1194	0
35.203	-7.1117	0
35.202	-7.1041	0
35.201	-7.0938	0
35.201	-7.0861	0
35.2	-7.0785	0
35.199	-7.0682	0
35.199	-7.0605	0
35.198	-7.0529	0
35.197	-7.0427	0
35.196	-7.035	0
35.196	-7.0273	0
35.195	-7.0197	0
35.194	-7.0095	0
35.194	-7.0018	0
35.193	-6.9942	0
35.192	-6.984	0
35.191	-6.9764	0
35.191	-6.9688	0
35.19	-6.9586	0
35.189	-6.951	0
35.188	-6.9433	0
35.188	-6.9357	0
35.187	-6.9256	0
35.186	-6.918	0
35.185	-6.9104	0
35.184	-6.9002	0
35.184	-6.8926	0
35.183	-6.885	0
35.182	-6.8749	0
35.181	-6.8673	0
35.181	-6.8598	0
35.18	-6.8522	0
35.179	-6.8421	0
35.178	-6.8345	0
35.177	-6.827	0
35.176	-6.8169	0
35.176	-6.8093	0
35.175	-6.8018	0
35.174	-6.7917	0
35.173	-6.7842	0
35.172	-6.7767	0
35.172	-6.7691	0
35.171	-6.7591	0
35.17	-6.7516	0
35.169	-6.7441	0
35.168	-6.734	0
35.167	-6.7265	0
35.166	-6.719	0
35.165	-6.709	0
35.165	-6.7016	0
35.164	-6.6941	0
35.163	-6.6866	0
35.162	-6.6766	0
35.161	-6.6692	0
35.16	-6.6617	0
35.159	-6.6517	0
35.158	-6.6443	0
35.158	-6.6368	0
35.157	-6.6269	0
35.156	-6.6195	0
35.155	-6.6121	0
35.154	-6.6046	0
35.153	-6.5947	0
35.152	-6.5873	0
35.151	-6.5799	0
35.15	-6.57	0
35.149	-6.5626	0
35.148	-6.5553	0
35.147	-6.5454	0
35.146	-6.538	0
35.146	-6.5307	0
35.145	-6.5233	0
35.144	-6.5135	0
35.143	-6.5061	0
35.142	-6.4988	0
35.141	-6.489	0
35.14	-6.4817	0
35.139	-6.4743	0
35.138	-6.4646	0
35.137	-6.4573	0
35.136	-6.45	0
35.135	-6.4427	0
35.134	-6.433	0
35.133	-6.4257	0
35.132	-6.4184	0
35.131	-6.4087	0
35.13	-6.4014	0
35.129	-6.3942	0
35.128	-6.3845	0
35.127	-6.3773	0
35.126	-6.3701	0
35.125	-6.3628	0
35.124	-6.3532	0
35.123	-6.346	0
35.122	-6.3388	0
35.121	-6.3292	0
35.12	-6.322	0
35.119	-6.3148	0
35.118	-6.3053	0
35.117	-6.2981	0
35.116	-6.291	0
35.115	-6.2838	0
35.113	-6.2743	0
35.112	-6.2672	0
35.111	-6.2601	0
35.11	-6.2506	0
35.109	-6.2435	0
35.108	-6.2364	0
35.107	-6.227	0
35.106	-6.2199	0
35.105	-6.2128	0
35.104	-6.2058	0
35.103	-6.1964	0
35.102	-6.1894	0
35.101	-6.1823	0
35.099	-6.173	0
35.098	-6.166	0
35.097	-6.159	0
35.096	-6.1497	0
35.095	-6.1427	0
35.094	-6.1358	0
35.093	-6.1288	0
35.092	-6.1196	0
35.091	-6.1126	0
35.09	-6.1057	0
35.088	-6.0965	0
35.087	-6.0896	0
35.086	-6.0827	0
35.085	-6.0735	0
35.084	-6.0667	0
35.083	-6.0598	0
35.082	-6.053	0
35.08	-6.0439	0
35.079	-6.0371	0
35.078	-6.0303	0
35.077	-6.0212	0
35.076	-6.0144	0
35.075	-6.0077	0
35.074	-5.9987	0
35.072	-5.9919	0
35.071	-5.9852	0
35.07	-5.9785	0
35.069	-5.9696	0
35.068	-5.9629	0
35.067	-5.9562	0
35.065	-5.9473	0
35.064	-5.9407	0
35.063	-5.934	0
35.062	-5.9252	0
35.061	-5.9186	0
35.06	-5.912	0
35.059	-5.9054	0
35.057	-5.8967	0
35.056	-5.8902	0
35.055	-5.8836	0
35.054	-5.8749	0
35.053	-5.8684	0
35.052	-5.862	0
35.05	-5.8533	0
35.049	-5.8469	0
35.048	-5.8405	0
35.047	-5.834	0
35.045	-5.8255	0
35.044	-5.8191	0
35.043	-5.8128	0
35.042	-5.8043	0
35.041	-5.798	0
35.04	-5.7917	0
35.038	-5.7833	0
35.037	-5.777	0
35.036	-5.7707	0
35.035	-5.7645	0
35.033	-5.7562	0
35.032	-5.75	0
35.031	-5.7438	0
35.03	-5.7356	0
35.029	-5.7294	0
35.027	-5.7233	0
35.026	-5.7152	0
35.025	-5.7091	0
35.024	-5.7031	0
35.023	-5.697	0
35.021	-5.689	0
35.02	-5.683	0
35.019	-5.677	0
35.018	-5.6691	0
35.016	-5.6632	0
35.015	-5.6572	0
35.014	-5.6494	0
35.013	-5.6435	0
35.012	-5.6377	0
35.011	-5.6319	0
35.009	-5.6242	0
35.008	-5.6184	0
35.007	-5.6127	0
35.005	-5.6051	0
35.004	-5.5993	0
35.003	-5.5928	0
35.001	-5.5833	0
35	-5.5759	0
34.998	-5.5683	0
34.997	-5.5608	0
34.995	-5.5512	0
34.994	-5.5443	0
34.992	-5.5375	0
34.99	-5.5283	0
34.989	-5.5213	0
34.988	-5.514	0
34.985	-5.5036	0
34.984	-5.4951	0
34.982	-5.4862	0
34.98	-5.477	0
34.978	-5.4645	0
34.976	-5.4552	0
34.974	-5.4461	0
34.972	-5.4341	0
34.97	-5.4251	0
34.968	-5.4161	0
34.966	-5.4071	0
34.964	-5.3951	0
34.962	-5.3861	0
34.96	-5.3772	0
34.958	-5.3653	0
34.956	-5.3564	0
34.954	-5.3475	0
34.952	-5.3357	0
34.95	-5.3268	0
34.948	-5.3179	0
34.946	-5.3089	0
34.944	-5.297	0
34.942	-5.2881	0
34.94	-5.2792	0
34.938	-5.2674	0
34.936	-5.2586	0
34.934	-5.2498	0
34.932	-5.2381	0
34.93	-5.2293	0
34.928	-5.2205	0
34.926	-5.2118	0
34.924	-5.2	0
34.922	-5.1913	0
34.92	-5.1825	0
34.918	-5.1708	0
34.916	-5.162	0
34.914	-5.1533	0
34.912	-5.1416	0
34.91	-5.1329	0
34.908	-5.1242	0
34.906	-5.1156	0
34.904	-5.104	0
34.902	-5.0953	0
34.9	-5.0866	0
34.898	-5.0751	0
34.896	-5.0664	0
34.894	-5.0577	0
34.891	-5.0462	0
34.89	-5.0376	0
34.888	-5.0289	0
34.886	-5.0203	0
34.883	-5.0088	0
34.882	-5.0002	0
34.88	-4.9915	0
34.877	-4.9801	0
34.875	-4.9715	0
34.874	-4.9629	0
34.871	-4.9514	0
34.869	-4.9428	0
34.867	-4.9342	0
34.866	-4.9256	0
34.863	-4.9142	0
34.861	-4.9056	0
34.859	-4.897	0
34.857	-4.8856	0
34.855	-4.877	0
34.853	-4.8685	0
34.851	-4.8571	0
34.849	-4.8485	0
34.847	-4.84	0
34.845	-4.8314	0
34.843	-4.82	0
34.841	-4.8115	0
34.839	-4.803	0
34.836	-4.7916	0
34.834	-4.7831	0
34.833	-4.7745	0
34.83	-4.7632	0
34.828	-4.7547	0
34.826	-4.7461	0
34.824	-4.7376	0
34.822	-4.7263	0
34.82	-4.7178	0
34.818	-4.7093	0
34.816	-4.6979	0
34.814	-4.6894	0
34.812	-4.6809	0
34.809	-4.6696	0
34.807	-4.6611	0
34.805	-4.6526	0
34.804	-4.6441	0
34.801	-4.6328	0
34.799	-4.6243	0
34.797	-4.6158	0
34.795	-4.6045	0
34.793	-4.596	0
34.791	-4.5875	0
34.788	-4.5762	0
34.786	-4.5677	0
34.784	-4.5592	0
34.782	-4.5508	0
34.78	-4.5395	0
34.778	-4.531	0
34.776	-4.5225	0
34.773	-4.5112	0
34.771	-4.5027	0
34.769	-4.4942	0
34.767	-4.4829	0
34.765	-4.4744	0
34.763	-4.4659	0
34.761	-4.4574	0
34.758	-4.4461	0
34.756	-4.4376	0
34.754	-4.4291	0
34.752	-4.4178	0
34.75	-4.4093	0
34.748	-4.4008	0
34.745	-4.3894	0
34.743	-4.3809	0
34.741	-4.3724	0
34.739	-4.3638	0
34.737	-4.3525	0
34.735	-4.344	0
34.733	-4.3354	0
34.73	-4.3241	0
34.728	-4.3156	0
34.726	-4.307	0
34.723	-4.2956	0
34.721	-4.2871	0
34.719	-4.2785	0
34.717	-4.2699	0
34.714	-4.2584	0
34.712	-4.2498	0
34.71	-4.2413	0
34.708	-4.2298	0
34.705	-4.2212	0
34.703	-4.2127	0
34.701	-4.2012	0
34.699	-4.1926	0
34.697	-4.184	0
34.694	-4.1754	0
34.692	-4.1638	0
34.69	-4.1552	0
34.688	-4.1465	0
34.685	-4.1349	0
34.683	-4.1262	0
34.681	-4.1176	0
34.678	-4.106	0
34.676	-4.0973	0
34.674	-4.0887	0
34.671	-4.08	0
34.669	-4.0684	0
34.667	-4.0596	0
34.664	-4.0508	0
34.662	-4.0391	0
34.659	-4.0303	0
34.657	-4.0214	0
34.654	-4.0096	0
34.652	-4.0008	0
34.65	-3.992	0
34.648	-3.9832	0
34.645	-3.9714	0
34.643	-3.9625	0
34.641	-3.9537	0
34.638	-3.9418	0
34.635	-3.9328	0
34.633	-3.9238	0
34.63	-3.9118	0
34.628	-3.9028	0
34.626	-3.8937	0
34.624	-3.8847	0
34.621	-3.8727	0
34.618	-3.8636	0
34.616	-3.8546	0
34.613	-3.8425	0
34.611	-3.8334	0
34.609	-3.8242	0
34.605	-3.8119	0
34.603	-3.8027	0
34.601	-3.7934	0
34.599	-3.7841	0
34.595	-3.7717	0
34.593	-3.7624	0
34.591	-3.7531	0
34.588	-3.7406	0
34.585	-3.7313	0
34.583	-3.7219	0
34.58	-3.7093	0
34.577	-3.6998	0
34.575	-3.6902	0
34.573	-3.6806	0
34.569	-3.6677	0
34.567	-3.658	0
34.564	-3.6483	0
34.561	-3.6353	0
34.559	-3.6255	0
34.556	-3.6157	0
34.553	-3.6026	0
34.55	-3.5926	0
34.548	-3.5827	0
34.545	-3.5726	0
34.542	-3.5591	0
34.539	-3.5489	0
34.537	-3.5387	0
34.533	-3.5249	0
34.531	-3.5145	0
34.528	-3.5041	0
34.525	-3.4901	0
34.522	-3.4795	0
34.519	-3.4689	0
34.516	-3.4582	0
34.513	-3.4438	0
34.51	-3.433	0
34.507	-3.422	0
34.504	-3.4073	0
34.501	-3.3961	0
34.498	-3.3849	0
34.494	-3.3698	0
34.491	-3.3583	0
34.488	-3.3468	0
34.485	-3.3352	0
34.481	-3.3196	0
34.478	-3.3078	0
34.475	-3.2958	0
34.471	-3.2796	0
34.468	-3.2674	0
34.465	-3.255	0
34.461	-3.2383	0
34.458	-3.2255	0
34.455	-3.2127	0
34.451	-3.1996	0
34.447	-3.1819	0
34.443	-3.1685	0
34.44	-3.1548	0
34.435	-3.1364	0
34.432	-3.1223	0
34.428	-3.1081	0
34.424	-3.0889	0
34.42	-3.0743	0
34.416	-3.0595	0
34.413	-3.0444	0
34.408	-3.024	0
34.404	-3.0084	0
34.4	-2.9926	0
34.395	-2.971	0
34.391	-2.9544	0
34.387	-2.9376	0
34.381	-2.9148	0
34.377	-2.8974	0
34.373	-2.8798	0
34.369	-2.8618	0
34.363	-2.8375	0
34.358	-2.8188	0
34.354	-2.7998	0
34.348	-2.7738	0
34.343	-2.7538	0
34.338	-2.7333	0
34.332	-2.7053	0
34.327	-2.6838	0
34.322	-2.6619	0
34.317	-2.6395	0
34.31	-2.6091	0
34.305	-2.5858	0
34.3	-2.5621	0
34.292	-2.5296	0
34.287	-2.5045	0
34.281	-2.4787	0
34.274	-2.4432	0
34.268	-2.4156	0
34.262	-2.3872	0
34.256	-2.3582	0
34.248	-2.3184	0
34.241	-2.2877	0
34.235	-2.2565	0
34.227	-2.214	0
34.22	-2.1812	0
34.214	-2.1477	0
34.205	-2.1016	0
34.199	-2.0659	0
34.192	-2.0293	0
34.185	-1.9915	0
34.176	-1.9396	0
34.169	-1.8995	0
34.162	-1.8584	0
34.153	-1.8023	0
34.146	-1.7592	0
34.139	-1.7152	0
34.129	-1.655	0
34.122	-1.6088	0
34.116	-1.5614	0
34.109	-1.5128	0
34.1	-1.446	0
34.093	-1.3944	0
34.086	-1.3415	0
34.077	-1.2692	0
34.071	-1.2137	0
34.065	-1.1572	0
34.057	-1.0805	0
34.051	-1.0219	0
34.045	-0.96245	0
34.04	-0.90203	0
34.033	-0.81991	0
34.029	-0.75711	0
34.024	-0.69325	0
34.019	-0.60646	0
34.015	-0.54027	0
34.012	-0.47327	0
34.008	-0.38288	0
34.005	-0.31448	0
34.003	-0.24568	0
34.002	-0.17653	0
34	-0.083822	0
33.999	-0.013995	0
33.999	0.056004	0
34	0.14948	0
34.001	0.21961	0
34.002	0.28968	0
34.004	0.38287	0
34.007	0.45249	0
34.009	0.52178	0
34.013	0.59066	0
34.017	0.68174	0
34.021	0.74932	0
34.026	0.81621	0
34.032	0.90435	0
34.038	0.96968	0
34.043	1.0344	0
34.051	1.1197	0
34.057	1.1829	0
34.064	1.2454	0
34.071	1.307	0
34.08	1.3878	0
34.088	1.4473	0
34.095	1.5057	0
34.105	1.5819	0
34.113	1.6378	0
34.121	1.6927	0
34.132	1.7642	0
34.14	1.8166	0
34.149	1.868	0
34.157	1.9183	0
34.168	1.9838	0
34.177	2.0317	0
34.185	2.0786	0
34.196	2.1395	0
34.205	2.1839	0
34.213	2.2273	0
34.224	2.2836	0
34.233	2.3246	0
34.241	2.3648	0
34.249	2.404	0
34.26	2.4548	0
34.268	2.4919	0
34.276	2.5282	0
34.286	2.5752	0
34.294	2.6095	0
34.302	2.6431	0
34.312	2.6868	0
34.319	2.7187	0
34.327	2.7499	0
34.334	2.7804	0
34.344	2.8201	0
34.351	2.8492	0
34.358	2.8777	0
34.367	2.9148	0
34.374	2.942	0
34.381	2.9687	0
34.39	3.0035	0
34.396	3.029	0
34.403	3.0541	0
34.411	3.0868	0
34.418	3.1109	0
34.424	3.1346	0
34.43	3.1579	0
34.439	3.1883	0
34.445	3.2107	0
34.451	3.2329	0
34.459	3.2618	0
34.465	3.2832	0
34.47	3.3042	0
34.478	3.3319	0
34.484	3.3523	0
34.49	3.3724	0
34.495	3.3924	0
34.503	3.4185	0
34.508	3.4379	0
34.514	3.4571	0
34.521	3.4823	0
34.526	3.501	0
34.532	3.5195	0
34.539	3.5439	0
34.544	3.562	0
34.55	3.5799	0
34.555	3.5977	0
34.562	3.6212	0
34.567	3.6387	0
34.572	3.656	0
34.579	3.6789	0
34.584	3.696	0
34.589	3.7129	0
34.596	3.7353	0
34.601	3.752	0
34.606	3.7686	0
34.611	3.7852	0
34.618	3.807	0
34.623	3.8233	0
34.628	3.8396	0
34.635	3.8611	0
34.64	3.8772	0
34.645	3.8932	0
34.651	3.9145	0
34.656	3.9304	0
34.661	3.9462	0
34.666	3.962	0
34.673	3.9829	0
34.678	3.9986	0
34.683	4.0143	0
34.689	4.035	0
34.694	4.0506	0
34.699	4.0661	0
34.706	4.0868	0
34.711	4.1022	0
34.716	4.1177	0
34.721	4.1331	0
34.728	4.1536	0
34.733	4.169	0
34.738	4.1844	0
34.744	4.2048	0
34.749	4.2202	0
34.754	4.2355	0
34.761	4.2559	0
34.766	4.2712	0
34.771	4.2865	0
34.776	4.3018	0
34.783	4.3222	0
34.788	4.3375	0
34.793	4.3528	0
34.8	4.3732	0
34.805	4.3885	0
34.81	4.4039	0
34.817	4.4243	0
34.822	4.4396	0
34.828	4.455	0
34.833	4.4703	0
34.84	4.4908	0
34.845	4.5062	0
34.85	4.5216	0
34.857	4.5421	0
34.863	4.5575	0
34.868	4.573	0
34.875	4.5936	0
34.88	4.6091	0
34.886	4.6246	0
34.891	4.6401	0
34.898	4.6608	0
34.904	4.6763	0
34.909	4.6919	0
34.917	4.7127	0
34.922	4.7284	0
34.928	4.744	0
34.935	4.7649	0
34.941	4.7806	0
34.946	4.7963	0
34.952	4.812	0
34.96	4.8331	0
34.965	4.8489	0
34.971	4.8647	0
34.979	4.8858	0
34.984	4.9017	0
34.99	4.9176	0
34.998	4.9389	0
35.004	4.9549	0
35.01	4.9708	0
35.016	4.9869	0
35.024	5.0083	0
35.029	5.0244	0
35.035	5.0406	0
35.043	5.0621	0
35.05	5.0782	0
35.056	5.0943	0
35.064	5.1159	0
35.07	5.1321	0
35.076	5.1482	0
35.082	5.1642	0
35.09	5.1852	0
35.096	5.2007	0
35.102	5.216	0
35.109	5.2361	0
35.115	5.251	0
35.121	5.2658	0
35.128	5.2853	0
35.134	5.2997	0
35.139	5.314	0
35.145	5.3281	0
35.152	5.3468	0
35.157	5.3606	0
35.163	5.3743	0
35.17	5.3924	0
35.175	5.4059	0
35.18	5.4192	0
35.187	5.4367	0
35.192	5.4498	0
35.198	5.4627	0
35.203	5.4756	0
35.209	5.4925	0
35.214	5.5051	0
35.219	5.5176	0
35.226	5.5342	0
35.231	5.5464	0
35.236	5.5586	0
35.242	5.5747	0
35.247	5.5867	0
35.252	5.5986	0
35.256	5.6104	0
35.263	5.626	0
35.267	5.6377	0
35.272	5.6492	0
35.278	5.6645	0
35.283	5.6759	0
35.287	5.6872	0
35.293	5.7022	0
35.298	5.7133	0
35.302	5.7244	0
35.307	5.7354	0
35.313	5.75	0
35.317	5.7609	0
35.321	5.7717	0
35.327	5.786	0
35.332	5.7966	0
35.336	5.8072	0
35.342	5.8212	0
35.346	5.8317	0
35.35	5.8421	0
35.354	5.8524	0
35.36	5.8661	0
35.364	5.8763	0
35.368	5.8864	0
35.374	5.8999	0
35.378	5.9099	0
35.382	5.9199	0
35.387	5.9331	0
35.391	5.943	0
35.395	5.9528	0
35.399	5.9626	0
35.405	5.9756	0
35.409	5.9854	0
35.413	5.995	0
35.418	6.0079	0
35.422	6.0175	0
35.426	6.0271	0
35.431	6.0398	0
35.435	6.0493	0
35.439	6.0587	0
35.443	6.0681	0
35.448	6.0806	0
35.452	6.0899	0
35.455	6.0992	0
35.461	6.1116	0
35.464	6.1208	0
35.468	6.13	0
35.473	6.1423	0
35.477	6.1514	0
35.481	6.1606	0
35.484	6.1696	0
35.489	6.1817	0
35.493	6.1907	0
35.497	6.1997	0
35.502	6.2117	0
35.506	6.2206	0
35.509	6.2295	0
35.514	6.2413	0
35.518	6.2502	0
35.521	6.259	0
35.525	6.2678	0
35.53	6.2795	0
35.533	6.2882	0
35.537	6.297	0
35.542	6.3085	0
35.545	6.3172	0
35.549	6.3258	0
35.554	6.3373	0
35.557	6.3459	0
35.561	6.3545	0
35.564	6.3631	0
35.569	6.3746	0
35.573	6.3832	0
35.576	6.3917	0
35.581	6.4031	0
35.584	6.4116	0
35.588	6.4201	0
35.593	6.4313	0
35.596	6.4398	0
35.599	6.4482	0
35.603	6.4566	0
35.608	6.4678	0
35.611	6.4762	0
35.614	6.4845	0
35.619	6.4957	0
35.622	6.504	0
35.626	6.5123	0
35.63	6.5234	0
35.634	6.5316	0
35.637	6.5399	0
35.641	6.5481	0
35.645	6.5591	0
35.649	6.5673	0
35.652	6.5755	0
35.656	6.5865	0
35.66	6.5947	0
35.663	6.6029	0
35.668	6.6138	0
35.671	6.622	0
35.674	6.6302	0
35.678	6.6383	0
35.682	6.6492	0
35.686	6.6573	0
35.689	6.6654	0
35.693	6.6762	0
35.697	6.6843	0
35.7	6.6924	0
35.704	6.7032	0
35.708	6.7113	0
35.711	6.7193	0
35.714	6.7274	0
35.719	6.7381	0
35.722	6.7461	0
35.725	6.7542	0
35.73	6.7648	0
35.733	6.7728	0
35.736	6.7808	0
35.741	6.7915	0
35.744	6.7995	0
35.747	6.8075	0
35.751	6.8155	0
35.755	6.8261	0
35.758	6.8341	0
35.761	6.842	0
35.766	6.8526	0
35.769	6.8606	0
35.772	6.8685	0
35.777	6.8791	0
35.78	6.887	0
35.783	6.8949	0
35.786	6.9028	0
35.791	6.9134	0
35.794	6.9213	0
35.797	6.9292	0
35.801	6.9397	0
35.805	6.9476	0
35.808	6.9555	0
35.812	6.966	0
35.815	6.9739	0
35.818	6.9817	0
35.822	6.9896	0
35.826	7.0001	0
35.829	7.0079	0
35.832	7.0158	0
35.837	7.0262	0
35.84	7.0341	0
35.843	7.0419	0
35.847	7.0524	0
35.85	7.0602	0
35.854	7.068	0
35.857	7.0758	0
35.861	7.0863	0
35.864	7.0941	0
35.867	7.1019	0
35.872	7.1123	0
35.875	7.1201	0
35.878	7.1279	0
35.882	7.1383	0
35.885	7.1461	0
35.888	7.1539	0
35.892	7.1617	0
35.896	7.1721	0
35.899	7.1799	0
35.902	7.1876	0
35.906	7.198	0
35.909	7.2058	0
35.913	7.2136	0
35.917	7.2239	0
35.92	7.2317	0
35.923	7.2394	0
35.926	7.2472	0
35.93	7.2575	0
35.933	7.2653	0
35.937	7.2731	0
35.941	7.2834	0
35.944	7.2912	0
35.947	7.2989	0
35.951	7.3093	0
35.954	7.317	0
35.957	7.3248	0
35.96	7.3325	0
35.965	7.3428	0
35.968	7.3505	0
35.971	7.3582	0
35.975	7.3686	0
35.978	7.3763	0
35.981	7.3841	0
35.985	7.3944	0
35.988	7.4022	0
35.992	7.41	0
35.995	7.4177	0
35.999	7.428	0
36.002	7.4357	0
36.005	7.4434	0
36.009	7.4537	0
36.012	7.4614	0
36.015	7.4691	0
36.019	7.4795	0
36.022	7.4872	0
36.026	7.4949	0
36.029	7.5027	0
36.033	7.513	0
36.036	7.5207	0
36.039	7.5284	0
36.043	7.5386	0
36.046	7.5463	0
36.049	7.554	0
36.053	7.5642	0
36.056	7.5719	0
36.059	7.5797	0
36.062	7.5874	0
36.067	7.5978	0
36.07	7.6056	0
36.073	7.6133	0
36.077	7.6237	0
36.08	7.6314	0
36.083	7.6391	0
36.087	7.6494	0
36.09	7.6571	0
36.093	7.6648	0
36.096	7.6725	0
36.1	7.6828	0
36.103	7.6905	0
36.106	7.6983	0
36.11	7.7086	0
36.113	7.7163	0
36.117	7.724	0
36.121	7.7343	0
36.124	7.742	0
36.127	7.7497	0
36.13	7.7573	0
36.134	7.7676	0
36.137	7.7753	0
36.14	7.783	0
36.144	7.7934	0
36.147	7.8011	0
36.15	7.8089	0
36.154	7.8193	0
36.157	7.827	0
36.16	7.8347	0
36.163	7.8425	0
36.167	7.8528	0
36.17	7.8605	0
36.173	7.8682	0
36.177	7.8785	0
36.18	7.8863	0
36.183	7.894	0
36.188	7.9044	0
36.191	7.9121	0
36.194	7.9199	0
36.197	7.9276	0
36.201	7.9379	0
36.204	7.9456	0
36.207	7.9533	0
36.211	7.9636	0
36.214	7.9714	0
36.217	7.9791	0
36.221	7.9894	0
36.224	7.9972	0
36.227	8.0049	0
36.23	8.0127	0
36.234	8.0231	0
36.237	8.0308	0
36.24	8.0386	0
36.244	8.0489	0
36.247	8.0567	0
36.25	8.0644	0
36.254	8.0748	0
36.257	8.0825	0
36.26	8.0903	0
36.263	8.0981	0
36.267	8.1084	0
36.27	8.1162	0
36.273	8.124	0
36.277	8.1343	0
36.28	8.1421	0
36.283	8.1499	0
36.287	8.1602	0
36.29	8.168	0
36.293	8.1758	0
36.296	8.1835	0
36.3	8.1939	0
36.303	8.2017	0
36.306	8.2095	0
36.31	8.2198	0
36.313	8.2276	0
36.316	8.2354	0
36.32	8.2458	0
36.323	8.2536	0
36.327	8.2614	0
36.33	8.2692	0
36.334	8.2796	0
36.337	8.2873	0
36.34	8.2951	0
36.344	8.3055	0
36.347	8.3133	0
36.35	8.3211	0
36.354	8.3315	0
36.357	8.3393	0
36.36	8.3471	0
36.363	8.355	0
36.367	8.3654	0
36.37	8.3732	0
36.373	8.381	0
36.377	8.3915	0
36.38	8.3993	0
36.383	8.4071	0
36.387	8.4175	0
36.39	8.4253	0
36.393	8.4331	0
36.396	8.4409	0
36.4	8.4514	0
36.403	8.4592	0
36.406	8.4671	0
36.41	8.4775	0
36.413	8.4854	0
36.416	8.4932	0
36.42	8.5037	0
36.423	8.5115	0
36.426	8.5193	0
36.429	8.5271	0
36.433	8.5376	0
36.436	8.5454	0
36.439	8.5533	0
36.443	8.5638	0
36.446	8.5717	0
36.449	8.5796	0
36.453	8.5901	0
36.456	8.598	0
36.459	8.6059	0
36.462	8.6138	0
36.466	8.6243	0
36.469	8.6321	0
36.472	8.64	0
36.476	8.6505	0
36.479	8.6583	0
36.482	8.6662	0
36.486	8.6768	0
36.489	8.6847	0
36.492	8.6926	0
36.495	8.7004	0
36.499	8.711	0
36.502	8.7188	0
36.505	8.7267	0
36.509	8.7371	0
36.512	8.745	0
36.515	8.7528	0
36.519	8.7634	0
36.522	8.7713	0
36.525	8.7792	0
36.528	8.7872	0
36.532	8.7978	0
36.535	8.8058	0
36.538	8.8137	0
36.542	8.8243	0
36.545	8.8322	0
36.548	8.8401	0
36.552	8.8507	0
36.555	8.8586	0
36.558	8.8665	0
36.561	8.8744	0
36.565	8.885	0
36.568	8.8929	0
36.571	8.9009	0
36.575	8.9115	0
36.578	8.9194	0
36.581	8.9273	0
36.585	8.9378	0
36.588	8.9457	0
36.591	8.9536	0
36.594	8.9615	0
36.598	8.972	0
36.601	8.98	0
36.604	8.988	0
36.608	8.9986	0
36.611	9.0067	0
36.614	9.0147	0
36.617	9.0227	0
36.621	9.0334	0
36.624	9.0414	0
36.627	9.0494	0
36.631	9.06	0
36.634	9.068	0
36.637	9.076	0
36.641	9.0867	0
36.644	9.0947	0
36.647	9.1027	0
36.65	9.1107	0
36.654	9.1213	0
36.657	9.1293	0
36.66	9.1373	0
36.664	9.1479	0
36.667	9.1559	0
36.67	9.1638	0
36.674	9.1744	0
36.677	9.1824	0
36.68	9.1904	0
36.683	9.1984	0
36.687	9.2091	0
36.69	9.2172	0
36.693	9.2252	0
36.697	9.236	0
36.7	9.244	0
36.703	9.2521	0
36.707	9.2628	0
36.71	9.2708	0
36.713	9.2789	0
36.716	9.2869	0
36.72	9.2977	0
36.723	9.3057	0
36.726	9.3137	0
36.73	9.3245	0
36.733	9.3325	0
36.736	9.3405	0
36.74	9.3512	0
36.743	9.3593	0
36.746	9.3673	0
36.749	9.3753	0
36.753	9.386	0
36.756	9.394	0
36.759	9.402	0
36.763	9.4128	0
36.766	9.4208	0
36.769	9.4289	0
36.773	9.4397	0
36.776	9.4477	0
36.779	9.4558	0
36.782	9.4639	0
36.786	9.4747	0
36.789	9.4829	0
36.792	9.491	0
36.796	9.5018	0
36.799	9.5099	0
36.802	9.518	0
36.806	9.5288	0
36.81	9.5369	0
36.813	9.545	0
36.816	9.5531	0
36.82	9.5639	0
36.823	9.572	0
36.826	9.5801	0
36.83	9.5909	0
36.833	9.599	0
36.836	9.6071	0
36.84	9.6179	0
36.843	9.626	0
36.846	9.6341	0
36.849	9.6422	0
36.853	9.653	0
36.856	9.6612	0
36.859	9.6693	0
36.863	9.6801	0
36.866	9.6883	0
36.869	9.6965	0
36.873	9.7074	0
36.876	9.7156	0
36.879	9.7237	0
36.882	9.7319	0
36.886	9.7427	0
36.889	9.7509	0
36.892	9.759	0
36.896	9.7699	0
36.899	9.778	0
36.902	9.7862	0
36.906	9.797	0
36.909	9.8052	0
36.912	9.8134	0
36.916	9.8215	0
36.92	9.8324	0
36.923	9.8405	0
36.926	9.8487	0
36.93	9.8595	0
36.933	9.8677	0
36.936	9.8758	0
36.94	9.8867	0
36.943	9.8949	0
36.946	9.9031	0
36.949	9.9113	0
36.953	9.9223	0
36.956	9.9305	0
36.959	9.9388	0
36.963	9.9497	0
36.966	9.9579	0
36.969	9.9661	0
36.973	9.977	0
36.976	9.9852	0
36.979	9.9933	0
36.982	10.002	0
36.987	10.013	0
36.99	10.021	0
36.993	10.029	0
36.997	10.04	0
37	10.048	0
37.003	10.057	0
37.007	10.068	0
37.01	10.076	0
37.013	10.084	0
37.016	10.092	0
37.02	10.103	0
37.023	10.111	0
37.026	10.12	0
37.03	10.131	0
37.034	10.139	0
37.037	10.147	0
37.041	10.158	0
37.044	10.166	0
37.047	10.175	0
37.05	10.183	0
37.054	10.194	0
37.057	10.202	0
37.06	10.21	0
37.064	10.221	0
37.067	10.229	0
37.07	10.238	0
37.074	10.249	0
37.078	10.257	0
37.081	10.266	0
37.084	10.274	0
37.088	10.285	0
37.091	10.293	0
37.094	10.301	0
37.098	10.313	0
37.101	10.321	0
37.104	10.329	0
37.108	10.34	0
37.112	10.348	0
37.115	10.357	0
37.118	10.365	0
37.122	10.376	0
37.125	10.385	0
37.128	10.393	0
37.132	10.404	0
37.135	10.412	0
37.138	10.42	0
37.143	10.432	0
37.146	10.44	0
37.149	10.448	0
37.152	10.457	0
37.156	10.468	0
37.159	10.476	0
37.162	10.484	0
37.166	10.496	0
37.17	10.504	0
37.173	10.512	0
37.177	10.523	0
37.18	10.532	0
37.183	10.54	0
37.186	10.548	0
37.19	10.56	0
37.193	10.568	0
37.197	10.576	0
37.201	10.588	0
37.204	10.596	0
37.207	10.604	0
37.211	10.616	0
37.214	10.624	0
37.218	10.632	0
37.221	10.641	0
37.225	10.652	0
37.228	10.66	0
37.231	10.669	0
37.235	10.68	0
37.239	10.688	0
37.242	10.697	0
37.246	10.708	0
37.249	10.716	0
37.252	10.725	0
37.255	10.733	0
37.26	10.744	0
37.263	10.753	0
37.266	10.761	0
37.27	10.773	0
37.273	10.781	0
37.277	10.789	0
37.281	10.801	0
37.284	10.809	0
37.287	10.818	0
37.29	10.826	0
37.295	10.837	0
37.298	10.846	0
37.301	10.854	0
37.305	10.865	0
37.308	10.874	0
37.312	10.882	0
37.316	10.894	0
37.319	10.902	0
37.322	10.91	0
37.325	10.919	0
37.33	10.93	0
37.333	10.939	0
37.336	10.947	0
37.34	10.959	0
37.344	10.967	0
37.347	10.976	0
37.351	10.987	0
37.354	10.996	0
37.358	11.004	0
37.361	11.013	0
37.365	11.024	0
37.368	11.032	0
37.372	11.041	0
37.376	11.052	0
37.379	11.061	0
37.382	11.069	0
37.387	11.081	0
37.39	11.089	0
37.393	11.098	0
37.397	11.107	0
37.401	11.118	0
37.404	11.127	0
37.407	11.135	0
37.412	11.147	0
37.415	11.155	0
37.418	11.164	0
37.423	11.175	0
37.426	11.184	0
37.429	11.192	0
37.433	11.201	0
37.437	11.213	0
37.44	11.221	0
37.444	11.23	0
37.448	11.241	0
37.451	11.25	0
37.455	11.258	0
37.459	11.27	0
37.462	11.278	0
37.466	11.287	0
37.469	11.296	0
37.473	11.307	0
37.477	11.316	0
37.48	11.325	0
37.485	11.336	0
37.488	11.345	0
37.491	11.354	0
37.496	11.365	0
37.499	11.374	0
37.502	11.382	0
37.506	11.391	0
37.51	11.403	0
37.514	11.411	0
37.517	11.42	0
37.521	11.432	0
37.525	11.441	0
37.528	11.449	0
37.533	11.461	0
37.536	11.47	0
37.54	11.478	0
37.543	11.487	0
37.547	11.499	0
37.551	11.507	0
37.554	11.516	0
37.559	11.528	0
37.562	11.537	0
37.566	11.545	0
37.57	11.557	0
37.574	11.566	0
37.577	11.575	0
37.581	11.584	0
37.585	11.595	0
37.589	11.604	0
37.592	11.613	0
37.597	11.624	0
37.6	11.633	0
37.604	11.642	0
37.608	11.654	0
37.612	11.663	0
37.615	11.672	0
37.619	11.681	0
37.624	11.693	0
37.627	11.701	0
37.631	11.71	0
37.635	11.722	0
37.639	11.731	0
37.642	11.74	0
37.647	11.751	0
37.651	11.76	0
37.654	11.769	0
37.658	11.778	0
37.663	11.79	0
37.666	11.799	0
37.67	11.808	0
37.675	11.82	0
37.678	11.829	0
37.682	11.838	0
37.687	11.85	0
37.69	11.859	0
37.694	11.868	0
37.697	11.877	0
37.702	11.889	0
37.706	11.898	0
37.71	11.907	0
37.714	11.919	0
37.718	11.928	0
37.722	11.937	0
37.727	11.949	0
37.73	11.958	0
37.734	11.967	0
37.738	11.976	0
37.743	11.989	0
37.746	11.998	0
37.75	12.007	0
37.755	12.019	0
37.759	12.028	0
37.763	12.037	0
37.768	12.049	0
37.771	12.059	0
37.775	12.068	0
37.779	12.077	0
37.784	12.089	0
37.788	12.098	0
37.792	12.107	0
37.797	12.12	0
37.801	12.129	0
37.804	12.138	0
37.81	12.151	0
37.813	12.16	0
37.817	12.169	0
37.821	12.179	0
37.826	12.191	0
37.83	12.201	0
37.834	12.21	0
37.84	12.223	0
37.844	12.232	0
37.848	12.241	0
37.853	12.254	0
37.857	12.263	0
37.861	12.272	0
37.865	12.282	0
37.87	12.294	0
37.874	12.303	0
37.878	12.313	0
37.883	12.325	0
37.887	12.334	0
37.891	12.343	0
37.896	12.355	0
37.9	12.364	0
37.904	12.374	0
37.908	12.383	0
37.913	12.395	0
37.917	12.404	0
37.921	12.413	0
37.926	12.425	0
37.93	12.435	0
37.935	12.445	0
37.941	12.459	0
37.945	12.469	0
37.949	12.477	0
37.951	12.483	0
37.954	12.488	0
37.955	12.492	0
37.957	12.495	0
37.959	12.5	0
37.961	12.504	0
37.962	12.508	0
37.964	12.513	0
37.966	12.517	0
37.968	12.52	0
37.969	12.524	0
37.971	12.529	0
37.973	12.533	0
37.975	12.537	0
37.977	12.542	0
37.978	12.546	0
37.98	12.55	0
37.982	12.555	0
37.984	12.559	0
37.985	12.563	0
37.987	12.567	0
37.989	12.572	0
37.991	12.576	0
37.993	12.58	0
37.995	12.585	0
37.996	12.589	0
37.998	12.593	0
38	12.599	0
38.002	12.603	0
38.004	12.607	0
38.005	12.611	0
38.008	12.617	0
38.009	12.621	0
38.011	12.625	0
38.013	12.63	0
38.015	12.635	0
38.016	12.639	0
38.019	12.644	0
38.02	12.649	0
38.022	12.653	0
38.024	12.657	0
38.026	12.663	0
38.028	12.667	0
38.029	12.671	0
38.032	12.677	0
38.033	12.681	0
38.035	12.686	0
38.037	12.692	0
38.039	12.696	0
38.041	12.7	0
38.042	12.705	0
38.044	12.711	0
38.046	12.715	0
38.048	12.72	0
38.05	12.726	0
38.052	12.73	0
38.054	12.735	0
38.056	12.741	0
38.057	12.745	0
38.059	12.75	0
38.061	12.754	0
38.063	12.76	0
38.065	12.765	0
38.067	12.769	0
38.069	12.776	0
38.071	12.78	0
38.072	12.785	0
38.075	12.791	0
38.076	12.796	0
38.078	12.8	0
38.08	12.805	0
38.082	12.811	0
38.084	12.816	0
38.085	12.821	0
38.088	12.827	0
38.089	12.832	0
38.091	12.837	0
38.093	12.843	0
38.095	12.848	0
38.097	12.853	0
38.099	12.858	0
38.101	12.864	0
38.103	12.869	0
38.104	12.874	0
38.107	12.881	0
38.108	12.885	0
38.11	12.89	0
38.112	12.897	0
38.114	12.902	0
38.116	12.907	0
38.117	12.912	0
38.12	12.919	0
38.121	12.924	0
38.123	12.929	0
38.125	12.935	0
38.127	12.94	0
38.129	12.946	0
38.131	12.952	0
38.133	12.957	0
38.135	12.963	0
38.136	12.968	0
38.139	12.975	0
38.14	12.98	0
38.142	12.985	0
38.144	12.992	0
38.146	12.997	0
38.148	13.002	0
38.15	13.009	0
38.152	13.014	0
38.153	13.02	0
38.155	13.025	0
38.157	13.032	0
38.159	13.037	0
38.161	13.043	0
38.163	13.05	0
38.165	13.055	0
38.166	13.061	0
38.169	13.068	0
38.17	13.073	0
38.172	13.078	0
38.174	13.084	0
38.176	13.091	0
38.178	13.097	0
38.18	13.102	0
38.182	13.109	0
38.184	13.115	0
38.185	13.12	0
38.188	13.128	0
38.189	13.133	0
38.191	13.139	0
38.193	13.144	0
38.195	13.152	0
38.197	13.157	0
38.198	13.163	0
38.201	13.17	0
38.202	13.176	0
38.204	13.182	0
38.206	13.189	0
38.208	13.195	0
38.21	13.2	0
38.211	13.206	0
38.213	13.214	0
38.215	13.219	0
38.217	13.225	0
38.219	13.233	0
38.221	13.239	0
38.222	13.244	0
38.225	13.252	0
38.226	13.258	0
38.228	13.264	0
38.23	13.269	0
38.232	13.277	0
38.234	13.283	0
38.235	13.289	0
38.237	13.297	0
38.239	13.303	0
38.241	13.309	0
38.243	13.316	0
38.245	13.322	0
38.246	13.328	0
38.248	13.334	0
38.25	13.342	0
38.252	13.348	0
38.253	13.354	0
38.256	13.362	0
38.257	13.368	0
38.259	13.374	0
38.261	13.382	0
38.263	13.388	0
38.264	13.394	0
38.266	13.401	0
38.268	13.409	0
38.27	13.415	0
38.272	13.421	0
38.274	13.429	0
38.275	13.435	0
38.277	13.441	0
38.279	13.45	0
38.281	13.456	0
38.282	13.462	0
38.284	13.468	0
38.286	13.477	0
38.288	13.483	0
38.289	13.489	0
38.291	13.497	0
38.293	13.504	0
38.295	13.51	0
38.297	13.518	0
38.298	13.525	0
38.3	13.531	0
38.302	13.537	0
38.304	13.546	0
38.305	13.552	0
38.307	13.558	0
38.309	13.567	0
38.311	13.573	0
38.312	13.58	0
38.314	13.588	0
38.316	13.595	0
38.317	13.601	0
38.319	13.608	0
38.321	13.616	0
38.323	13.623	0
38.324	13.629	0
38.326	13.638	0
38.328	13.645	0
38.329	13.651	0
38.332	13.66	0
38.333	13.666	0
38.335	13.673	0
38.336	13.68	0
38.338	13.688	0
38.34	13.695	0
38.341	13.702	0
38.343	13.71	0
38.345	13.717	0
38.346	13.724	0
38.348	13.733	0
38.35	13.739	0
38.351	13.746	0
38.353	13.753	0
38.355	13.762	0
38.357	13.768	0
38.358	13.775	0
38.36	13.784	0
38.362	13.791	0
38.363	13.798	0
38.365	13.807	0
38.367	13.814	0
38.368	13.82	0
38.37	13.827	0
38.372	13.836	0
38.373	13.843	0
38.374	13.85	0
38.376	13.859	0
38.378	13.866	0
38.379	13.873	0
38.381	13.882	0
38.383	13.889	0
38.384	13.896	0
38.386	13.903	0
38.388	13.912	0
38.389	13.919	0
38.391	13.926	0
38.392	13.935	0
38.394	13.942	0
38.395	13.949	0
38.397	13.959	0
38.399	13.966	0
38.4	13.973	0
38.402	13.98	0
38.403	13.989	0
38.405	13.997	0
38.406	14.004	0
38.408	14.013	0
38.41	14.02	0
38.411	14.027	0
38.413	14.037	0
38.414	14.044	0
38.416	14.051	0
38.417	14.058	0
38.419	14.068	0
38.42	14.075	0
38.422	14.082	0
38.423	14.092	0
38.425	14.099	0
38.426	14.106	0
38.428	14.116	0
38.429	14.123	0
38.431	14.131	0
38.432	14.138	0
38.434	14.148	0
38.435	14.155	0
38.436	14.162	0
38.438	14.172	0
38.44	14.18	0
38.441	14.187	0
38.443	14.197	0
38.444	14.204	0
38.445	14.212	0
38.447	14.219	0
38.448	14.229	0
38.45	14.236	0
38.451	14.244	0
38.453	14.254	0
38.454	14.261	0
38.455	14.269	0
38.457	14.279	0
38.458	14.286	0
38.46	14.294	0
38.461	14.301	0
38.463	14.311	0
38.464	14.319	0
38.465	14.326	0
38.467	14.337	0
38.468	14.344	0
38.469	14.352	0
38.471	14.362	0
38.472	14.37	0
38.474	14.377	0
38.475	14.385	0
38.476	14.395	0
38.478	14.403	0
38.479	14.41	0
38.481	14.421	0
38.482	14.428	0
38.483	14.436	0
38.485	14.446	0
38.486	14.454	0
38.487	14.462	0
38.488	14.47	0
38.49	14.48	0
38.491	14.488	0
38.492	14.496	0
38.494	14.506	0
38.495	14.514	0
38.496	14.522	0
38.498	14.532	0
38.499	14.54	0
38.5	14.548	0
38.501	14.556	0
38.503	14.566	0
38.504	14.574	0
38.505	14.582	0
38.507	14.592	0
38.508	14.6	0
38.509	14.608	0
38.51	14.619	0
38.512	14.627	0
38.513	14.635	0
38.514	14.643	0
38.515	14.653	0
38.516	14.661	0
38.517	14.669	0
38.519	14.68	0
38.52	14.688	0
38.521	14.696	0
38.523	14.707	0
38.524	14.715	0
38.525	14.723	0
38.526	14.731	0
38.527	14.741	0
38.528	14.75	0
38.529	14.758	0
38.531	14.768	0
38.532	14.777	0
38.533	14.785	0
38.534	14.795	0
38.535	14.804	0
38.536	14.812	0
38.537	14.82	0
38.539	14.831	0
38.54	14.839	0
38.541	14.847	0
38.542	14.858	0
38.543	14.866	0
38.544	14.874	0
38.546	14.885	0
38.547	14.894	0
38.548	14.902	0
38.549	14.91	0
38.55	14.921	0
38.551	14.929	0
38.552	14.938	0
38.553	14.949	0
38.554	14.957	0
38.555	14.965	0
38.556	14.976	0
38.557	14.985	0
38.558	14.993	0
38.559	15.001	0
38.56	15.012	0
38.561	15.021	0
38.562	15.029	0
38.564	15.04	0
38.564	15.049	0
38.565	15.057	0
38.567	15.068	0
38.567	15.076	0
38.568	15.085	0
38.569	15.093	0
38.57	15.105	0
38.571	15.113	0
38.572	15.121	0
38.573	15.133	0
38.574	15.141	0
38.575	15.15	0
38.576	15.161	0
38.577	15.169	0
38.578	15.178	0
38.579	15.186	0
38.58	15.198	0
38.581	15.206	0
38.582	15.215	0
38.583	15.226	0
38.584	15.235	0
38.584	15.243	0
38.586	15.254	0
38.586	15.263	0
38.587	15.272	0
38.588	15.28	0
38.589	15.292	0
38.59	15.3	0
38.591	15.309	0
38.592	15.32	0
38.592	15.329	0
38.593	15.337	0
38.594	15.349	0
38.595	15.358	0
38.596	15.366	0
38.597	15.375	0
38.598	15.386	0
38.598	15.395	0
38.599	15.404	0
38.6	15.415	0
38.601	15.424	0
38.601	15.433	0
38.602	15.444	0
38.603	15.453	0
38.604	15.462	0
38.605	15.47	0
38.606	15.482	0
38.606	15.491	0
38.607	15.499	0
38.608	15.511	0
38.609	15.52	0
38.609	15.529	0
38.61	15.54	0
38.611	15.549	0
38.611	15.558	0
38.612	15.567	0
38.613	15.578	0
38.614	15.587	0
38.614	15.596	0
38.615	15.608	0
38.616	15.616	0
38.616	15.625	0
38.617	15.637	0
38.618	15.646	0
38.619	15.655	0
38.619	15.664	0
38.62	15.675	0
38.621	15.684	0
38.621	15.693	0
38.622	15.705	0
38.623	15.714	0
38.623	15.723	0
38.624	15.735	0
38.624	15.744	0
38.625	15.752	0
38.626	15.761	0
38.626	15.773	0
38.627	15.782	0
38.627	15.791	0
38.628	15.803	0
38.629	15.812	0
38.629	15.821	0
38.63	15.833	0
38.63	15.842	0
38.631	15.851	0
38.632	15.86	0
38.632	15.872	0
38.633	15.881	0
38.633	15.89	0
38.634	15.902	0
38.634	15.911	0
38.635	15.92	0
38.635	15.932	0
38.636	15.941	0
38.636	15.95	0
38.637	15.959	0
38.638	15.971	0
38.638	15.98	0
38.638	15.989	0
38.639	16.001	0
38.639	16.01	0
38.64	16.019	0
38.64	16.032	0
38.641	16.041	0
38.641	16.05	0
38.642	16.059	0
38.642	16.071	0
38.643	16.08	0
38.643	16.089	0
38.644	16.101	0
38.644	16.111	0
38.644	16.12	0
38.645	16.132	0
38.645	16.141	0
38.646	16.15	0
38.646	16.159	0
38.647	16.172	0
38.647	16.181	0
38.647	16.19	0
38.648	16.202	0
38.648	16.211	0
38.648	16.221	0
38.649	16.233	0
38.649	16.242	0
38.649	16.251	0
38.65	16.26	0
38.65	16.273	0
38.65	16.282	0
38.651	16.291	0
38.651	16.303	0
38.651	16.313	0
38.652	16.322	0
38.652	16.334	0
38.652	16.344	0
38.653	16.353	0
38.653	16.362	0
38.653	16.374	0
38.654	16.384	0
38.654	16.393	0
38.654	16.405	0
38.654	16.415	0
38.655	16.424	0
38.655	16.436	0
38.655	16.446	0
38.655	16.455	0
38.656	16.464	0
38.656	16.477	0
38.656	16.486	0
38.656	16.496	0
38.657	16.508	0
38.657	16.517	0
38.657	16.527	0
38.657	16.539	0
38.657	16.549	0
38.658	16.558	0
38.658	16.567	0
38.658	16.58	0
38.658	16.589	0
38.658	16.599	0
38.658	16.611	0
38.659	16.62	0
38.659	16.63	0
38.659	16.642	0
38.659	16.652	0
38.659	16.661	0
38.659	16.671	0
38.659	16.683	0
38.659	16.693	0
38.66	16.702	0
38.66	16.715	0
38.66	16.724	0
38.66	16.734	0
38.66	16.746	0
38.66	16.756	0
38.66	16.765	0
38.66	16.775	0
38.66	16.787	0
38.66	16.797	0
38.66	16.806	0
38.66	16.819	0
38.661	16.828	0
38.661	16.838	0
38.661	16.851	0
38.661	16.86	0
38.661	16.87	0
38.661	16.879	0
38.661	16.892	0
38.661	16.901	0
38.661	16.911	0
38.661	16.924	0
38.661	16.933	0
38.661	16.943	0
38.661	16.955	0
38.661	16.965	0
38.661	16.974	0
38.661	16.984	0
38.66	16.997	0
38.66	17.006	0
38.66	17.016	0
38.66	17.029	0
38.66	17.038	0
38.66	17.048	0
38.66	17.061	0
38.66	17.07	0
38.66	17.08	0
38.66	17.09	0
38.66	17.102	0
38.66	17.112	0
38.66	17.122	0
38.659	17.134	0
38.659	17.144	0
38.659	17.154	0
38.659	17.166	0
38.659	17.176	0
38.659	17.186	0
38.659	17.195	0
38.658	17.208	0
38.658	17.218	0
38.658	17.228	0
38.658	17.241	0
38.658	17.25	0
38.658	17.26	0
38.657	17.273	0
38.657	17.282	0
38.657	17.292	0
38.657	17.302	0
38.657	17.315	0
38.656	17.324	0
38.656	17.334	0
38.656	17.347	0
38.656	17.357	0
38.655	17.367	0
38.655	17.379	0
38.655	17.389	0
38.655	17.399	0
38.654	17.409	0
38.654	17.422	0
38.654	17.431	0
38.654	17.441	0
38.653	17.454	0
38.653	17.464	0
38.653	17.474	0
38.652	17.487	0
38.652	17.496	0
38.652	17.506	0
38.652	17.516	0
38.651	17.529	0
38.651	17.539	0
38.651	17.548	0
38.65	17.562	0
38.65	17.571	0
38.65	17.581	0
38.649	17.594	0
38.649	17.604	0
38.648	17.614	0
38.648	17.624	0
38.648	17.637	0
38.647	17.646	0
38.647	17.656	0
38.646	17.669	0
38.646	17.679	0
38.646	17.689	0
38.645	17.702	0
38.645	17.712	0
38.644	17.722	0
38.644	17.732	0
38.644	17.745	0
38.643	17.755	0
38.643	17.765	0
38.642	17.778	0
38.642	17.788	0
38.641	17.797	0
38.641	17.811	0
38.64	17.82	0
38.64	17.83	0
38.64	17.84	0
38.639	17.853	0
38.638	17.863	0
38.638	17.873	0
38.637	17.886	0
38.637	17.896	0
38.636	17.906	0
38.636	17.919	0
38.635	17.929	0
38.635	17.939	0
38.634	17.949	0
38.634	17.962	0
38.633	17.972	0
38.633	17.982	0
38.632	17.995	0
38.632	18.005	0
38.631	18.015	0
38.63	18.028	0
38.63	18.038	0
38.629	18.048	0
38.629	18.058	0
38.628	18.072	0
38.627	18.081	0
38.627	18.091	0
38.626	18.105	0
38.626	18.115	0
38.625	18.125	0
38.624	18.138	0
38.624	18.148	0
38.623	18.158	0
38.622	18.168	0
38.622	18.181	0
38.621	18.191	0
38.62	18.201	0
38.62	18.214	0
38.619	18.224	0
38.618	18.234	0
38.618	18.248	0
38.617	18.258	0
38.616	18.268	0
38.616	18.278	0
38.615	18.291	0
38.614	18.301	0
38.613	18.311	0
38.613	18.325	0
38.612	18.335	0
38.611	18.345	0
38.61	18.358	0
38.61	18.368	0
38.609	18.378	0
38.608	18.388	0
38.607	18.402	0
38.607	18.412	0
38.606	18.422	0
38.605	18.435	0
38.604	18.445	0
38.604	18.455	0
38.603	18.469	0
38.602	18.479	0
38.601	18.489	0
38.6	18.499	0
38.599	18.512	0
38.599	18.522	0
38.598	18.532	0
38.597	18.546	0
38.596	18.556	0
38.595	18.566	0
38.594	18.579	0
38.594	18.589	0
38.593	18.6	0
38.592	18.61	0
38.591	18.623	0
38.59	18.633	0
38.589	18.643	0
38.588	18.657	0
38.587	18.667	0
38.587	18.677	0
38.585	18.691	0
38.585	18.701	0
38.584	18.711	0
38.583	18.721	0
38.582	18.734	0
38.581	18.745	0
38.58	18.755	0
38.579	18.768	0
38.578	18.778	0
38.577	18.788	0
38.576	18.802	0
38.575	18.812	0
38.574	18.822	0
38.573	18.832	0
38.572	18.846	0
38.571	18.856	0
38.57	18.866	0
38.569	18.88	0
38.568	18.89	0
38.567	18.9	0
38.566	18.914	0
38.565	18.924	0
38.564	18.934	0
38.563	18.944	0
38.562	18.958	0
38.561	18.968	0
38.56	18.978	0
38.559	18.992	0
38.558	19.002	0
38.557	19.012	0
38.556	19.026	0
38.555	19.036	0
38.554	19.046	0
38.553	19.056	0
38.551	19.07	0
38.55	19.08	0
38.549	19.09	0
38.548	19.104	0
38.547	19.114	0
38.546	19.125	0
38.545	19.138	0
38.544	19.148	0
38.542	19.159	0
38.541	19.169	0
38.54	19.182	0
38.539	19.193	0
38.538	19.203	0
38.537	19.217	0
38.535	19.227	0
38.534	19.237	0
38.533	19.251	0
38.532	19.261	0
38.531	19.271	0
38.53	19.282	0
38.528	19.295	0
38.527	19.305	0
38.526	19.316	0
38.525	19.329	0
38.523	19.34	0
38.522	19.35	0
38.521	19.364	0
38.52	19.374	0
38.519	19.384	0
38.517	19.394	0
38.516	19.408	0
38.515	19.418	0
38.514	19.429	0
38.512	19.442	0
38.511	19.453	0
38.51	19.463	0
38.508	19.477	0
38.507	19.487	0
38.506	19.497	0
38.505	19.508	0
38.503	19.521	0
38.502	19.532	0
38.501	19.542	0
38.499	19.556	0
38.498	19.566	0
38.497	19.576	0
38.495	19.59	0
38.494	19.6	0
38.492	19.611	0
38.491	19.621	0
38.49	19.635	0
38.488	19.645	0
38.487	19.655	0
38.485	19.669	0
38.484	19.68	0
38.483	19.69	0
38.481	19.704	0
38.48	19.714	0
38.479	19.724	0
38.477	19.735	0
38.476	19.748	0
38.474	19.759	0
38.473	19.769	0
38.471	19.783	0
38.47	19.793	0
38.469	19.804	0
38.467	19.817	0
38.465	19.828	0
38.464	19.838	0
38.463	19.849	0
38.461	19.862	0
38.46	19.873	0
38.458	19.883	0
38.456	19.897	0
38.455	19.907	0
38.454	19.918	0
38.452	19.932	0
38.451	19.942	0
38.449	19.952	0
38.448	19.963	0
38.446	19.977	0
38.445	19.987	0
38.443	19.997	0
38.441	20.011	0
38.44	20.022	0
38.438	20.032	0
38.437	20.046	0
38.435	20.056	0
38.434	20.067	0
38.432	20.077	0
38.43	20.091	0
38.429	20.101	0
38.427	20.112	0
38.425	20.126	0
38.424	20.136	0
38.423	20.146	0
38.421	20.16	0
38.419	20.171	0
38.418	20.181	0
38.416	20.192	0
38.414	20.205	0
38.413	20.216	0
38.411	20.226	0
38.409	20.24	0
38.408	20.251	0
38.406	20.261	0
38.404	20.276	0
