28.904	-25.299	0
28.923	-25.273	0
28.943	-25.246	0
28.962	-25.219	0
28.981	-25.192	0
29.001	-25.165	0
29.02	-25.138	0
29.039	-25.111	0
29.059	-25.084	0
29.078	-25.057	0
29.097	-25.029	0
29.116	-25.002	0
29.135	-24.975	0
29.154	-24.948	0
29.173	-24.921	0
29.193	-24.894	0
29.212	-24.867	0
29.231	-24.84	0
29.25	-24.812	0
29.268	-24.785	0
29.287	-24.758	0
29.306	-24.731	0
29.325	-24.704	0
29.344	-24.676	0
29.363	-24.649	0
29.382	-24.622	0
29.4	-24.594	0
29.419	-24.567	0
29.438	-24.54	0
29.456	-24.512	0
29.475	-24.485	0
29.494	-24.458	0
29.512	-24.43	0
29.531	-24.403	0
29.549	-24.376	0
29.568	-24.348	0
29.586	-24.321	0
29.605	-24.293	0
29.623	-24.266	0
29.642	-24.238	0
29.66	-24.211	0
29.678	-24.183	0
29.697	-24.156	0
29.715	-24.128	0
29.733	-24.101	0
29.751	-24.073	0
29.77	-24.045	0
29.788	-24.018	0
29.806	-23.99	0
29.824	-23.963	0
29.842	-23.935	0
29.86	-23.907	0
29.878	-23.88	0
29.896	-23.852	0
29.914	-23.824	0
29.932	-23.797	0
29.95	-23.769	0
29.968	-23.741	0
29.986	-23.713	0
30.004	-23.686	0
30.022	-23.658	0
30.039	-23.63	0
30.057	-23.602	0
30.075	-23.574	0
30.093	-23.547	0
30.11	-23.519	0
30.128	-23.491	0
30.146	-23.463	0
30.163	-23.435	0
30.181	-23.407	0
30.198	-23.379	0
30.216	-23.351	0
30.233	-23.323	0
30.251	-23.295	0
30.268	-23.268	0
30.285	-23.24	0
30.303	-23.212	0
30.32	-23.184	0
30.337	-23.156	0
30.355	-23.127	0
30.372	-23.099	0
30.389	-23.071	0
30.406	-23.043	0
30.423	-23.015	0
30.441	-22.987	0
30.458	-22.959	0
30.475	-22.931	0
30.492	-22.903	0
30.509	-22.875	0
30.526	-22.846	0
30.543	-22.818	0
30.56	-22.79	0
30.577	-22.762	0
30.594	-22.734	0
30.61	-22.705	0
30.627	-22.677	0
30.644	-22.649	0
30.661	-22.621	0
30.677	-22.592	0
30.694	-22.564	0
30.711	-22.536	0
30.727	-22.508	0
30.744	-22.479	0
30.761	-22.451	0
30.777	-22.423	0
30.794	-22.394	0
30.81	-22.366	0
30.827	-22.337	0
30.843	-22.309	0
30.86	-22.281	0
30.876	-22.252	0
30.892	-22.224	0
30.909	-22.195	0
30.925	-22.167	0
30.941	-22.138	0
30.957	-22.11	0
30.974	-22.081	0
30.99	-22.053	0
31.006	-22.024	0
31.022	-21.996	0
31.038	-21.967	0
31.054	-21.939	0
31.07	-21.91	0
31.086	-21.882	0
31.102	-21.853	0
31.118	-21.825	0
31.134	-21.796	0
31.15	-21.767	0
31.166	-21.739	0
31.182	-21.71	0
31.198	-21.681	0
31.213	-21.653	0
31.229	-21.624	0
31.245	-21.595	0
31.26	-21.567	0
31.276	-21.538	0
31.292	-21.509	0
31.307	-21.481	0
31.323	-21.452	0
31.338	-21.423	0
31.354	-21.394	0
31.369	-21.365	0
31.385	-21.337	0
31.4	-21.308	0
31.416	-21.279	0
31.431	-21.25	0
31.446	-21.221	0
31.462	-21.193	0
31.477	-21.164	0
31.492	-21.135	0
31.507	-21.106	0
31.523	-21.077	0
31.538	-21.048	0
31.553	-21.019	0
31.568	-20.99	0
31.583	-20.961	0
31.598	-20.933	0
31.613	-20.904	0
31.628	-20.875	0
31.643	-20.846	0
31.658	-20.817	0
31.673	-20.788	0
31.688	-20.759	0
31.703	-20.73	0
31.717	-20.701	0
31.732	-20.672	0
31.747	-20.643	0
31.762	-20.614	0
31.776	-20.585	0
31.791	-20.555	0
31.805	-20.526	0
31.82	-20.497	0
31.835	-20.468	0
31.849	-20.439	0
31.864	-20.41	0
31.878	-20.381	0
31.893	-20.352	0
31.907	-20.323	0
31.921	-20.293	0
31.936	-20.264	0
31.95	-20.235	0
31.964	-20.206	0
31.979	-20.177	0
31.993	-20.147	0
32.007	-20.118	0
32.021	-20.089	0
32.035	-20.06	0
32.049	-20.031	0
32.063	-20.001	0
32.078	-19.972	0
32.092	-19.943	0
32.106	-19.914	0
32.119	-19.884	0
32.133	-19.855	0
32.147	-19.826	0
32.161	-19.796	0
32.175	-19.767	0
32.189	-19.738	0
32.203	-19.708	0
32.216	-19.679	0
32.23	-19.65	0
32.244	-19.62	0
32.257	-19.591	0
32.271	-19.561	0
32.285	-19.532	0
32.298	-19.503	0
32.312	-19.473	0
32.325	-19.444	0
32.339	-19.414	0
32.352	-19.385	0
32.365	-19.356	0
32.379	-19.326	0
32.392	-19.297	0
32.406	-19.267	0
32.419	-19.238	0
32.432	-19.208	0
32.445	-19.179	0
32.458	-19.149	0
32.472	-19.12	0
32.485	-19.09	0
32.498	-19.061	0
32.511	-19.031	0
32.524	-19.002	0
32.537	-18.972	0
32.55	-18.942	0
32.563	-18.913	0
32.576	-18.883	0
32.589	-18.854	0
32.602	-18.824	0
32.614	-18.795	0
32.627	-18.765	0
32.64	-18.735	0
32.653	-18.706	0
32.665	-18.676	0
32.678	-18.646	0
32.691	-18.617	0
32.703	-18.587	0
32.716	-18.558	0
32.728	-18.528	0
32.741	-18.498	0
32.753	-18.468	0
32.766	-18.439	0
32.778	-18.409	0
32.791	-18.379	0
32.803	-18.35	0
32.815	-18.32	0
32.828	-18.29	0
32.84	-18.261	0
32.852	-18.231	0
32.864	-18.201	0
32.876	-18.171	0
32.889	-18.142	0
32.901	-18.112	0
32.913	-18.082	0
32.925	-18.052	0
32.937	-18.022	0
32.949	-17.993	0
32.961	-17.963	0
32.973	-17.933	0
32.985	-17.903	0
32.996	-17.873	0
33.008	-17.844	0
33.02	-17.814	0
33.032	-17.784	0
33.044	-17.754	0
33.055	-17.724	0
33.067	-17.694	0
33.079	-17.665	0
33.09	-17.635	0
33.102	-17.605	0
33.113	-17.575	0
33.125	-17.545	0
33.136	-17.515	0
33.148	-17.485	0
33.159	-17.455	0
33.17	-17.426	0
33.182	-17.396	0
33.193	-17.366	0
33.204	-17.336	0
33.216	-17.306	0
33.227	-17.276	0
33.238	-17.246	0
33.249	-17.216	0
33.26	-17.186	0
33.271	-17.156	0
33.283	-17.126	0
33.294	-17.096	0
33.305	-17.066	0
33.316	-17.036	0
33.326	-17.006	0
33.337	-16.976	0
33.348	-16.946	0
33.359	-16.916	0
33.37	-16.886	0
33.381	-16.856	0
33.391	-16.826	0
33.402	-16.796	0
33.413	-16.766	0
33.423	-16.736	0
33.434	-16.706	0
33.445	-16.676	0
33.455	-16.646	0
33.466	-16.616	0
33.476	-16.586	0
33.487	-16.556	0
33.497	-16.526	0
33.507	-16.496	0
33.518	-16.466	0
33.528	-16.436	0
33.538	-16.406	0
33.549	-16.376	0
33.559	-16.346	0
33.569	-16.316	0
33.579	-16.285	0
33.589	-16.255	0
33.599	-16.225	0
33.61	-16.195	0
33.62	-16.165	0
33.63	-16.135	0
33.639	-16.105	0
33.649	-16.075	0
33.659	-16.045	0
33.669	-16.015	0
33.679	-15.984	0
33.689	-15.954	0
33.699	-15.924	0
33.708	-15.894	0
33.718	-15.864	0
33.728	-15.834	0
33.737	-15.804	0
33.747	-15.774	0
33.757	-15.743	0
33.766	-15.713	0
33.776	-15.683	0
33.785	-15.653	0
33.795	-15.623	0
33.804	-15.593	0
33.813	-15.563	0
33.823	-15.532	0
33.832	-15.502	0
33.841	-15.472	0
33.85	-15.442	0
33.86	-15.412	0
33.869	-15.382	0
33.878	-15.351	0
33.887	-15.321	0
33.896	-15.291	0
33.905	-15.261	0
33.914	-15.231	0
33.923	-15.201	0
33.932	-15.17	0
33.941	-15.14	0
33.95	-15.11	0
33.959	-15.08	0
33.968	-15.05	0
33.976	-15.019	0
33.985	-14.989	0
33.994	-14.959	0
34.003	-14.929	0
34.011	-14.899	0
34.02	-14.869	0
34.028	-14.838	0
34.037	-14.808	0
34.045	-14.778	0
34.054	-14.748	0
34.062	-14.718	0
34.071	-14.687	0
34.079	-14.657	0
34.088	-14.627	0
34.096	-14.597	0
34.104	-14.567	0
34.112	-14.536	0
34.121	-14.506	0
34.129	-14.476	0
34.137	-14.446	0
34.145	-14.416	0
34.153	-14.385	0
34.161	-14.355	0
34.169	-14.325	0
34.177	-14.295	0
34.185	-14.265	0
34.193	-14.234	0
34.201	-14.204	0
34.209	-14.174	0
34.216	-14.144	0
34.224	-14.114	0
34.232	-14.083	0
34.24	-14.053	0
34.247	-14.023	0
34.255	-13.993	0
34.263	-13.963	0
34.27	-13.933	0
34.278	-13.902	0
34.285	-13.872	0
34.293	-13.842	0
34.3	-13.812	0
34.307	-13.782	0
34.315	-13.751	0
34.322	-13.721	0
34.329	-13.691	0
34.337	-13.661	0
34.344	-13.631	0
34.351	-13.601	0
34.358	-13.57	0
34.365	-13.54	0
34.372	-13.51	0
34.38	-13.48	0
34.387	-13.45	0
34.394	-13.42	0
34.4	-13.39	0
34.407	-13.359	0
34.414	-13.329	0
34.421	-13.299	0
34.428	-13.269	0
34.435	-13.239	0
34.441	-13.209	0
34.448	-13.179	0
34.455	-13.149	0
34.461	-13.118	0
34.468	-13.088	0
34.475	-13.058	0
34.481	-13.028	0
34.488	-12.998	0
34.494	-12.968	0
34.501	-12.938	0
34.507	-12.908	0
34.513	-12.878	0
34.52	-12.848	0
34.526	-12.818	0
34.532	-12.788	0
34.538	-12.757	0
34.545	-12.727	0
34.551	-12.697	0
34.557	-12.667	0
34.563	-12.637	0
34.569	-12.607	0
34.575	-12.577	0
34.581	-12.547	0
34.587	-12.517	0
34.593	-12.487	0
34.599	-12.457	0
34.604	-12.427	0
34.61	-12.397	0
34.616	-12.367	0
34.622	-12.337	0
34.627	-12.307	0
34.633	-12.277	0
34.639	-12.247	0
34.644	-12.217	0
34.65	-12.187	0
34.655	-12.158	0
34.661	-12.128	0
34.666	-12.098	0
34.672	-12.068	0
34.677	-12.038	0
34.682	-12.008	0
34.688	-11.978	0
34.693	-11.948	0
34.698	-11.918	0
34.703	-11.888	0
34.708	-11.859	0
34.713	-11.829	0
34.719	-11.799	0
34.724	-11.769	0
34.729	-11.739	0
34.734	-11.709	0
34.738	-11.68	0
34.743	-11.65	0
34.748	-11.62	0
34.753	-11.59	0
34.758	-11.561	0
34.763	-11.531	0
34.767	-11.501	0
34.772	-11.471	0
34.777	-11.442	0
34.781	-11.412	0
34.786	-11.382	0
34.79	-11.353	0
34.795	-11.323	0
34.799	-11.293	0
34.804	-11.264	0
34.808	-11.234	0
34.812	-11.204	0
34.817	-11.175	0
34.821	-11.145	0
34.825	-11.116	0
34.829	-11.086	0
34.834	-11.056	0
34.838	-11.027	0
34.842	-10.997	0
34.846	-10.968	0
34.85	-10.938	0
34.854	-10.909	0
34.858	-10.879	0
34.862	-10.85	0
34.866	-10.821	0
34.869	-10.791	0
34.873	-10.762	0
34.877	-10.732	0
34.881	-10.703	0
34.884	-10.674	0
34.888	-10.644	0
34.892	-10.615	0
34.895	-10.586	0
34.899	-10.556	0
34.902	-10.527	0
34.906	-10.498	0
34.909	-10.468	0
34.912	-10.439	0
34.916	-10.41	0
34.919	-10.381	0
34.922	-10.352	0
34.926	-10.322	0
34.929	-10.293	0
34.932	-10.264	0
34.935	-10.235	0
34.938	-10.206	0
34.941	-10.177	0
34.944	-10.148	0
34.947	-10.119	0
34.95	-10.09	0
34.953	-10.061	0
34.956	-10.032	0
34.959	-10.003	0
34.961	-9.9742	0
34.964	-9.9453	0
34.967	-9.9164	0
34.969	-9.8876	0
34.972	-9.8588	0
34.975	-9.83	0
34.977	-9.8012	0
34.98	-9.7725	0
34.982	-9.7438	0
34.985	-9.7151	0
34.987	-9.6864	0
34.989	-9.6578	0
34.992	-9.6291	0
34.994	-9.6006	0
34.996	-9.572	0
34.998	-9.5435	0
35	-9.515	0
35.003	-9.4865	0
35.005	-9.458	0
35.007	-9.4296	0
35.009	-9.4012	0
35.011	-9.3729	0
35.013	-9.3445	0
35.014	-9.3162	0
35.016	-9.288	0
35.018	-9.2597	0
35.02	-9.2315	0
35.022	-9.2034	0
35.023	-9.1752	0
35.025	-9.1471	0
35.026	-9.1191	0
35.028	-9.091	0
35.03	-9.063	0
35.031	-9.0351	0
35.032	-9.0071	0
35.034	-8.9793	0
35.035	-8.9514	0
35.037	-8.9236	0
35.038	-8.8958	0
35.039	-8.8681	0
35.04	-8.8404	0
35.041	-8.8127	0
35.043	-8.7851	0
35.044	-8.7575	0
35.045	-8.73	0
35.046	-8.7025	0
35.047	-8.6751	0
35.048	-8.6477	0
35.048	-8.6203	0
35.049	-8.593	0
35.05	-8.5658	0
35.051	-8.5386	0
35.052	-8.5114	0
35.052	-8.4843	0
35.053	-8.4572	0
35.054	-8.4302	0
35.054	-8.4033	0
35.055	-8.3763	0
35.055	-8.3495	0
35.056	-8.3227	0
35.056	-8.2959	0
35.056	-8.2693	0
35.057	-8.2426	0
35.057	-8.216	0
35.057	-8.1895	0
35.057	-8.1631	0
35.057	-8.1367	0
35.058	-8.1104	0
35.058	-8.0841	0
35.058	-8.0579	0
35.058	-8.0317	0
35.058	-8.0057	0
35.058	-7.9797	0
35.057	-7.9537	0
35.057	-7.9279	0
35.057	-7.9021	0
35.057	-7.8763	0
35.057	-7.8506	0
35.056	-7.8248	0
35.056	-7.799	0
35.055	-7.7732	0
35.055	-7.7473	0
35.054	-7.7214	0
35.054	-7.6955	0
35.053	-7.6696	0
35.053	-7.6437	0
35.052	-7.6177	0
35.051	-7.5917	0
35.051	-7.5657	0
35.05	-7.5397	0
35.049	-7.5137	0
35.048	-7.4876	0
35.047	-7.4615	0
35.046	-7.4355	0
35.045	-7.4094	0
35.044	-7.3833	0
35.043	-7.3571	0
35.042	-7.331	0
35.041	-7.3049	0
35.04	-7.2787	0
35.039	-7.2525	0
35.037	-7.2264	0
35.036	-7.2002	0
35.035	-7.174	0
35.033	-7.1478	0
35.032	-7.1216	0
35.03	-7.0954	0
35.029	-7.0693	0
35.027	-7.0431	0
35.026	-7.0169	0
35.024	-6.9907	0
35.022	-6.9645	0
35.021	-6.9383	0
35.019	-6.9121	0
35.017	-6.886	0
35.015	-6.8598	0
35.014	-6.8337	0
35.012	-6.8075	0
35.01	-6.7814	0
35.008	-6.7553	0
35.006	-6.7292	0
35.004	-6.7031	0
35.002	-6.6771	0
35	-6.651	0
34.997	-6.625	0
34.995	-6.599	0
34.993	-6.573	0
34.991	-6.5471	0
34.988	-6.5212	0
34.986	-6.4953	0
34.984	-6.4695	0
34.981	-6.4437	0
34.979	-6.4179	0
34.976	-6.3922	0
34.974	-6.3665	0
34.971	-6.3409	0
34.969	-6.3153	0
34.966	-6.2897	0
34.963	-6.2642	0
34.961	-6.2388	0
34.958	-6.2134	0
34.955	-6.1881	0
34.953	-6.1629	0
34.95	-6.1377	0
34.947	-6.1126	0
34.944	-6.0875	0
34.941	-6.0625	0
34.938	-6.0377	0
34.935	-6.0129	0
34.932	-5.9882	0
34.929	-5.9635	0
34.926	-5.939	0
34.923	-5.9146	0
34.92	-5.8903	0
34.917	-5.8661	0
34.914	-5.842	0
34.911	-5.818	0
34.907	-5.7942	0
34.904	-5.7705	0
34.901	-5.7469	0
34.898	-5.7235	0
34.894	-5.7002	0
34.891	-5.6771	0
34.888	-5.6541	0
34.884	-5.6313	0
34.881	-5.6087	0
34.878	-5.5863	0
34.874	-5.5641	0
34.871	-5.542	0
34.867	-5.5202	0
34.864	-5.4969	0
34.86	-5.4713	0
34.855	-5.4457	0
34.851	-5.4203	0
34.847	-5.3918	0
34.841	-5.3604	0
34.836	-5.3287	0
34.831	-5.2973	0
34.826	-5.2661	0
34.82	-5.2351	0
34.815	-5.204	0
34.81	-5.173	0
34.805	-5.1421	0
34.799	-5.1114	0
34.794	-5.0807	0
34.789	-5.0501	0
34.783	-5.0195	0
34.778	-4.9891	0
34.773	-4.9587	0
34.767	-4.9284	0
34.762	-4.8981	0
34.756	-4.8679	0
34.751	-4.8377	0
34.745	-4.8076	0
34.74	-4.7774	0
34.735	-4.7474	0
34.729	-4.7173	0
34.723	-4.6873	0
34.718	-4.6573	0
34.712	-4.6273	0
34.707	-4.5974	0
34.701	-4.5675	0
34.695	-4.5376	0
34.69	-4.5076	0
34.684	-4.4777	0
34.678	-4.4478	0
34.673	-4.4179	0
34.667	-4.388	0
34.661	-4.3581	0
34.655	-4.3282	0
34.649	-4.2982	0
34.643	-4.2682	0
34.637	-4.2382	0
34.631	-4.2081	0
34.625	-4.178	0
34.619	-4.1478	0
34.613	-4.1176	0
34.607	-4.0873	0
34.601	-4.0569	0
34.595	-4.0265	0
34.588	-3.996	0
34.582	-3.9653	0
34.576	-3.9346	0
34.569	-3.9039	0
34.563	-3.8729	0
34.556	-3.8417	0
34.55	-3.8105	0
34.543	-3.7791	0
34.536	-3.7475	0
34.53	-3.7157	0
34.523	-3.6837	0
34.516	-3.6516	0
34.509	-3.6191	0
34.502	-3.5864	0
34.495	-3.5534	0
34.488	-3.5201	0
34.48	-3.4864	0
34.473	-3.4523	0
34.465	-3.4177	0
34.458	-3.3828	0
34.45	-3.3472	0
34.442	-3.311	0
34.434	-3.2741	0
34.426	-3.2366	0
34.418	-3.1982	0
34.409	-3.159	0
34.4	-3.1188	0
34.391	-3.0775	0
34.382	-3.035	0
34.372	-2.991	0
34.363	-2.9454	0
34.352	-2.8978	0
34.342	-2.8485	0
34.331	-2.7971	0
34.32	-2.7431	0
34.308	-2.6864	0
34.295	-2.627	0
34.283	-2.5644	0
34.269	-2.4979	0
34.255	-2.4271	0
34.241	-2.3521	0
34.226	-2.2723	0
34.21	-2.186	0
34.193	-2.0928	0
34.176	-1.9933	0
34.159	-1.8869	0
34.141	-1.772	0
34.123	-1.648	0
34.104	-1.5156	0
34.087	-1.3745	0
34.069	-1.2231	0
34.053	-1.0613	0
34.038	-0.89096	0
34.025	-0.71264	0
34.014	-0.52585	0
34.006	-0.33221	0
34.001	-0.13343	0
33.999	0.067318	0
34.002	0.26858	0
34.007	0.46832	0
34.016	0.6643	0
34.028	0.85514	0
34.042	1.0405	0
34.059	1.2194	0
34.077	1.39	0
34.097	1.5515	0
34.118	1.7039	0
34.139	1.8472	0
34.16	1.9812	0
34.181	2.1063	0
34.202	2.223	0
34.223	2.3319	0
34.243	2.4339	0
34.262	2.5295	0
34.281	2.6194	0
34.299	2.7041	0
34.317	2.7844	0
34.334	2.8606	0
34.351	2.9332	0
34.367	3.0028	0
34.383	3.0695	0
34.399	3.1338	0
34.414	3.196	0
34.429	3.2563	0
34.444	3.3151	0
34.458	3.3724	0
34.473	3.4285	0
34.487	3.4836	0
34.501	3.5378	0
34.515	3.5913	0
34.529	3.6441	0
34.543	3.6963	0
34.558	3.7482	0
34.572	3.7997	0
34.586	3.8509	0
34.6	3.9019	0
34.614	3.9528	0
34.628	4.0035	0
34.643	4.0542	0
34.657	4.1049	0
34.672	4.1557	0
34.686	4.2064	0
34.701	4.2573	0
34.716	4.3083	0
34.731	4.3594	0
34.746	4.4107	0
34.762	4.4621	0
34.777	4.5138	0
34.793	4.5656	0
34.809	4.6176	0
34.825	4.67	0
34.841	4.7224	0
34.858	4.775	0
34.874	4.8271	0
34.89	4.8778	0
34.906	4.9269	0
34.921	4.9745	0
34.936	5.0208	0
34.951	5.0659	0
34.965	5.11	0
34.98	5.153	0
34.993	5.1951	0
35.007	5.2363	0
35.02	5.2766	0
35.034	5.3163	0
35.047	5.3552	0
35.059	5.3935	0
35.072	5.4311	0
35.084	5.4682	0
35.097	5.5047	0
35.109	5.5406	0
35.121	5.5761	0
35.132	5.6111	0
35.144	5.6457	0
35.156	5.68	0
35.167	5.7139	0
35.178	5.7475	0
35.19	5.7808	0
35.201	5.8139	0
35.212	5.8466	0
35.223	5.8791	0
35.234	5.9114	0
35.244	5.9434	0
35.255	5.9752	0
35.266	6.0068	0
35.276	6.0381	0
35.287	6.0694	0
35.297	6.1006	0
35.308	6.1316	0
35.318	6.1624	0
35.328	6.1931	0
35.338	6.2236	0
35.349	6.254	0
35.359	6.2843	0
35.369	6.3145	0
35.379	6.3447	0
35.389	6.3748	0
35.399	6.4047	0
35.409	6.4346	0
35.419	6.4645	0
35.428	6.4943	0
35.438	6.5239	0
35.448	6.5536	0
35.458	6.5832	0
35.467	6.6127	0
35.477	6.6422	0
35.487	6.6717	0
35.496	6.7011	0
35.506	6.7305	0
35.516	6.7598	0
35.525	6.7891	0
35.535	6.8184	0
35.544	6.8476	0
35.554	6.8769	0
35.563	6.9061	0
35.572	6.9352	0
35.582	6.9644	0
35.591	6.9936	0
35.601	7.0227	0
35.61	7.0518	0
35.619	7.0809	0
35.629	7.11	0
35.638	7.1391	0
35.647	7.1681	0
35.656	7.1972	0
35.666	7.2264	0
35.675	7.2555	0
35.684	7.2845	0
35.693	7.3136	0
35.702	7.3427	0
35.711	7.3717	0
35.72	7.4007	0
35.73	7.4298	0
35.739	7.459	0
35.748	7.4882	0
35.757	7.5172	0
35.766	7.5464	0
35.775	7.5755	0
35.784	7.6046	0
35.793	7.6337	0
35.802	7.6629	0
35.811	7.6921	0
35.82	7.7214	0
35.829	7.7506	0
35.838	7.7798	0
35.847	7.8091	0
35.855	7.8383	0
35.864	7.8675	0
35.873	7.8968	0
35.882	7.9262	0
35.891	7.9556	0
35.9	7.9849	0
35.909	8.0143	0
35.917	8.0437	0
35.926	8.0731	0
35.935	8.1026	0
35.944	8.132	0
35.953	8.1615	0
35.961	8.191	0
35.97	8.2205	0
35.979	8.2501	0
35.988	8.2797	0
35.996	8.3093	0
36.005	8.3389	0
36.014	8.3686	0
36.023	8.3982	0
36.031	8.4279	0
36.04	8.4577	0
36.049	8.4874	0
36.057	8.5172	0
36.066	8.5471	0
36.075	8.577	0
36.083	8.6069	0
36.092	8.6368	0
36.101	8.6667	0
36.109	8.6967	0
36.118	8.7266	0
36.126	8.7565	0
36.135	8.7866	0
36.144	8.8168	0
36.152	8.847	0
36.161	8.8771	0
36.169	8.9072	0
36.178	8.9374	0
36.186	8.9675	0
36.195	8.9976	0
36.203	9.028	0
36.212	9.0584	0
36.221	9.0889	0
36.229	9.1193	0
36.238	9.1497	0
36.246	9.1802	0
36.255	9.2106	0
36.263	9.241	0
36.272	9.2715	0
36.28	9.3022	0
36.289	9.3329	0
36.297	9.3635	0
36.306	9.3942	0
36.314	9.4249	0
36.323	9.4556	0
36.331	9.4862	0
36.339	9.5169	0
36.348	9.5478	0
36.356	9.5787	0
36.365	9.6097	0
36.373	9.6407	0
36.382	9.6717	0
36.39	9.7026	0
36.399	9.7336	0
36.407	9.7646	0
36.415	9.7957	0
36.424	9.8269	0
36.432	9.8581	0
36.441	9.8893	0
36.449	9.9206	0
36.457	9.9518	0
36.466	9.9831	0
36.474	10.014	0
36.483	10.046	0
36.491	10.077	0
36.499	10.109	0
36.508	10.14	0
36.516	10.172	0
36.525	10.203	0
36.533	10.235	0
36.541	10.266	0
36.55	10.298	0
36.558	10.33	0
36.567	10.361	0
36.575	10.393	0
36.583	10.425	0
36.592	10.457	0
36.6	10.489	0
36.609	10.521	0
36.617	10.553	0
36.625	10.585	0
36.634	10.617	0
36.642	10.649	0
36.651	10.681	0
36.659	10.713	0
36.667	10.745	0
36.676	10.777	0
36.684	10.81	0
36.693	10.842	0
36.701	10.874	0
36.71	10.907	0
36.718	10.939	0
36.727	10.972	0
36.735	11.004	0
36.743	11.037	0
36.752	11.07	0
36.76	11.102	0
36.769	11.135	0
36.777	11.168	0
36.786	11.201	0
36.794	11.233	0
36.803	11.266	0
36.811	11.299	0
36.82	11.332	0
36.828	11.366	0
36.837	11.399	0
36.846	11.432	0
36.854	11.465	0
36.863	11.499	0
36.871	11.532	0
36.88	11.565	0
36.889	11.599	0
36.897	11.633	0
36.906	11.666	0
36.915	11.7	0
36.924	11.734	0
36.932	11.767	0
36.941	11.801	0
36.95	11.835	0
36.959	11.869	0
36.967	11.903	0
36.976	11.937	0
36.985	11.972	0
36.994	12.006	0
37.003	12.04	0
37.012	12.075	0
37.021	12.109	0
37.03	12.144	0
37.039	12.179	0
37.048	12.214	0
37.057	12.248	0
37.066	12.284	0
37.076	12.319	0
37.085	12.354	0
37.094	12.389	0
37.103	12.425	0
37.113	12.46	0
37.122	12.495	0
37.132	12.531	0
37.141	12.567	0
37.151	12.603	0
37.16	12.639	0
37.17	12.675	0
37.18	12.712	0
37.189	12.748	0
37.199	12.785	0
37.209	12.822	0
37.219	12.858	0
37.229	12.894	0
37.239	12.93	0
37.248	12.966	0
37.258	13.002	0
37.268	13.04	0
37.278	13.074	0
37.286	13.103	0
37.294	13.132	0
37.301	13.16	0
37.309	13.187	0
37.316	13.215	0
37.324	13.242	0
37.331	13.269	0
37.338	13.296	0
37.345	13.322	0
37.352	13.349	0
37.359	13.374	0
37.366	13.4	0
37.372	13.424	0
37.379	13.449	0
37.385	13.473	0
37.391	13.497	0
37.397	13.52	0
37.403	13.543	0
37.408	13.565	0
37.414	13.587	0
37.419	13.608	0
37.424	13.628	0
37.429	13.649	0
37.434	13.668	0
37.439	13.687	0
37.443	13.706	0
37.447	13.724	0
37.452	13.743	0
37.456	13.761	0
37.46	13.78	0
37.464	13.799	0
37.469	13.819	0
37.473	13.838	0
37.477	13.858	0
37.481	13.878	0
37.485	13.898	0
37.49	13.918	0
37.494	13.938	0
37.498	13.959	0
37.502	13.979	0
37.506	14	0
37.51	14.021	0
37.514	14.043	0
37.518	14.064	0
37.522	14.085	0
37.526	14.107	0
37.53	14.129	0
37.534	14.151	0
37.537	14.173	0
37.541	14.196	0
37.545	14.218	0
37.549	14.241	0
37.552	14.263	0
37.556	14.286	0
37.56	14.309	0
37.563	14.332	0
37.567	14.356	0
37.571	14.379	0
37.574	14.403	0
37.577	14.426	0
37.581	14.45	0
37.584	14.474	0
37.588	14.498	0
37.591	14.522	0
37.594	14.547	0
37.597	14.571	0
37.601	14.595	0
37.604	14.62	0
37.607	14.645	0
37.61	14.67	0
37.613	14.695	0
37.616	14.72	0
37.619	14.745	0
37.622	14.77	0
37.625	14.796	0
37.628	14.821	0
37.63	14.847	0
37.633	14.873	0
37.636	14.898	0
37.638	14.924	0
37.641	14.95	0
37.643	14.977	0
37.646	15.003	0
37.648	15.029	0
37.651	15.056	0
37.653	15.082	0
37.656	15.109	0
37.658	15.135	0
37.66	15.162	0
37.662	15.189	0
37.664	15.216	0
37.666	15.243	0
37.669	15.27	0
37.67	15.297	0
37.672	15.324	0
37.674	15.352	0
37.676	15.379	0
37.678	15.407	0
37.68	15.434	0
37.681	15.462	0
37.683	15.49	0
37.685	15.518	0
37.686	15.546	0
37.688	15.574	0
37.689	15.602	0
37.691	15.63	0
37.692	15.658	0
37.693	15.686	0
37.695	15.715	0
37.696	15.743	0
37.697	15.772	0
37.698	15.8	0
37.699	15.829	0
37.7	15.858	0
37.701	15.886	0
37.702	15.915	0
37.703	15.944	0
37.704	15.973	0
37.705	16.002	0
37.705	16.031	0
37.706	16.06	0
37.707	16.089	0
37.707	16.119	0
37.708	16.148	0
37.708	16.177	0
37.709	16.207	0
37.709	16.236	0
37.709	16.266	0
37.71	16.296	0
37.71	16.325	0
37.71	16.355	0
37.71	16.385	0
37.71	16.415	0
37.71	16.445	0
37.71	16.475	0
37.71	16.505	0
37.71	16.535	0
37.71	16.565	0
37.71	16.595	0
37.709	16.625	0
37.709	16.656	0
37.709	16.686	0
37.708	16.716	0
37.708	16.747	0
37.707	16.777	0
37.707	16.808	0
37.706	16.838	0
37.705	16.869	0
37.704	16.9	0
37.704	16.93	0
37.703	16.961	0
37.702	16.992	0
37.701	17.023	0
37.7	17.054	0
37.699	17.085	0
37.698	17.116	0
37.697	17.147	0
37.696	17.178	0
37.694	17.209	0
37.693	17.24	0
37.692	17.271	0
37.69	17.302	0
37.689	17.334	0
37.687	17.365	0
37.686	17.396	0
37.684	17.428	0
37.682	17.459	0
37.681	17.491	0
37.679	17.522	0
37.677	17.554	0
37.675	17.585	0
37.673	17.617	0
37.671	17.649	0
37.669	17.68	0
37.667	17.712	0
37.665	17.744	0
37.663	17.776	0
37.661	17.808	0
37.659	17.839	0
37.656	17.871	0
37.654	17.903	0
37.652	17.935	0
37.649	17.967	0
37.647	17.999	0
37.644	18.032	0
37.641	18.064	0
37.639	18.096	0
37.636	18.128	0
37.633	18.16	0
37.63	18.192	0
37.627	18.225	0
37.625	18.257	0
37.622	18.289	0
37.619	18.322	0
37.616	18.354	0
37.612	18.387	0
37.609	18.419	0
37.606	18.452	0
37.603	18.484	0
37.599	18.517	0
37.596	18.549	0
37.593	18.582	0
37.589	18.615	0
37.586	18.647	0
37.582	18.68	0
37.578	18.713	0
37.575	18.746	0
37.571	18.778	0
37.567	18.811	0
37.563	18.844	0
37.559	18.877	0
37.556	18.91	0
37.552	18.943	0
37.548	18.976	0
37.543	19.009	0
37.539	19.042	0
37.535	19.075	0
37.531	19.108	0
37.527	19.141	0
37.522	19.174	0
37.518	19.207	0
37.514	19.24	0
37.509	19.273	0
37.505	19.306	0
37.5	19.34	0
37.495	19.373	0
37.491	19.406	0
37.486	19.439	0
37.481	19.473	0
37.476	19.506	0
37.472	19.539	0
37.467	19.573	0
37.462	19.606	0
37.457	19.639	0
37.452	19.673	0
37.446	19.706	0
37.441	19.74	0
37.436	19.773	0
37.431	19.807	0
37.425	19.84	0
37.42	19.874	0
37.415	19.907	0
37.409	19.941	0
37.404	19.975	0
37.398	20.008	0
37.393	20.042	0
37.387	20.075	0
37.381	20.109	0
37.375	20.143	0
37.37	20.177	0
37.364	20.21	0
37.358	20.244	0
37.352	20.278	0
37.346	20.312	0
37.34	20.345	0
37.334	20.379	0
37.328	20.413	0
37.321	20.447	0
37.315	20.481	0
37.309	20.515	0
37.303	20.548	0
37.296	20.582	0
37.29	20.616	0
37.283	20.65	0
37.277	20.684	0
37.27	20.718	0
37.263	20.752	0
37.257	20.786	0
37.25	20.82	0
37.243	20.854	0
37.236	20.888	0
37.23	20.922	0
37.223	20.956	0
37.216	20.991	0
37.209	21.025	0
37.202	21.059	0
37.194	21.093	0
37.187	21.127	0
37.18	21.161	0
37.173	21.195	0
37.166	21.23	0
37.158	21.264	0
37.151	21.298	0
37.143	21.332	0
37.136	21.366	0
37.128	21.401	0
37.121	21.435	0
37.113	21.469	0
37.105	21.503	0
37.098	21.538	0
37.09	21.572	0
37.082	21.606	0
37.074	21.641	0
37.066	21.675	0
37.058	21.709	0
37.05	21.744	0
37.042	21.778	0
37.034	21.812	0
37.026	21.847	0
37.018	21.881	0
37.009	21.916	0
37.001	21.95	0
36.993	21.984	0
36.984	22.019	0
36.976	22.053	0
36.967	22.088	0
36.959	22.122	0
36.95	22.157	0
36.942	22.191	0
36.933	22.226	0
36.924	22.26	0
36.915	22.295	0
36.907	22.329	0
36.898	22.364	0
36.889	22.398	0
36.88	22.433	0
36.871	22.467	0
36.862	22.502	0
36.853	22.536	0
36.844	22.571	0
36.834	22.606	0
36.825	22.64	0
36.816	22.675	0
36.806	22.709	0
36.797	22.744	0
36.788	22.779	0
36.778	22.813	0
36.769	22.848	0
36.759	22.882	0
36.749	22.917	0
36.74	22.952	0
36.73	22.986	0
36.72	23.021	0
36.711	23.056	0
36.701	23.09	0
36.691	23.125	0
36.681	23.16	0
36.671	23.194	0
36.661	23.229	0
36.651	23.264	0
36.641	23.298	0
36.63	23.333	0
36.62	23.368	0
36.61	23.403	0
36.6	23.437	0
36.589	23.472	0
36.579	23.507	0
36.568	23.541	0
36.558	23.576	0
36.547	23.611	0
36.537	23.646	0
36.526	23.68	0
36.515	23.715	0
36.505	23.75	0
36.494	23.785	0
36.483	23.819	0
36.472	23.854	0
36.461	23.889	0
36.45	23.924	0
36.439	23.959	0
36.428	23.993	0
36.417	24.028	0
36.406	24.063	0
36.395	24.098	0
36.384	24.132	0
36.372	24.167	0
36.361	24.202	0
36.35	24.237	0
36.338	24.272	0
36.327	24.306	0
36.315	24.341	0
36.304	24.376	0
36.292	24.411	0
36.281	24.446	0
36.269	24.48	0
36.257	24.515	0
36.245	24.55	0
36.234	24.585	0
36.222	24.62	0
36.21	24.655	0
36.198	24.689	0
36.186	24.724	0
36.174	24.759	0
36.162	24.794	0
36.15	24.829	0
36.137	24.863	0
36.125	24.898	0
36.113	24.933	0
36.101	24.968	0
36.088	25.003	0
36.076	25.038	0
36.063	25.072	0
36.051	25.107	0
36.038	25.142	0
36.026	25.177	0
36.013	25.212	0
36.001	25.247	0
35.988	25.281	0
35.975	25.316	0
35.962	25.351	0
35.949	25.386	0
35.936	25.421	0
35.924	25.456	0
35.911	25.49	0
35.898	25.525	0
35.884	25.56	0
35.871	25.595	0
35.858	25.63	0
35.845	25.664	0
35.832	25.699	0
35.818	25.734	0
35.805	25.769	0
35.792	25.804	0
35.778	25.839	0
35.765	25.873	0
35.751	25.908	0
35.738	25.943	0
35.724	25.978	0
35.71	26.013	0
35.697	26.047	0
35.683	26.082	0
35.669	26.117	0
35.655	26.152	0
35.642	26.187	0
35.628	26.221	0
35.614	26.256	0
35.6	26.291	0
35.586	26.326	0
35.572	26.36	0
35.557	26.395	0
35.543	26.43	0
35.529	26.465	0
35.515	26.5	0
35.5	26.534	0
35.486	26.569	0
35.472	26.604	0
35.457	26.639	0
35.443	26.673	0
35.428	26.708	0
35.414	26.743	0
35.399	26.778	0
35.384	26.812	0
35.37	26.847	0
35.355	26.882	0
35.34	26.916	0
35.325	26.951	0
35.31	26.986	0
35.295	27.021	0
35.281	27.055	0
35.266	27.09	0
35.25	27.125	0
35.235	27.159	0
35.22	27.194	0
35.205	27.229	0
35.19	27.263	0
35.175	27.298	0
35.159	27.333	0
35.144	27.367	0
35.128	27.402	0
35.113	27.437	0
35.098	27.471	0
35.082	27.506	0
35.066	27.541	0
35.051	27.575	0
35.035	27.61	0
35.019	27.645	0
35.004	27.679	0
34.988	27.714	0
34.972	27.748	0
34.956	27.783	0
34.94	27.818	0
34.924	27.852	0
34.908	27.887	0
34.892	27.921	0
34.876	27.956	0
34.86	27.99	0
34.844	28.025	0
34.828	28.06	0
34.811	28.094	0
34.795	28.129	0
34.779	28.163	0
34.762	28.198	0
34.746	28.232	0
34.73	28.267	0
34.713	28.301	0
34.696	28.336	0
34.675	28.379	0
