29.791	-26.316	0
29.811	-26.288	0
29.83	-26.26	0
29.85	-26.232	0
29.869	-26.204	0
29.889	-26.175	0
29.908	-26.147	0
29.928	-26.119	0
29.947	-26.091	0
29.966	-26.062	0
29.985	-26.034	0
30.005	-26.006	0
30.024	-25.978	0
30.043	-25.949	0
30.062	-25.921	0
30.081	-25.893	0
30.1	-25.864	0
30.119	-25.836	0
30.139	-25.807	0
30.158	-25.779	0
30.176	-25.751	0
30.195	-25.722	0
30.214	-25.694	0
30.233	-25.665	0
30.252	-25.637	0
30.271	-25.608	0
30.29	-25.58	0
30.308	-25.551	0
30.327	-25.523	0
30.346	-25.494	0
30.365	-25.466	0
30.383	-25.437	0
30.402	-25.409	0
30.42	-25.38	0
30.439	-25.351	0
30.458	-25.323	0
30.476	-25.294	0
30.495	-25.265	0
30.513	-25.237	0
30.531	-25.208	0
30.55	-25.179	0
30.568	-25.151	0
30.586	-25.122	0
30.605	-25.093	0
30.623	-25.065	0
30.641	-25.036	0
30.659	-25.007	0
30.678	-24.978	0
30.696	-24.949	0
30.714	-24.921	0
30.732	-24.892	0
30.75	-24.863	0
30.768	-24.834	0
30.786	-24.805	0
30.804	-24.776	0
30.822	-24.747	0
30.84	-24.719	0
30.858	-24.69	0
30.875	-24.661	0
30.893	-24.632	0
30.911	-24.603	0
30.929	-24.574	0
30.947	-24.545	0
30.964	-24.516	0
30.982	-24.487	0
31	-24.458	0
31.017	-24.429	0
31.035	-24.4	0
31.052	-24.371	0
31.07	-24.342	0
31.087	-24.313	0
31.105	-24.283	0
31.122	-24.254	0
31.139	-24.225	0
31.157	-24.196	0
31.174	-24.167	0
31.191	-24.138	0
31.209	-24.109	0
31.226	-24.079	0
31.243	-24.05	0
31.26	-24.021	0
31.277	-23.992	0
31.295	-23.963	0
31.312	-23.933	0
31.329	-23.904	0
31.346	-23.875	0
31.363	-23.845	0
31.38	-23.816	0
31.397	-23.787	0
31.414	-23.758	0
31.43	-23.728	0
31.447	-23.699	0
31.464	-23.67	0
31.481	-23.64	0
31.498	-23.611	0
31.514	-23.581	0
31.531	-23.552	0
31.548	-23.523	0
31.564	-23.493	0
31.581	-23.464	0
31.597	-23.434	0
31.614	-23.405	0
31.63	-23.375	0
31.647	-23.346	0
31.663	-23.316	0
31.68	-23.287	0
31.696	-23.257	0
31.712	-23.228	0
31.729	-23.198	0
31.745	-23.169	0
31.761	-23.139	0
31.778	-23.11	0
31.794	-23.08	0
31.81	-23.05	0
31.826	-23.021	0
31.842	-22.991	0
31.858	-22.962	0
31.874	-22.932	0
31.89	-22.902	0
31.906	-22.873	0
31.922	-22.843	0
31.938	-22.813	0
31.954	-22.784	0
31.97	-22.754	0
31.986	-22.724	0
32.001	-22.694	0
32.017	-22.665	0
32.033	-22.635	0
32.048	-22.605	0
32.064	-22.575	0
32.08	-22.546	0
32.095	-22.516	0
32.111	-22.486	0
32.126	-22.456	0
32.142	-22.426	0
32.157	-22.397	0
32.173	-22.367	0
32.188	-22.337	0
32.204	-22.307	0
32.219	-22.277	0
32.234	-22.247	0
32.25	-22.217	0
32.265	-22.187	0
32.28	-22.158	0
32.295	-22.128	0
32.31	-22.098	0
32.326	-22.068	0
32.341	-22.038	0
32.356	-22.008	0
32.371	-21.978	0
32.386	-21.948	0
32.401	-21.918	0
32.416	-21.888	0
32.43	-21.858	0
32.445	-21.828	0
32.46	-21.798	0
32.475	-21.768	0
32.49	-21.738	0
32.505	-21.708	0
32.519	-21.678	0
32.534	-21.648	0
32.549	-21.618	0
32.563	-21.587	0
32.578	-21.557	0
32.592	-21.527	0
32.607	-21.497	0
32.621	-21.467	0
32.636	-21.437	0
32.65	-21.407	0
32.665	-21.377	0
32.679	-21.346	0
32.693	-21.316	0
32.708	-21.286	0
32.722	-21.256	0
32.736	-21.226	0
32.75	-21.195	0
32.764	-21.165	0
32.779	-21.135	0
32.793	-21.105	0
32.807	-21.075	0
32.821	-21.044	0
32.835	-21.014	0
32.849	-20.984	0
32.863	-20.953	0
32.877	-20.923	0
32.89	-20.893	0
32.904	-20.863	0
32.918	-20.832	0
32.932	-20.802	0
32.946	-20.772	0
32.959	-20.741	0
32.973	-20.711	0
32.987	-20.681	0
33	-20.65	0
33.014	-20.62	0
33.027	-20.59	0
33.041	-20.559	0
33.054	-20.529	0
33.068	-20.498	0
33.081	-20.468	0
33.095	-20.438	0
33.108	-20.407	0
33.121	-20.377	0
33.135	-20.346	0
33.148	-20.316	0
33.161	-20.285	0
33.174	-20.255	0
33.187	-20.224	0
33.201	-20.194	0
33.214	-20.163	0
33.227	-20.133	0
33.24	-20.103	0
33.253	-20.072	0
33.266	-20.041	0
33.279	-20.011	0
33.291	-19.98	0
33.304	-19.95	0
33.317	-19.919	0
33.33	-19.889	0
33.343	-19.858	0
33.355	-19.828	0
33.368	-19.797	0
33.381	-19.767	0
33.393	-19.736	0
33.406	-19.705	0
33.419	-19.675	0
33.431	-19.644	0
33.444	-19.614	0
33.456	-19.583	0
33.469	-19.552	0
33.481	-19.522	0
33.493	-19.491	0
33.506	-19.461	0
33.518	-19.43	0
33.53	-19.399	0
33.542	-19.369	0
33.555	-19.338	0
33.567	-19.307	0
33.579	-19.277	0
33.591	-19.246	0
33.603	-19.215	0
33.615	-19.185	0
33.627	-19.154	0
33.639	-19.123	0
33.651	-19.093	0
33.663	-19.062	0
33.675	-19.031	0
33.687	-19	0
33.698	-18.97	0
33.71	-18.939	0
33.722	-18.908	0
33.734	-18.877	0
33.745	-18.847	0
33.757	-18.816	0
33.769	-18.785	0
33.78	-18.754	0
33.792	-18.724	0
33.803	-18.693	0
33.815	-18.662	0
33.826	-18.631	0
33.837	-18.601	0
33.849	-18.57	0
33.86	-18.539	0
33.871	-18.508	0
33.883	-18.477	0
33.894	-18.447	0
33.905	-18.416	0
33.916	-18.385	0
33.927	-18.354	0
33.939	-18.323	0
33.95	-18.293	0
33.961	-18.262	0
33.972	-18.231	0
33.983	-18.2	0
33.993	-18.169	0
34.004	-18.138	0
34.015	-18.107	0
34.026	-18.077	0
34.037	-18.046	0
34.048	-18.015	0
34.058	-17.984	0
34.069	-17.953	0
34.08	-17.922	0
34.09	-17.891	0
34.101	-17.86	0
34.111	-17.83	0
34.122	-17.799	0
34.132	-17.768	0
34.143	-17.737	0
34.153	-17.706	0
34.164	-17.675	0
34.174	-17.644	0
34.184	-17.613	0
34.195	-17.582	0
34.205	-17.551	0
34.215	-17.521	0
34.225	-17.49	0
34.235	-17.459	0
34.245	-17.428	0
34.255	-17.397	0
34.265	-17.366	0
34.275	-17.335	0
34.285	-17.304	0
34.295	-17.273	0
34.305	-17.242	0
34.315	-17.211	0
34.325	-17.18	0
34.335	-17.149	0
34.344	-17.118	0
34.354	-17.087	0
34.364	-17.057	0
34.374	-17.026	0
34.383	-16.995	0
34.393	-16.964	0
34.402	-16.933	0
34.412	-16.902	0
34.421	-16.871	0
34.431	-16.84	0
34.44	-16.809	0
34.449	-16.778	0
34.459	-16.747	0
34.468	-16.716	0
34.477	-16.685	0
34.487	-16.654	0
34.496	-16.623	0
34.505	-16.592	0
34.514	-16.561	0
34.523	-16.53	0
34.532	-16.499	0
34.541	-16.468	0
34.55	-16.437	0
34.559	-16.406	0
34.568	-16.375	0
34.577	-16.344	0
34.586	-16.313	0
34.595	-16.282	0
34.603	-16.251	0
34.612	-16.22	0
34.621	-16.189	0
34.63	-16.158	0
34.638	-16.127	0
34.647	-16.096	0
34.655	-16.065	0
34.664	-16.034	0
34.672	-16.003	0
34.681	-15.972	0
34.689	-15.941	0
34.698	-15.91	0
34.706	-15.88	0
34.714	-15.849	0
34.723	-15.818	0
34.731	-15.787	0
34.739	-15.756	0
34.747	-15.725	0
34.755	-15.694	0
34.763	-15.663	0
34.772	-15.632	0
34.78	-15.601	0
34.788	-15.57	0
34.796	-15.539	0
34.803	-15.508	0
34.811	-15.477	0
34.819	-15.446	0
34.827	-15.415	0
34.835	-15.384	0
34.843	-15.353	0
34.85	-15.322	0
34.858	-15.291	0
34.866	-15.26	0
34.873	-15.229	0
34.881	-15.198	0
34.888	-15.167	0
34.896	-15.136	0
34.903	-15.106	0
34.911	-15.075	0
34.918	-15.044	0
34.925	-15.013	0
34.933	-14.982	0
34.94	-14.951	0
34.947	-14.92	0
34.954	-14.889	0
34.962	-14.858	0
34.969	-14.827	0
34.976	-14.796	0
34.983	-14.765	0
34.99	-14.735	0
34.997	-14.704	0
35.004	-14.673	0
35.011	-14.642	0
35.018	-14.611	0
35.024	-14.58	0
35.031	-14.549	0
35.038	-14.518	0
35.045	-14.487	0
35.051	-14.457	0
35.058	-14.426	0
35.065	-14.395	0
35.071	-14.364	0
35.078	-14.333	0
35.084	-14.302	0
35.091	-14.272	0
35.097	-14.241	0
35.104	-14.21	0
35.11	-14.179	0
35.116	-14.148	0
35.123	-14.117	0
35.129	-14.087	0
35.135	-14.056	0
35.141	-14.025	0
35.147	-13.994	0
35.153	-13.964	0
35.16	-13.933	0
35.166	-13.902	0
35.172	-13.871	0
35.178	-13.841	0
35.183	-13.81	0
35.189	-13.779	0
35.195	-13.748	0
35.201	-13.718	0
35.207	-13.687	0
35.212	-13.656	0
35.218	-13.626	0
35.224	-13.595	0
35.229	-13.564	0
35.235	-13.533	0
35.241	-13.503	0
35.246	-13.472	0
35.252	-13.441	0
35.257	-13.411	0
35.262	-13.38	0
35.268	-13.35	0
35.273	-13.319	0
35.278	-13.288	0
35.284	-13.258	0
35.289	-13.227	0
35.294	-13.197	0
35.299	-13.166	0
35.304	-13.135	0
35.309	-13.105	0
35.314	-13.074	0
35.319	-13.044	0
35.324	-13.013	0
35.329	-12.983	0
35.334	-12.952	0
35.339	-12.922	0
35.343	-12.891	0
35.348	-12.861	0
35.353	-12.83	0
35.358	-12.8	0
35.362	-12.77	0
35.367	-12.739	0
35.371	-12.709	0
35.376	-12.678	0
35.38	-12.648	0
35.385	-12.618	0
35.389	-12.587	0
35.394	-12.557	0
35.398	-12.527	0
35.402	-12.496	0
35.407	-12.466	0
35.411	-12.436	0
35.415	-12.405	0
35.419	-12.375	0
35.423	-12.345	0
35.427	-12.315	0
35.431	-12.284	0
35.435	-12.254	0
35.439	-12.224	0
35.443	-12.194	0
35.447	-12.164	0
35.451	-12.133	0
35.455	-12.103	0
35.458	-12.073	0
35.462	-12.043	0
35.466	-12.013	0
35.469	-11.983	0
35.473	-11.953	0
35.476	-11.923	0
35.48	-11.893	0
35.483	-11.863	0
35.487	-11.833	0
35.49	-11.803	0
35.494	-11.773	0
35.497	-11.743	0
35.5	-11.713	0
35.503	-11.683	0
35.507	-11.653	0
35.51	-11.623	0
35.513	-11.593	0
35.516	-11.564	0
35.519	-11.534	0
35.522	-11.504	0
35.525	-11.474	0
35.528	-11.444	0
35.531	-11.415	0
35.534	-11.385	0
35.536	-11.355	0
35.539	-11.326	0
35.542	-11.296	0
35.545	-11.266	0
35.547	-11.237	0
35.55	-11.207	0
35.552	-11.178	0
35.555	-11.148	0
35.557	-11.118	0
35.56	-11.089	0
35.562	-11.06	0
35.565	-11.03	0
35.567	-11.001	0
35.569	-10.971	0
35.571	-10.942	0
35.574	-10.913	0
35.576	-10.883	0
35.578	-10.854	0
35.58	-10.825	0
35.582	-10.795	0
35.584	-10.766	0
35.586	-10.737	0
35.588	-10.708	0
35.59	-10.679	0
35.592	-10.65	0
35.593	-10.62	0
35.595	-10.591	0
35.597	-10.562	0
35.599	-10.533	0
35.6	-10.504	0
35.602	-10.476	0
35.603	-10.447	0
35.605	-10.418	0
35.606	-10.389	0
35.608	-10.36	0
35.609	-10.331	0
35.611	-10.303	0
35.612	-10.274	0
35.613	-10.245	0
35.614	-10.217	0
35.616	-10.188	0
35.617	-10.159	0
35.618	-10.131	0
35.619	-10.102	0
35.62	-10.074	0
35.621	-10.045	0
35.622	-10.017	0
35.623	-9.9887	0
35.624	-9.9604	0
35.624	-9.9321	0
35.625	-9.9039	0
35.626	-9.8757	0
35.627	-9.8476	0
35.627	-9.8195	0
35.628	-9.7914	0
35.628	-9.7634	0
35.629	-9.7354	0
35.629	-9.7074	0
35.63	-9.6795	0
35.63	-9.6517	0
35.631	-9.6239	0
35.631	-9.5961	0
35.631	-9.5684	0
35.631	-9.5407	0
35.632	-9.5131	0
35.632	-9.4855	0
35.632	-9.458	0
35.632	-9.4305	0
35.632	-9.4031	0
35.632	-9.3758	0
35.632	-9.3484	0
35.632	-9.3212	0
35.632	-9.294	0
35.632	-9.2668	0
35.631	-9.2397	0
35.631	-9.2127	0
35.631	-9.1857	0
35.63	-9.1588	0
35.63	-9.1319	0
35.63	-9.1051	0
35.629	-9.0784	0
35.629	-9.0517	0
35.628	-9.0251	0
35.627	-8.9985	0
35.627	-8.972	0
35.626	-8.9456	0
35.625	-8.9192	0
35.625	-8.893	0
35.624	-8.8667	0
35.623	-8.8406	0
35.622	-8.8145	0
35.621	-8.7885	0
35.62	-8.7626	0
35.619	-8.7367	0
35.618	-8.711	0
35.617	-8.6853	0
35.616	-8.6596	0
35.615	-8.6341	0
35.614	-8.6087	0
35.613	-8.5833	0
35.611	-8.558	0
35.61	-8.5328	0
35.609	-8.5077	0
35.607	-8.4827	0
35.606	-8.4577	0
35.604	-8.4327	0
35.603	-8.4077	0
35.601	-8.3827	0
35.6	-8.3576	0
35.598	-8.3325	0
35.596	-8.3073	0
35.594	-8.2821	0
35.593	-8.2569	0
35.591	-8.2317	0
35.589	-8.2064	0
35.587	-8.1812	0
35.585	-8.1558	0
35.583	-8.1305	0
35.581	-8.1051	0
35.579	-8.0798	0
35.576	-8.0544	0
35.574	-8.0289	0
35.572	-8.0035	0
35.57	-7.978	0
35.567	-7.9525	0
35.565	-7.9271	0
35.562	-7.9015	0
35.56	-7.876	0
35.557	-7.8505	0
35.555	-7.8249	0
35.552	-7.7994	0
35.55	-7.7738	0
35.547	-7.7483	0
35.544	-7.7227	0
35.541	-7.6971	0
35.538	-7.6715	0
35.536	-7.6459	0
35.533	-7.6203	0
35.53	-7.5948	0
35.527	-7.5692	0
35.524	-7.5436	0
35.52	-7.518	0
35.517	-7.4925	0
35.514	-7.4669	0
35.511	-7.4414	0
35.508	-7.4159	0
35.504	-7.3904	0
35.501	-7.3649	0
35.498	-7.3394	0
35.494	-7.3139	0
35.491	-7.2885	0
35.487	-7.2631	0
35.484	-7.2377	0
35.48	-7.2124	0
35.476	-7.187	0
35.473	-7.1618	0
35.469	-7.1365	0
35.465	-7.1113	0
35.462	-7.0861	0
35.458	-7.061	0
35.454	-7.0359	0
35.45	-7.0109	0
35.446	-6.9859	0
35.442	-6.961	0
35.438	-6.9361	0
35.434	-6.9113	0
35.43	-6.8866	0
35.426	-6.8619	0
35.422	-6.8373	0
35.418	-6.8128	0
35.414	-6.7883	0
35.41	-6.764	0
35.405	-6.7397	0
35.401	-6.7155	0
35.397	-6.6914	0
35.392	-6.6674	0
35.388	-6.6436	0
35.384	-6.6198	0
35.379	-6.5961	0
35.375	-6.5726	0
35.371	-6.5492	0
35.366	-6.5259	0
35.362	-6.5027	0
35.357	-6.4797	0
35.353	-6.4569	0
35.348	-6.4341	0
35.344	-6.4116	0
35.339	-6.3892	0
35.335	-6.367	0
35.33	-6.345	0
35.326	-6.3232	0
35.321	-6.3016	0
35.317	-6.2802	0
35.312	-6.259	0
35.307	-6.238	0
35.303	-6.2173	0
35.298	-6.1968	0
35.294	-6.1766	0
35.289	-6.1546	0
35.283	-6.1298	0
35.278	-6.1049	0
35.272	-6.0803	0
35.265	-6.052	0
35.258	-6.0201	0
35.25	-5.9877	0
35.243	-5.9559	0
35.235	-5.9242	0
35.228	-5.8928	0
35.22	-5.8613	0
35.213	-5.8298	0
35.205	-5.7986	0
35.198	-5.7676	0
35.19	-5.7367	0
35.182	-5.7057	0
35.175	-5.675	0
35.167	-5.6444	0
35.16	-5.6139	0
35.152	-5.5834	0
35.145	-5.553	0
35.137	-5.5227	0
35.13	-5.4924	0
35.122	-5.4623	0
35.115	-5.4321	0
35.107	-5.4021	0
35.099	-5.3721	0
35.092	-5.3421	0
35.084	-5.3122	0
35.076	-5.2824	0
35.069	-5.2526	0
35.061	-5.2228	0
35.053	-5.1931	0
35.046	-5.1634	0
35.038	-5.1338	0
35.03	-5.1042	0
35.022	-5.0746	0
35.014	-5.045	0
35.006	-5.0155	0
34.998	-4.9859	0
34.991	-4.9564	0
34.983	-4.9269	0
34.975	-4.8974	0
34.967	-4.8678	0
34.958	-4.8383	0
34.95	-4.8087	0
34.942	-4.7791	0
34.934	-4.7495	0
34.926	-4.7198	0
34.918	-4.6902	0
34.909	-4.6605	0
34.901	-4.6307	0
34.893	-4.6009	0
34.884	-4.5711	0
34.876	-4.5412	0
34.867	-4.5111	0
34.859	-4.4809	0
34.85	-4.4508	0
34.841	-4.4204	0
34.832	-4.3899	0
34.824	-4.3593	0
34.815	-4.3287	0
34.806	-4.2978	0
34.797	-4.2666	0
34.787	-4.2354	0
34.778	-4.204	0
34.769	-4.1723	0
34.759	-4.1401	0
34.75	-4.1078	0
34.74	-4.0751	0
34.73	-4.042	0
34.72	-4.0082	0
34.71	-3.974	0
34.7	-3.9392	0
34.689	-3.9038	0
34.678	-3.8676	0
34.667	-3.8306	0
34.656	-3.7927	0
34.644	-3.7537	0
34.632	-3.7134	0
34.62	-3.6714	0
34.606	-3.6276	0
34.593	-3.5821	0
34.579	-3.5346	0
34.564	-3.4846	0
34.548	-3.4317	0
34.532	-3.3759	0
34.515	-3.3168	0
34.497	-3.2533	0
34.477	-3.1848	0
34.457	-3.1112	0
34.435	-3.0318	0
34.411	-2.9441	0
34.386	-2.847	0
34.359	-2.7408	0
34.33	-2.6244	0
34.299	-2.4948	0
34.266	-2.3501	0
34.232	-2.1904	0
34.197	-2.0141	0
34.161	-1.8176	0
34.126	-1.5994	0
34.092	-1.3612	0
34.061	-1.1035	0
34.035	-0.8252	0
34.015	-0.52884	0
34.003	-0.22034	0
33.999	0.094654	0
34.005	0.41083	0
34.02	0.72233	0
34.044	1.0233	0
34.074	1.31	0
34.109	1.581	0
34.149	1.8343	0
34.19	2.0677	0
34.233	2.2809	0
34.275	2.4749	0
34.317	2.6509	0
34.357	2.81	0
34.395	2.9536	0
34.431	3.0837	0
34.465	3.2018	0
34.497	3.3097	0
34.527	3.4088	0
34.556	3.5003	0
34.583	3.5852	0
34.609	3.6647	0
34.633	3.7393	0
34.657	3.81	0
34.68	3.8772	0
34.702	3.9414	0
34.724	4.0032	0
34.745	4.0629	0
34.765	4.1209	0
34.785	4.1773	0
34.805	4.2326	0
34.825	4.2868	0
34.844	4.3402	0
34.864	4.3929	0
34.883	4.4451	0
34.902	4.4969	0
34.922	4.5484	0
34.941	4.5996	0
34.96	4.6508	0
34.98	4.7018	0
34.999	4.7529	0
35.019	4.804	0
35.039	4.8552	0
35.059	4.9065	0
35.079	4.9581	0
35.1	5.0098	0
35.121	5.0617	0
35.141	5.1139	0
35.163	5.1663	0
35.184	5.2191	0
35.206	5.2721	0
35.228	5.3254	0
35.25	5.3791	0
35.272	5.433	0
35.295	5.4873	0
35.318	5.542	0
35.342	5.5969	0
35.365	5.652	0
35.389	5.7066	0
35.412	5.7595	0
35.434	5.8104	0
35.456	5.8597	0
35.477	5.9075	0
35.497	5.9539	0
35.518	5.9991	0
35.537	6.0431	0
35.557	6.086	0
35.575	6.1279	0
35.594	6.1689	0
35.612	6.209	0
35.63	6.2484	0
35.648	6.287	0
35.665	6.3249	0
35.682	6.3622	0
35.699	6.3989	0
35.715	6.4349	0
35.732	6.4703	0
35.748	6.5053	0
35.763	6.5399	0
35.779	6.5741	0
35.795	6.608	0
35.81	6.6414	0
35.825	6.6746	0
35.841	6.7075	0
35.856	6.7401	0
35.87	6.7724	0
35.885	6.8044	0
35.9	6.8362	0
35.914	6.8677	0
35.929	6.899	0
35.943	6.9301	0
35.957	6.9611	0
35.971	6.992	0
35.985	7.0228	0
35.999	7.0533	0
36.013	7.0837	0
36.027	7.114	0
36.041	7.1441	0
36.055	7.174	0
36.068	7.204	0
36.082	7.2339	0
36.095	7.2637	0
36.109	7.2933	0
36.122	7.3229	0
36.136	7.3525	0
36.149	7.382	0
36.162	7.4114	0
36.176	7.4408	0
36.189	7.4701	0
36.202	7.4994	0
36.215	7.5286	0
36.228	7.5578	0
36.241	7.587	0
36.255	7.6161	0
36.268	7.6452	0
36.281	7.6743	0
36.294	7.7033	0
36.306	7.7324	0
36.319	7.7614	0
36.332	7.7904	0
36.345	7.8194	0
36.358	7.8483	0
36.371	7.8773	0
36.384	7.9063	0
36.396	7.9352	0
36.409	7.9641	0
36.422	7.9931	0
36.435	8.022	0
36.447	8.0509	0
36.46	8.0799	0
36.473	8.1089	0
36.485	8.1379	0
36.498	8.1668	0
36.51	8.1958	0
36.523	8.2248	0
36.536	8.2537	0
36.548	8.2826	0
36.561	8.3116	0
36.573	8.3408	0
36.586	8.3699	0
36.598	8.3989	0
36.611	8.428	0
36.623	8.4571	0
36.636	8.4862	0
36.648	8.5152	0
36.661	8.5444	0
36.673	8.5737	0
36.686	8.6029	0
36.698	8.6322	0
36.71	8.6614	0
36.723	8.6907	0
36.735	8.72	0
36.748	8.7493	0
36.76	8.7786	0
36.772	8.8081	0
36.785	8.8375	0
36.797	8.867	0
36.809	8.8965	0
36.822	8.926	0
36.834	8.9555	0
36.846	8.9851	0
36.859	9.0146	0
36.871	9.0443	0
36.883	9.0739	0
36.896	9.1036	0
36.908	9.1333	0
36.92	9.1631	0
36.932	9.1929	0
36.945	9.2228	0
36.957	9.2526	0
36.969	9.2825	0
36.982	9.3124	0
36.994	9.3424	0
37.006	9.3724	0
37.018	9.4024	0
37.031	9.4325	0
37.043	9.4628	0
37.055	9.493	0
37.067	9.5231	0
37.08	9.5534	0
37.092	9.5837	0
37.104	9.6139	0
37.116	9.6441	0
37.128	9.6745	0
37.141	9.7051	0
37.153	9.7356	0
37.165	9.7661	0
37.177	9.7966	0
37.19	9.8272	0
37.202	9.8577	0
37.214	9.8881	0
37.226	9.9189	0
37.238	9.9498	0
37.251	9.9807	0
37.263	10.012	0
37.275	10.042	0
37.287	10.073	0
37.3	10.104	0
37.312	10.135	0
37.324	10.166	0
37.336	10.197	0
37.348	10.228	0
37.361	10.26	0
37.373	10.291	0
37.385	10.322	0
37.397	10.353	0
37.409	10.384	0
37.422	10.416	0
37.434	10.447	0
37.446	10.479	0
37.458	10.51	0
37.471	10.542	0
37.483	10.573	0
37.495	10.605	0
37.507	10.636	0
37.52	10.668	0
37.532	10.7	0
37.544	10.732	0
37.556	10.764	0
37.569	10.795	0
37.581	10.827	0
37.593	10.859	0
37.605	10.891	0
37.618	10.923	0
37.63	10.955	0
37.642	10.987	0
37.654	11.019	0
37.667	11.052	0
37.679	11.084	0
37.691	11.116	0
37.704	11.149	0
37.716	11.181	0
37.728	11.213	0
37.741	11.246	0
37.753	11.278	0
37.765	11.311	0
37.778	11.343	0
37.79	11.376	0
37.802	11.409	0
37.815	11.442	0
37.827	11.474	0
37.84	11.507	0
37.852	11.54	0
37.864	11.573	0
37.877	11.606	0
37.889	11.639	0
37.902	11.672	0
37.914	11.705	0
37.927	11.738	0
37.939	11.772	0
37.952	11.805	0
37.964	11.838	0
37.977	11.872	0
37.989	11.905	0
38.002	11.939	0
38.014	11.972	0
38.027	12.006	0
38.04	12.04	0
38.052	12.073	0
38.065	12.107	0
38.077	12.141	0
38.09	12.175	0
38.103	12.209	0
38.115	12.243	0
38.128	12.277	0
38.141	12.311	0
38.154	12.345	0
38.167	12.379	0
38.179	12.414	0
38.192	12.448	0
38.205	12.483	0
38.218	12.517	0
38.231	12.552	0
38.244	12.587	0
38.257	12.621	0
38.27	12.656	0
38.283	12.691	0
38.296	12.726	0
38.309	12.761	0
38.323	12.796	0
38.336	12.831	0
38.349	12.867	0
38.362	12.902	0
38.376	12.937	0
38.389	12.973	0
38.402	13.008	0
38.416	13.044	0
38.429	13.08	0
38.443	13.116	0
38.456	13.152	0
38.47	13.187	0
38.484	13.224	0
38.498	13.26	0
38.511	13.296	0
38.525	13.333	0
38.539	13.369	0
38.553	13.406	0
38.567	13.443	0
38.581	13.48	0
38.595	13.517	0
38.61	13.554	0
38.624	13.591	0
38.638	13.628	0
38.653	13.666	0
38.667	13.703	0
38.682	13.741	0
38.697	13.78	0
38.712	13.817	0
38.726	13.855	0
38.741	13.893	0
38.756	13.93	0
38.77	13.967	0
38.785	14.004	0
38.8	14.043	0
38.814	14.078	0
38.826	14.108	0
38.838	14.137	0
38.849	14.166	0
38.86	14.194	0
38.871	14.223	0
38.882	14.251	0
38.893	14.278	0
38.904	14.306	0
38.914	14.333	0
38.924	14.359	0
38.935	14.385	0
38.945	14.411	0
38.954	14.437	0
38.964	14.462	0
38.973	14.486	0
38.982	14.51	0
38.991	14.534	0
39	14.557	0
39.008	14.58	0
39.016	14.602	0
39.024	14.623	0
39.032	14.644	0
39.039	14.665	0
39.046	14.685	0
39.053	14.704	0
39.06	14.723	0
39.066	14.741	0
39.072	14.76	0
39.079	14.779	0
39.085	14.798	0
39.092	14.817	0
39.098	14.837	0
39.105	14.856	0
39.111	14.876	0
39.118	14.896	0
39.124	14.917	0
39.13	14.937	0
39.137	14.958	0
39.143	14.979	0
39.15	15	0
39.156	15.021	0
39.162	15.042	0
39.169	15.064	0
39.175	15.086	0
39.181	15.108	0
39.188	15.13	0
39.194	15.152	0
39.2	15.175	0
39.206	15.197	0
39.213	15.22	0
39.219	15.243	0
39.225	15.266	0
39.231	15.29	0
39.237	15.313	0
39.243	15.337	0
39.249	15.36	0
39.255	15.384	0
39.261	15.408	0
39.267	15.433	0
39.273	15.457	0
39.279	15.481	0
39.285	15.506	0
39.291	15.531	0
39.297	15.556	0
39.302	15.581	0
39.308	15.606	0
39.314	15.631	0
39.319	15.657	0
39.325	15.682	0
39.331	15.708	0
39.336	15.734	0
39.342	15.76	0
39.347	15.786	0
39.352	15.812	0
39.358	15.838	0
39.363	15.865	0
39.368	15.891	0
39.374	15.918	0
39.379	15.945	0
39.384	15.972	0
39.389	15.999	0
39.394	16.026	0
39.399	16.053	0
39.404	16.081	0
39.409	16.108	0
39.414	16.136	0
39.419	16.163	0
39.424	16.191	0
39.428	16.219	0
39.433	16.247	0
39.438	16.275	0
39.442	16.303	0
39.447	16.332	0
39.451	16.36	0
39.456	16.389	0
39.46	16.417	0
39.464	16.446	0
39.469	16.475	0
39.473	16.504	0
39.477	16.532	0
39.481	16.562	0
39.485	16.591	0
39.49	16.62	0
39.494	16.649	0
39.498	16.679	0
39.501	16.708	0
39.505	16.738	0
39.509	16.767	0
39.513	16.797	0
39.516	16.827	0
39.52	16.857	0
39.524	16.887	0
39.527	16.917	0
39.531	16.947	0
39.534	16.978	0
39.538	17.008	0
39.541	17.038	0
39.544	17.069	0
39.547	17.099	0
39.551	17.13	0
39.554	17.161	0
39.557	17.191	0
39.56	17.222	0
39.563	17.253	0
39.566	17.284	0
39.568	17.315	0
39.571	17.347	0
39.574	17.378	0
39.577	17.409	0
39.579	17.44	0
39.582	17.472	0
39.584	17.503	0
39.587	17.535	0
39.589	17.567	0
39.592	17.598	0
39.594	17.63	0
39.596	17.662	0
39.598	17.694	0
39.6	17.726	0
39.602	17.758	0
39.604	17.79	0
39.606	17.822	0
39.608	17.854	0
39.61	17.886	0
39.612	17.919	0
39.614	17.951	0
39.615	17.984	0
39.617	18.016	0
39.619	18.049	0
39.62	18.081	0
39.622	18.114	0
39.623	18.147	0
39.624	18.179	0
39.626	18.212	0
39.627	18.245	0
39.628	18.278	0
39.629	18.311	0
39.63	18.344	0
39.631	18.377	0
39.632	18.41	0
39.633	18.444	0
39.634	18.477	0
39.635	18.51	0
39.635	18.544	0
39.636	18.577	0
39.637	18.611	0
39.637	18.644	0
39.638	18.678	0
39.638	18.711	0
39.639	18.745	0
39.639	18.779	0
39.639	18.812	0
39.64	18.846	0
39.64	18.88	0
39.64	18.914	0
39.64	18.948	0
39.64	18.982	0
39.64	19.016	0
39.64	19.05	0
39.639	19.084	0
39.639	19.118	0
39.639	19.153	0
39.639	19.187	0
39.638	19.221	0
39.638	19.256	0
39.637	19.29	0
39.637	19.324	0
39.636	19.359	0
39.635	19.393	0
39.635	19.428	0
39.634	19.463	0
39.633	19.497	0
39.632	19.532	0
39.631	19.567	0
39.63	19.601	0
39.629	19.636	0
39.628	19.671	0
39.627	19.706	0
39.625	19.741	0
39.624	19.776	0
39.623	19.811	0
39.621	19.846	0
39.62	19.881	0
39.618	19.916	0
39.617	19.951	0
39.615	19.986	0
39.613	20.021	0
39.611	20.057	0
39.61	20.092	0
39.608	20.127	0
39.606	20.162	0
39.604	20.198	0
39.602	20.233	0
39.6	20.269	0
39.598	20.304	0
39.595	20.34	0
39.593	20.375	0
39.591	20.411	0
39.588	20.446	0
39.586	20.482	0
39.583	20.518	0
39.581	20.553	0
39.578	20.589	0
39.576	20.625	0
39.573	20.661	0
39.57	20.696	0
39.567	20.732	0
39.564	20.768	0
39.561	20.804	0
39.558	20.84	0
39.555	20.876	0
39.552	20.912	0
39.549	20.948	0
39.546	20.984	0
39.542	21.02	0
39.539	21.056	0
39.536	21.092	0
39.532	21.128	0
39.529	21.165	0
39.525	21.201	0
39.522	21.237	0
39.518	21.273	0
39.514	21.31	0
39.51	21.346	0
39.506	21.382	0
39.503	21.419	0
39.499	21.455	0
39.495	21.492	0
39.491	21.528	0
39.486	21.564	0
39.482	21.601	0
39.478	21.637	0
39.474	21.674	0
39.469	21.711	0
39.465	21.747	0
39.46	21.784	0
39.456	21.82	0
39.451	21.857	0
39.447	21.894	0
39.442	21.93	0
39.437	21.967	0
39.433	22.004	0
39.428	22.041	0
39.423	22.077	0
39.418	22.114	0
39.413	22.151	0
39.408	22.188	0
39.403	22.225	0
39.397	22.262	0
39.392	22.299	0
39.387	22.336	0
39.382	22.372	0
39.376	22.409	0
39.371	22.446	0
39.365	22.483	0
39.36	22.521	0
39.354	22.558	0
39.348	22.595	0
39.343	22.632	0
39.337	22.669	0
39.331	22.706	0
39.325	22.743	0
39.319	22.78	0
39.313	22.817	0
39.307	22.855	0
39.301	22.892	0
39.295	22.929	0
39.288	22.966	0
39.282	23.004	0
39.276	23.041	0
39.269	23.078	0
39.263	23.115	0
39.256	23.153	0
39.25	23.19	0
39.243	23.228	0
39.237	23.265	0
39.23	23.302	0
39.223	23.34	0
39.216	23.377	0
39.209	23.415	0
39.202	23.452	0
39.196	23.49	0
39.188	23.527	0
39.181	23.564	0
39.174	23.602	0
39.167	23.64	0
39.16	23.677	0
39.152	23.715	0
39.145	23.752	0
39.138	23.79	0
39.13	23.827	0
39.123	23.865	0
39.115	23.903	0
39.107	23.94	0
39.1	23.978	0
39.092	24.016	0
39.084	24.053	0
39.076	24.091	0
39.068	24.129	0
39.06	24.166	0
39.052	24.204	0
39.044	24.242	0
39.036	24.28	0
39.028	24.317	0
39.02	24.355	0
39.011	24.393	0
39.003	24.431	0
38.995	24.468	0
38.986	24.506	0
38.978	24.544	0
38.969	24.582	0
38.961	24.62	0
38.952	24.658	0
38.943	24.695	0
38.934	24.733	0
38.926	24.771	0
38.917	24.809	0
38.908	24.847	0
38.899	24.885	0
38.89	24.923	0
38.881	24.961	0
38.872	24.999	0
38.862	25.037	0
38.853	25.075	0
38.844	25.113	0
38.834	25.151	0
38.825	25.189	0
38.816	25.227	0
38.806	25.265	0
38.796	25.303	0
38.787	25.341	0
38.777	25.379	0
38.767	25.417	0
38.758	25.455	0
38.748	25.493	0
38.738	25.531	0
38.728	25.569	0
38.718	25.607	0
38.708	25.645	0
38.698	25.683	0
38.688	25.721	0
38.678	25.759	0
38.667	25.797	0
38.657	25.835	0
38.647	25.874	0
38.636	25.912	0
38.626	25.95	0
38.615	25.988	0
38.605	26.026	0
38.594	26.064	0
38.583	26.102	0
38.573	26.141	0
38.562	26.179	0
38.551	26.217	0
38.54	26.255	0
38.529	26.293	0
38.518	26.331	0
38.507	26.37	0
38.496	26.408	0
38.485	26.446	0
38.474	26.484	0
38.462	26.522	0
38.451	26.561	0
38.44	26.599	0
38.428	26.637	0
38.417	26.675	0
38.405	26.714	0
38.394	26.752	0
38.382	26.79	0
38.371	26.828	0
38.359	26.867	0
38.347	26.905	0
38.335	26.943	0
38.323	26.981	0
38.311	27.02	0
38.299	27.058	0
38.287	27.096	0
38.275	27.134	0
38.263	27.173	0
38.251	27.211	0
38.239	27.249	0
38.226	27.287	0
38.214	27.326	0
38.202	27.364	0
38.189	27.402	0
38.177	27.441	0
38.164	27.479	0
38.152	27.517	0
38.139	27.555	0
38.126	27.594	0
38.114	27.632	0
38.101	27.67	0
38.088	27.709	0
38.075	27.747	0
38.062	27.785	0
38.049	27.823	0
38.036	27.862	0
38.023	27.9	0
38.01	27.938	0
37.996	27.977	0
37.983	28.015	0
37.97	28.053	0
37.957	28.092	0
37.943	28.13	0
37.93	28.168	0
37.916	28.206	0
37.903	28.245	0
37.889	28.283	0
37.875	28.321	0
37.861	28.36	0
37.848	28.398	0
37.834	28.436	0
37.82	28.475	0
37.806	28.513	0
37.792	28.551	0
37.778	28.59	0
37.764	28.628	0
37.75	28.666	0
37.736	28.704	0
37.721	28.743	0
37.707	28.781	0
37.693	28.819	0
37.678	28.858	0
37.664	28.896	0
37.65	28.934	0
37.635	28.972	0
37.62	29.011	0
37.606	29.049	0
37.591	29.087	0
37.576	29.126	0
37.562	29.164	0
37.547	29.202	0
37.532	29.24	0
37.517	29.279	0
37.502	29.317	0
37.487	29.355	0
37.472	29.393	0
37.457	29.432	0
37.441	29.47	0
37.426	29.508	0
37.411	29.546	0
37.396	29.585	0
37.38	29.623	0
37.365	29.661	0
37.349	29.699	0
37.334	29.738	0
37.318	29.776	0
37.302	29.814	0
37.287	29.852	0
37.271	29.891	0
37.255	29.929	0
37.239	29.967	0
37.224	30.005	0
37.208	30.043	0
37.192	30.082	0
37.176	30.12	0
37.159	30.158	0
37.143	30.196	0
37.127	30.234	0
37.111	30.273	0
37.095	30.311	0
37.078	30.349	0
37.062	30.387	0
37.045	30.425	0
37.029	30.463	0
37.012	30.501	0
36.992	30.55	0
