29.912	-26.162	0
29.931	-26.134	0
29.951	-26.106	0
29.97	-26.077	0
29.989	-26.049	0
30.008	-26.021	0
30.028	-25.992	0
30.047	-25.964	0
30.066	-25.936	0
30.085	-25.907	0
30.104	-25.879	0
30.123	-25.851	0
30.142	-25.822	0
30.161	-25.794	0
30.18	-25.766	0
30.199	-25.737	0
30.218	-25.709	0
30.237	-25.68	0
30.256	-25.652	0
30.275	-25.623	0
30.294	-25.595	0
30.313	-25.566	0
30.331	-25.538	0
30.35	-25.509	0
30.369	-25.481	0
30.387	-25.452	0
30.406	-25.423	0
30.425	-25.395	0
30.443	-25.366	0
30.462	-25.338	0
30.48	-25.309	0
30.499	-25.28	0
30.517	-25.252	0
30.536	-25.223	0
30.554	-25.194	0
30.573	-25.166	0
30.591	-25.137	0
30.609	-25.108	0
30.627	-25.079	0
30.646	-25.051	0
30.664	-25.022	0
30.682	-24.993	0
30.7	-24.964	0
30.718	-24.935	0
30.737	-24.907	0
30.755	-24.878	0
30.773	-24.849	0
30.791	-24.82	0
30.809	-24.791	0
30.827	-24.762	0
30.845	-24.733	0
30.862	-24.704	0
30.88	-24.676	0
30.898	-24.647	0
30.916	-24.618	0
30.934	-24.589	0
30.951	-24.56	0
30.969	-24.531	0
30.987	-24.502	0
31.005	-24.473	0
31.022	-24.444	0
31.04	-24.415	0
31.057	-24.385	0
31.075	-24.356	0
31.092	-24.327	0
31.11	-24.298	0
31.127	-24.269	0
31.145	-24.24	0
31.162	-24.211	0
31.179	-24.182	0
31.197	-24.153	0
31.214	-24.123	0
31.231	-24.094	0
31.248	-24.065	0
31.266	-24.036	0
31.283	-24.006	0
31.3	-23.977	0
31.317	-23.948	0
31.334	-23.919	0
31.351	-23.889	0
31.368	-23.86	0
31.385	-23.831	0
31.402	-23.802	0
31.419	-23.772	0
31.436	-23.743	0
31.453	-23.714	0
31.47	-23.684	0
31.486	-23.655	0
31.503	-23.625	0
31.52	-23.596	0
31.537	-23.567	0
31.553	-23.537	0
31.57	-23.508	0
31.587	-23.478	0
31.603	-23.449	0
31.62	-23.419	0
31.636	-23.39	0
31.653	-23.36	0
31.669	-23.331	0
31.686	-23.301	0
31.702	-23.272	0
31.718	-23.242	0
31.735	-23.213	0
31.751	-23.183	0
31.767	-23.154	0
31.784	-23.124	0
31.8	-23.095	0
31.816	-23.065	0
31.832	-23.035	0
31.848	-23.006	0
31.864	-22.976	0
31.88	-22.946	0
31.896	-22.917	0
31.912	-22.887	0
31.928	-22.857	0
31.944	-22.828	0
31.96	-22.798	0
31.976	-22.768	0
31.992	-22.739	0
32.008	-22.709	0
32.024	-22.679	0
32.039	-22.649	0
32.055	-22.62	0
32.071	-22.59	0
32.086	-22.56	0
32.102	-22.53	0
32.118	-22.501	0
32.133	-22.471	0
32.149	-22.441	0
32.164	-22.411	0
32.18	-22.381	0
32.195	-22.351	0
32.21	-22.321	0
32.226	-22.292	0
32.241	-22.262	0
32.256	-22.232	0
32.272	-22.202	0
32.287	-22.172	0
32.302	-22.142	0
32.317	-22.112	0
32.333	-22.082	0
32.348	-22.052	0
32.363	-22.022	0
32.378	-21.992	0
32.393	-21.962	0
32.408	-21.932	0
32.423	-21.902	0
32.438	-21.872	0
32.453	-21.842	0
32.467	-21.812	0
32.482	-21.782	0
32.497	-21.752	0
32.512	-21.722	0
32.527	-21.692	0
32.541	-21.662	0
32.556	-21.632	0
32.571	-21.602	0
32.585	-21.572	0
32.6	-21.542	0
32.614	-21.511	0
32.629	-21.481	0
32.643	-21.451	0
32.658	-21.421	0
32.672	-21.391	0
32.687	-21.361	0
32.701	-21.33	0
32.715	-21.3	0
32.729	-21.27	0
32.744	-21.24	0
32.758	-21.21	0
32.772	-21.179	0
32.786	-21.149	0
32.8	-21.119	0
32.815	-21.089	0
32.829	-21.058	0
32.843	-21.028	0
32.857	-20.998	0
32.871	-20.968	0
32.885	-20.937	0
32.898	-20.907	0
32.912	-20.877	0
32.926	-20.846	0
32.94	-20.816	0
32.954	-20.786	0
32.967	-20.755	0
32.981	-20.725	0
32.995	-20.695	0
33.008	-20.664	0
33.022	-20.634	0
33.036	-20.604	0
33.049	-20.573	0
33.063	-20.543	0
33.076	-20.512	0
33.09	-20.482	0
33.103	-20.451	0
33.116	-20.421	0
33.13	-20.391	0
33.143	-20.36	0
33.156	-20.33	0
33.17	-20.299	0
33.183	-20.269	0
33.196	-20.238	0
33.209	-20.208	0
33.222	-20.177	0
33.235	-20.147	0
33.248	-20.116	0
33.261	-20.086	0
33.274	-20.055	0
33.287	-20.025	0
33.3	-19.994	0
33.313	-19.964	0
33.326	-19.933	0
33.339	-19.903	0
33.352	-19.872	0
33.364	-19.842	0
33.377	-19.811	0
33.39	-19.78	0
33.403	-19.75	0
33.415	-19.719	0
33.428	-19.689	0
33.44	-19.658	0
33.453	-19.627	0
33.465	-19.597	0
33.478	-19.566	0
33.49	-19.536	0
33.503	-19.505	0
33.515	-19.474	0
33.527	-19.444	0
33.54	-19.413	0
33.552	-19.382	0
33.564	-19.352	0
33.576	-19.321	0
33.588	-19.29	0
33.601	-19.26	0
33.613	-19.229	0
33.625	-19.198	0
33.637	-19.167	0
33.649	-19.137	0
33.661	-19.106	0
33.673	-19.075	0
33.685	-19.045	0
33.696	-19.014	0
33.708	-18.983	0
33.72	-18.952	0
33.732	-18.922	0
33.744	-18.891	0
33.755	-18.86	0
33.767	-18.829	0
33.779	-18.799	0
33.79	-18.768	0
33.802	-18.737	0
33.813	-18.706	0
33.825	-18.676	0
33.836	-18.645	0
33.848	-18.614	0
33.859	-18.583	0
33.87	-18.552	0
33.882	-18.521	0
33.893	-18.491	0
33.904	-18.46	0
33.915	-18.429	0
33.927	-18.398	0
33.938	-18.367	0
33.949	-18.337	0
33.96	-18.306	0
33.971	-18.275	0
33.982	-18.244	0
33.993	-18.213	0
34.004	-18.182	0
34.015	-18.151	0
34.026	-18.121	0
34.037	-18.09	0
34.048	-18.059	0
34.058	-18.028	0
34.069	-17.997	0
34.08	-17.966	0
34.09	-17.935	0
34.101	-17.904	0
34.112	-17.873	0
34.122	-17.843	0
34.133	-17.812	0
34.143	-17.781	0
34.154	-17.75	0
34.164	-17.719	0
34.175	-17.688	0
34.185	-17.657	0
34.195	-17.626	0
34.206	-17.595	0
34.216	-17.564	0
34.226	-17.533	0
34.236	-17.502	0
34.247	-17.471	0
34.257	-17.441	0
34.267	-17.41	0
34.277	-17.379	0
34.287	-17.348	0
34.297	-17.317	0
34.307	-17.286	0
34.317	-17.255	0
34.327	-17.224	0
34.337	-17.193	0
34.346	-17.162	0
34.356	-17.131	0
34.366	-17.1	0
34.376	-17.069	0
34.385	-17.038	0
34.395	-17.007	0
34.405	-16.976	0
34.414	-16.945	0
34.424	-16.914	0
34.433	-16.883	0
34.443	-16.852	0
34.452	-16.821	0
34.462	-16.79	0
34.471	-16.759	0
34.48	-16.728	0
34.49	-16.697	0
34.499	-16.666	0
34.508	-16.635	0
34.517	-16.604	0
34.526	-16.573	0
34.536	-16.542	0
34.545	-16.511	0
34.554	-16.48	0
34.563	-16.449	0
34.572	-16.418	0
34.581	-16.387	0
34.59	-16.356	0
34.598	-16.325	0
34.607	-16.294	0
34.616	-16.263	0
34.625	-16.232	0
34.634	-16.201	0
34.642	-16.17	0
34.651	-16.139	0
34.66	-16.108	0
34.668	-16.077	0
34.677	-16.046	0
34.685	-16.015	0
34.694	-15.984	0
34.702	-15.953	0
34.711	-15.922	0
34.719	-15.891	0
34.727	-15.86	0
34.736	-15.829	0
34.744	-15.798	0
34.752	-15.767	0
34.76	-15.736	0
34.769	-15.705	0
34.777	-15.674	0
34.785	-15.643	0
34.793	-15.612	0
34.801	-15.581	0
34.809	-15.55	0
34.817	-15.519	0
34.825	-15.488	0
34.833	-15.457	0
34.841	-15.426	0
34.848	-15.395	0
34.856	-15.364	0
34.864	-15.333	0
34.872	-15.302	0
34.879	-15.271	0
34.887	-15.241	0
34.895	-15.21	0
34.902	-15.179	0
34.91	-15.148	0
34.917	-15.117	0
34.925	-15.086	0
34.932	-15.055	0
34.939	-15.024	0
34.947	-14.993	0
34.954	-14.962	0
34.961	-14.931	0
34.969	-14.9	0
34.976	-14.869	0
34.983	-14.838	0
34.99	-14.807	0
34.997	-14.776	0
35.004	-14.745	0
35.011	-14.714	0
35.018	-14.683	0
35.025	-14.653	0
35.032	-14.622	0
35.039	-14.591	0
35.046	-14.56	0
35.053	-14.529	0
35.059	-14.498	0
35.066	-14.467	0
35.073	-14.436	0
35.079	-14.405	0
35.086	-14.375	0
35.093	-14.344	0
35.099	-14.313	0
35.106	-14.282	0
35.112	-14.251	0
35.119	-14.22	0
35.125	-14.189	0
35.131	-14.159	0
35.138	-14.128	0
35.144	-14.097	0
35.15	-14.066	0
35.157	-14.035	0
35.163	-14.004	0
35.169	-13.974	0
35.175	-13.943	0
35.181	-13.912	0
35.187	-13.881	0
35.193	-13.85	0
35.199	-13.82	0
35.205	-13.789	0
35.211	-13.758	0
35.217	-13.727	0
35.222	-13.697	0
35.228	-13.666	0
35.234	-13.635	0
35.24	-13.604	0
35.245	-13.574	0
35.251	-13.543	0
35.257	-13.512	0
35.262	-13.482	0
35.268	-13.451	0
35.273	-13.42	0
35.279	-13.39	0
35.284	-13.359	0
35.289	-13.328	0
35.295	-13.298	0
35.3	-13.267	0
35.305	-13.236	0
35.31	-13.206	0
35.315	-13.175	0
35.321	-13.144	0
35.326	-13.114	0
35.331	-13.083	0
35.336	-13.053	0
35.341	-13.022	0
35.346	-12.992	0
35.351	-12.961	0
35.356	-12.931	0
35.36	-12.9	0
35.365	-12.869	0
35.37	-12.839	0
35.375	-12.808	0
35.379	-12.778	0
35.384	-12.748	0
35.389	-12.717	0
35.393	-12.687	0
35.398	-12.656	0
35.402	-12.626	0
35.407	-12.595	0
35.411	-12.565	0
35.415	-12.535	0
35.42	-12.504	0
35.424	-12.474	0
35.428	-12.444	0
35.432	-12.413	0
35.437	-12.383	0
35.441	-12.353	0
35.445	-12.322	0
35.449	-12.292	0
35.453	-12.262	0
35.457	-12.231	0
35.461	-12.201	0
35.465	-12.171	0
35.469	-12.141	0
35.473	-12.111	0
35.476	-12.08	0
35.48	-12.05	0
35.484	-12.02	0
35.488	-11.99	0
35.491	-11.96	0
35.495	-11.93	0
35.498	-11.9	0
35.502	-11.87	0
35.505	-11.839	0
35.509	-11.809	0
35.512	-11.779	0
35.516	-11.749	0
35.519	-11.719	0
35.522	-11.689	0
35.525	-11.659	0
35.529	-11.63	0
35.532	-11.6	0
35.535	-11.57	0
35.538	-11.54	0
35.541	-11.51	0
35.544	-11.48	0
35.547	-11.45	0
35.55	-11.42	0
35.553	-11.391	0
35.556	-11.361	0
35.559	-11.331	0
35.561	-11.301	0
35.564	-11.272	0
35.567	-11.242	0
35.569	-11.212	0
35.572	-11.183	0
35.575	-11.153	0
35.577	-11.124	0
35.58	-11.094	0
35.582	-11.064	0
35.585	-11.035	0
35.587	-11.005	0
35.589	-10.976	0
35.592	-10.946	0
35.594	-10.917	0
35.596	-10.888	0
35.598	-10.858	0
35.6	-10.829	0
35.602	-10.8	0
35.604	-10.77	0
35.606	-10.741	0
35.608	-10.712	0
35.61	-10.683	0
35.612	-10.653	0
35.614	-10.624	0
35.616	-10.595	0
35.618	-10.566	0
35.619	-10.537	0
35.621	-10.508	0
35.623	-10.479	0
35.624	-10.45	0
35.626	-10.421	0
35.627	-10.392	0
35.629	-10.363	0
35.63	-10.334	0
35.632	-10.305	0
35.633	-10.276	0
35.635	-10.248	0
35.636	-10.219	0
35.637	-10.19	0
35.638	-10.161	0
35.639	-10.133	0
35.641	-10.104	0
35.642	-10.076	0
35.643	-10.047	0
35.644	-10.018	0
35.645	-9.99	0
35.646	-9.9616	0
35.646	-9.9332	0
35.647	-9.9048	0
35.648	-9.8765	0
35.649	-9.8482	0
35.649	-9.82	0
35.65	-9.7918	0
35.651	-9.7636	0
35.651	-9.7355	0
35.652	-9.7074	0
35.652	-9.6794	0
35.653	-9.6514	0
35.653	-9.6234	0
35.654	-9.5955	0
35.654	-9.5677	0
35.654	-9.5399	0
35.655	-9.5121	0
35.655	-9.4844	0
35.655	-9.4567	0
35.655	-9.4291	0
35.655	-9.4015	0
35.655	-9.374	0
35.655	-9.3465	0
35.655	-9.3191	0
35.655	-9.2917	0
35.655	-9.2644	0
35.655	-9.2371	0
35.655	-9.2099	0
35.654	-9.1827	0
35.654	-9.1556	0
35.654	-9.1286	0
35.653	-9.1016	0
35.653	-9.0746	0
35.653	-9.0478	0
35.652	-9.0209	0
35.652	-8.9942	0
35.651	-8.9675	0
35.65	-8.9409	0
35.65	-8.9143	0
35.649	-8.8878	0
35.648	-8.8614	0
35.648	-8.835	0
35.647	-8.8087	0
35.646	-8.7825	0
35.645	-8.7563	0
35.644	-8.7303	0
35.643	-8.7042	0
35.642	-8.6783	0
35.641	-8.6524	0
35.64	-8.6267	0
35.639	-8.601	0
35.638	-8.5753	0
35.636	-8.5498	0
35.635	-8.5243	0
35.634	-8.4989	0
35.633	-8.4736	0
35.631	-8.4484	0
35.63	-8.4233	0
35.628	-8.3983	0
35.627	-8.3733	0
35.625	-8.3485	0
35.624	-8.3237	0
35.622	-8.299	0
35.62	-8.2743	0
35.619	-8.2496	0
35.617	-8.2249	0
35.615	-8.2001	0
35.613	-8.1753	0
35.612	-8.1505	0
35.61	-8.1257	0
35.608	-8.1008	0
35.606	-8.076	0
35.604	-8.0511	0
35.601	-8.0262	0
35.599	-8.0013	0
35.597	-7.9764	0
35.595	-7.9515	0
35.592	-7.9266	0
35.59	-7.9016	0
35.588	-7.8767	0
35.585	-7.8517	0
35.583	-7.8267	0
35.58	-7.8018	0
35.578	-7.7768	0
35.575	-7.7518	0
35.573	-7.7268	0
35.57	-7.7018	0
35.567	-7.6768	0
35.564	-7.6519	0
35.562	-7.6269	0
35.559	-7.6019	0
35.556	-7.5769	0
35.553	-7.5519	0
35.55	-7.527	0
35.547	-7.502	0
35.544	-7.4771	0
35.541	-7.4521	0
35.538	-7.4272	0
35.534	-7.4023	0
35.531	-7.3774	0
35.528	-7.3526	0
35.525	-7.3277	0
35.521	-7.3029	0
35.518	-7.278	0
35.514	-7.2533	0
35.511	-7.2285	0
35.507	-7.2038	0
35.504	-7.1791	0
35.5	-7.1544	0
35.497	-7.1298	0
35.493	-7.1052	0
35.489	-7.0806	0
35.486	-7.0561	0
35.482	-7.0316	0
35.478	-7.0072	0
35.474	-6.9828	0
35.47	-6.9584	0
35.466	-6.9341	0
35.462	-6.9099	0
35.459	-6.8857	0
35.455	-6.8616	0
35.451	-6.8376	0
35.446	-6.8136	0
35.442	-6.7897	0
35.438	-6.7659	0
35.434	-6.7421	0
35.43	-6.7185	0
35.426	-6.6949	0
35.422	-6.6714	0
35.417	-6.648	0
35.413	-6.6246	0
35.409	-6.6014	0
35.404	-6.5783	0
35.4	-6.5553	0
35.396	-6.5325	0
35.391	-6.5097	0
35.387	-6.4871	0
35.382	-6.4646	0
35.378	-6.4422	0
35.374	-6.42	0
35.369	-6.3979	0
35.365	-6.376	0
35.36	-6.3542	0
35.356	-6.3326	0
35.351	-6.3112	0
35.347	-6.29	0
35.342	-6.269	0
35.338	-6.2481	0
35.333	-6.2275	0
35.329	-6.2071	0
35.324	-6.1869	0
35.32	-6.1669	0
35.315	-6.1472	0
35.311	-6.1278	0
35.306	-6.1086	0
35.302	-6.0897	0
35.297	-6.0689	0
35.291	-6.0453	0
35.286	-6.0219	0
35.28	-5.9985	0
35.273	-5.9714	0
35.266	-5.9407	0
35.258	-5.9096	0
35.251	-5.8791	0
35.243	-5.8487	0
35.236	-5.8185	0
35.228	-5.7884	0
35.221	-5.7582	0
35.213	-5.7283	0
35.206	-5.6985	0
35.198	-5.6689	0
35.191	-5.6392	0
35.183	-5.6098	0
35.176	-5.5805	0
35.168	-5.5512	0
35.161	-5.522	0
35.153	-5.4929	0
35.146	-5.4639	0
35.138	-5.4349	0
35.13	-5.406	0
35.123	-5.3772	0
35.115	-5.3484	0
35.108	-5.3197	0
35.1	-5.2911	0
35.093	-5.2625	0
35.085	-5.2339	0
35.077	-5.2054	0
35.07	-5.1769	0
35.062	-5.1485	0
35.054	-5.1201	0
35.047	-5.0918	0
35.039	-5.0634	0
35.031	-5.0351	0
35.023	-5.0069	0
35.015	-4.9786	0
35.008	-4.9504	0
35	-4.9222	0
34.992	-4.894	0
34.984	-4.8657	0
34.976	-4.8374	0
34.968	-4.8092	0
34.96	-4.781	0
34.952	-4.7526	0
34.944	-4.7243	0
34.936	-4.6959	0
34.928	-4.6676	0
34.919	-4.6391	0
34.911	-4.6106	0
34.903	-4.5821	0
34.895	-4.5536	0
34.886	-4.5249	0
34.878	-4.4961	0
34.869	-4.4672	0
34.861	-4.4383	0
34.852	-4.4092	0
34.843	-4.3799	0
34.835	-4.3506	0
34.826	-4.3212	0
34.817	-4.2915	0
34.808	-4.2616	0
34.799	-4.2315	0
34.79	-4.2013	0
34.78	-4.1708	0
34.771	-4.1398	0
34.762	-4.1086	0
34.752	-4.077	0
34.742	-4.045	0
34.732	-4.0123	0
34.722	-3.9791	0
34.712	-3.9454	0
34.701	-3.9109	0
34.69	-3.8757	0
34.679	-3.8396	0
34.668	-3.8026	0
34.656	-3.7644	0
34.644	-3.7248	0
34.631	-3.6834	0
34.618	-3.6403	0
34.604	-3.5953	0
34.59	-3.5482	0
34.575	-3.4984	0
34.559	-3.4457	0
34.542	-3.3899	0
34.525	-3.3307	0
34.506	-3.267	0
34.486	-3.198	0
34.465	-3.1239	0
34.443	-3.0437	0
34.418	-2.9549	0
34.392	-2.8566	0
34.364	-2.749	0
34.334	-2.631	0
34.303	-2.4996	0
34.269	-2.3531	0
34.234	-2.1916	0
34.199	-2.0135	0
34.162	-1.8154	0
34.126	-1.596	0
34.092	-1.357	0
34.061	-1.099	0
34.035	-0.821	0
34.015	-0.52799	0
34.003	-0.2185	0
33.999	0.095193	0
34.005	0.41013	0
34.02	0.72068	0
34.044	1.0212	0
34.074	1.308	0
34.11	1.5797	0
34.15	1.8345	0
34.192	2.0698	0
34.235	2.2851	0
34.279	2.4816	0
34.321	2.6602	0
34.362	2.8218	0
34.402	2.9679	0
34.439	3.1003	0
34.474	3.2207	0
34.507	3.3306	0
34.539	3.4314	0
34.568	3.5245	0
34.597	3.6108	0
34.623	3.6915	0
34.649	3.7672	0
34.674	3.8388	0
34.697	3.9067	0
34.72	3.9717	0
34.742	4.0341	0
34.764	4.0943	0
34.785	4.1526	0
34.806	4.2094	0
34.827	4.2649	0
34.847	4.3194	0
34.867	4.373	0
34.887	4.4258	0
34.907	4.4781	0
34.927	4.53	0
34.947	4.5816	0
34.967	4.6329	0
34.987	4.6841	0
35.007	4.7352	0
35.028	4.7863	0
35.048	4.8375	0
35.069	4.8887	0
35.089	4.9401	0
35.111	4.9917	0
35.132	5.0435	0
35.153	5.0955	0
35.175	5.1478	0
35.197	5.2004	0
35.219	5.2532	0
35.242	5.3064	0
35.265	5.3599	0
35.288	5.4138	0
35.312	5.4679	0
35.336	5.5224	0
35.36	5.5774	0
35.385	5.6326	0
35.41	5.6879	0
35.434	5.7428	0
35.459	5.7958	0
35.482	5.8467	0
35.505	5.8959	0
35.527	5.9434	0
35.548	5.9894	0
35.569	6.0341	0
35.59	6.0775	0
35.61	6.1197	0
35.629	6.1608	0
35.649	6.201	0
35.667	6.2402	0
35.686	6.2785	0
35.704	6.3161	0
35.722	6.3529	0
35.739	6.389	0
35.756	6.4243	0
35.773	6.459	0
35.79	6.4931	0
35.806	6.5266	0
35.822	6.5597	0
35.838	6.5924	0
35.854	6.6247	0
35.87	6.6566	0
35.885	6.6881	0
35.9	6.7193	0
35.915	6.7502	0
35.93	6.7807	0
35.945	6.8109	0
35.96	6.8409	0
35.975	6.8706	0
35.989	6.9	0
36.003	6.9292	0
36.018	6.9583	0
36.032	6.9873	0
36.046	7.016	0
36.06	7.0445	0
36.074	7.0729	0
36.088	7.1011	0
36.101	7.1292	0
36.115	7.1571	0
36.129	7.1849	0
36.142	7.2127	0
36.156	7.2403	0
36.169	7.2678	0
36.183	7.2953	0
36.196	7.3227	0
36.209	7.35	0
36.222	7.3771	0
36.236	7.4043	0
36.249	7.4314	0
36.262	7.4584	0
36.275	7.4854	0
36.288	7.5123	0
36.301	7.5392	0
36.314	7.566	0
36.327	7.5928	0
36.34	7.6195	0
36.353	7.6462	0
36.366	7.6729	0
36.378	7.6996	0
36.391	7.7262	0
36.404	7.7528	0
36.417	7.7793	0
36.43	7.8059	0
36.442	7.8325	0
36.455	7.8589	0
36.468	7.8854	0
36.48	7.912	0
36.493	7.9384	0
36.505	7.9648	0
36.518	7.9913	0
36.531	8.0179	0
36.543	8.0444	0
36.556	8.0708	0
36.568	8.0972	0
36.581	8.1237	0
36.593	8.1501	0
36.606	8.1764	0
36.618	8.2029	0
36.631	8.2295	0
36.643	8.2561	0
36.656	8.2825	0
36.668	8.309	0
36.68	8.3356	0
36.693	8.362	0
36.705	8.3884	0
36.718	8.415	0
36.73	8.4417	0
36.742	8.4683	0
36.755	8.4949	0
36.767	8.5215	0
36.779	8.5481	0
36.792	8.5747	0
36.804	8.6013	0
36.816	8.628	0
36.829	8.6547	0
36.841	8.6815	0
36.853	8.7082	0
36.866	8.735	0
36.878	8.7618	0
36.89	8.7886	0
36.903	8.8154	0
36.915	8.8422	0
36.927	8.8691	0
36.94	8.896	0
36.952	8.9229	0
36.964	8.9498	0
36.977	8.9768	0
36.989	9.0038	0
37.001	9.0308	0
37.013	9.0579	0
37.026	9.0849	0
37.038	9.112	0
37.05	9.1392	0
37.063	9.1663	0
37.075	9.1934	0
37.087	9.2207	0
37.1	9.2481	0
37.112	9.2754	0
37.124	9.3026	0
37.136	9.33	0
37.149	9.3573	0
37.161	9.3846	0
37.173	9.4119	0
37.186	9.4394	0
37.198	9.467	0
37.21	9.4946	0
37.223	9.5221	0
37.235	9.5496	0
37.247	9.5772	0
37.259	9.6046	0
37.272	9.6321	0
37.284	9.6598	0
37.296	9.6877	0
37.309	9.7156	0
37.321	9.7434	0
37.333	9.7712	0
37.346	9.7991	0
37.358	9.8268	0
37.37	9.8546	0
37.383	9.8825	0
37.395	9.9106	0
37.408	9.9386	0
37.42	9.9667	0
37.432	9.9947	0
37.445	10.023	0
37.457	10.051	0
37.469	10.079	0
37.482	10.107	0
37.494	10.135	0
37.507	10.163	0
37.519	10.192	0
37.532	10.22	0
37.544	10.248	0
37.556	10.277	0
37.569	10.305	0
37.581	10.333	0
37.594	10.362	0
37.606	10.39	0
37.619	10.419	0
37.631	10.447	0
37.644	10.476	0
37.656	10.505	0
37.669	10.533	0
37.681	10.562	0
37.694	10.59	0
37.706	10.619	0
37.719	10.648	0
37.731	10.677	0
37.744	10.705	0
37.756	10.734	0
37.769	10.763	0
37.782	10.792	0
37.794	10.821	0
37.807	10.85	0
37.82	10.879	0
37.832	10.908	0
37.845	10.937	0
37.858	10.966	0
37.87	10.995	0
37.883	11.024	0
37.896	11.053	0
37.908	11.083	0
37.921	11.112	0
37.934	11.141	0
37.947	11.17	0
37.959	11.2	0
37.972	11.229	0
37.985	11.259	0
37.998	11.288	0
38.011	11.318	0
38.024	11.347	0
38.037	11.377	0
38.05	11.406	0
38.063	11.436	0
38.076	11.466	0
38.089	11.495	0
38.102	11.525	0
38.115	11.555	0
38.128	11.585	0
38.141	11.614	0
38.154	11.644	0
38.167	11.674	0
38.18	11.704	0
38.193	11.734	0
38.207	11.764	0
38.22	11.794	0
38.233	11.825	0
38.247	11.855	0
38.26	11.885	0
38.273	11.915	0
38.287	11.946	0
38.3	11.976	0
38.314	12.007	0
38.327	12.037	0
38.341	12.067	0
38.355	12.098	0
38.368	12.129	0
38.382	12.159	0
38.396	12.19	0
38.409	12.221	0
38.423	12.252	0
38.437	12.283	0
38.451	12.314	0
38.465	12.345	0
38.479	12.376	0
38.493	12.407	0
38.507	12.438	0
38.522	12.469	0
38.536	12.501	0
38.55	12.532	0
38.564	12.564	0
38.579	12.595	0
38.594	12.627	0
38.608	12.659	0
38.623	12.69	0
38.637	12.722	0
38.652	12.754	0
38.667	12.786	0
38.682	12.818	0
38.697	12.851	0
38.712	12.883	0
38.727	12.915	0
38.743	12.948	0
38.758	12.98	0
38.774	13.013	0
38.79	13.046	0
38.805	13.079	0
38.821	13.112	0
38.837	13.145	0
38.853	13.177	0
38.868	13.21	0
38.884	13.242	0
38.899	13.273	0
38.916	13.307	0
38.93	13.336	0
38.942	13.36	0
38.954	13.383	0
38.965	13.406	0
38.976	13.429	0
38.987	13.452	0
38.998	13.474	0
39.009	13.497	0
39.02	13.518	0
39.03	13.54	0
39.04	13.561	0
39.05	13.581	0
39.06	13.602	0
39.07	13.622	0
39.079	13.641	0
39.088	13.66	0
39.097	13.679	0
39.105	13.697	0
39.114	13.714	0
39.122	13.731	0
39.129	13.748	0
39.137	13.764	0
39.144	13.78	0
39.151	13.795	0
39.158	13.81	0
39.164	13.824	0
39.17	13.837	0
39.176	13.851	0
39.182	13.865	0
39.188	13.879	0
39.194	13.894	0
39.201	13.908	0
39.207	13.923	0
39.213	13.939	0
39.22	13.954	0
39.226	13.97	0
39.233	13.986	0
39.239	14.003	0
39.246	14.019	0
39.252	14.036	0
39.259	14.053	0
39.266	14.071	0
39.272	14.088	0
39.279	14.106	0
39.286	14.124	0
39.292	14.142	0
39.299	14.161	0
39.306	14.18	0
39.312	14.199	0
39.319	14.218	0
39.326	14.237	0
39.333	14.257	0
39.339	14.276	0
39.346	14.296	0
39.353	14.317	0
39.359	14.337	0
39.366	14.357	0
39.373	14.378	0
39.38	14.399	0
39.386	14.42	0
39.393	14.442	0
39.4	14.463	0
39.406	14.485	0
39.413	14.507	0
39.42	14.529	0
39.426	14.551	0
39.433	14.573	0
39.439	14.596	0
39.446	14.618	0
39.452	14.641	0
39.459	14.664	0
39.465	14.687	0
39.472	14.711	0
39.478	14.734	0
39.485	14.758	0
39.491	14.781	0
39.497	14.805	0
39.504	14.829	0
39.51	14.854	0
39.516	14.878	0
39.522	14.903	0
39.529	14.927	0
39.535	14.952	0
39.541	14.977	0
39.547	15.002	0
39.553	15.027	0
39.559	15.053	0
39.565	15.078	0
39.571	15.104	0
39.577	15.129	0
39.583	15.155	0
39.589	15.181	0
39.594	15.207	0
39.6	15.233	0
39.606	15.26	0
39.612	15.286	0
39.617	15.313	0
39.623	15.339	0
39.628	15.366	0
39.634	15.393	0
39.639	15.42	0
39.645	15.447	0
39.65	15.475	0
39.655	15.502	0
39.661	15.529	0
39.666	15.557	0
39.671	15.585	0
39.676	15.613	0
39.682	15.64	0
39.687	15.668	0
39.692	15.697	0
39.697	15.725	0
39.702	15.753	0
39.706	15.781	0
39.711	15.81	0
39.716	15.839	0
39.721	15.867	0
39.725	15.896	0
39.73	15.925	0
39.735	15.954	0
39.739	15.983	0
39.744	16.012	0
39.748	16.041	0
39.753	16.071	0
39.757	16.1	0
39.761	16.13	0
39.765	16.159	0
39.77	16.189	0
39.774	16.219	0
39.778	16.249	0
39.782	16.278	0
39.786	16.309	0
39.79	16.339	0
39.794	16.369	0
39.798	16.399	0
39.801	16.429	0
39.805	16.46	0
39.809	16.49	0
39.812	16.521	0
39.816	16.552	0
39.82	16.582	0
39.823	16.613	0
39.826	16.644	0
39.83	16.675	0
39.833	16.706	0
39.836	16.737	0
39.84	16.768	0
39.843	16.799	0
39.846	16.831	0
39.849	16.862	0
39.852	16.894	0
39.855	16.925	0
39.858	16.957	0
39.861	16.988	0
39.863	17.02	0
39.866	17.052	0
39.869	17.084	0
39.871	17.116	0
39.874	17.148	0
39.876	17.18	0
39.879	17.212	0
39.881	17.244	0
39.884	17.276	0
39.886	17.308	0
39.888	17.341	0
39.89	17.373	0
39.892	17.406	0
39.895	17.438	0
39.897	17.471	0
39.899	17.503	0
39.9	17.536	0
39.902	17.569	0
39.904	17.602	0
39.906	17.634	0
39.907	17.667	0
39.909	17.7	0
39.911	17.733	0
39.912	17.766	0
39.914	17.8	0
39.915	17.833	0
39.916	17.866	0
39.918	17.899	0
39.919	17.933	0
39.92	17.966	0
39.921	18	0
39.922	18.033	0
39.923	18.067	0
39.924	18.1	0
39.925	18.134	0
39.926	18.168	0
39.927	18.201	0
39.928	18.235	0
39.928	18.269	0
39.929	18.303	0
39.929	18.337	0
39.93	18.371	0
39.93	18.405	0
39.931	18.439	0
39.931	18.473	0
39.931	18.507	0
39.932	18.541	0
39.932	18.576	0
39.932	18.61	0
39.932	18.644	0
39.932	18.679	0
39.932	18.713	0
39.932	18.748	0
39.932	18.782	0
39.932	18.817	0
39.931	18.851	0
39.931	18.886	0
39.931	18.921	0
39.93	18.955	0
39.93	18.99	0
39.929	19.025	0
39.928	19.06	0
39.928	19.095	0
39.927	19.13	0
39.926	19.165	0
39.925	19.2	0
39.925	19.235	0
39.924	19.27	0
39.923	19.305	0
39.922	19.34	0
39.92	19.375	0
39.919	19.41	0
39.918	19.446	0
39.917	19.481	0
39.915	19.516	0
39.914	19.552	0
39.913	19.587	0
39.911	19.622	0
39.91	19.658	0
39.908	19.693	0
39.906	19.729	0
39.905	19.764	0
39.903	19.8	0
39.901	19.836	0
39.899	19.871	0
39.897	19.907	0
39.895	19.943	0
39.893	19.978	0
39.891	20.014	0
39.889	20.05	0
39.886	20.086	0
39.884	20.122	0
39.882	20.158	0
39.879	20.194	0
39.877	20.23	0
39.874	20.266	0
39.872	20.302	0
39.869	20.338	0
39.867	20.374	0
39.864	20.41	0
39.861	20.446	0
39.858	20.482	0
39.855	20.518	0
39.852	20.555	0
39.849	20.591	0
39.846	20.627	0
39.843	20.663	0
39.84	20.7	0
39.837	20.736	0
39.833	20.772	0
39.83	20.809	0
39.827	20.845	0
39.823	20.882	0
39.82	20.918	0
39.816	20.955	0
39.813	20.991	0
39.809	21.028	0
39.805	21.064	0
39.801	21.101	0
39.798	21.138	0
39.794	21.174	0
39.79	21.211	0
39.786	21.248	0
39.782	21.284	0
39.778	21.321	0
39.773	21.358	0
39.769	21.395	0
39.765	21.432	0
39.761	21.468	0
39.756	21.505	0
39.752	21.542	0
39.747	21.579	0
39.743	21.616	0
39.738	21.653	0
39.733	21.69	0
39.729	21.727	0
39.724	21.764	0
39.719	21.801	0
39.714	21.838	0
39.709	21.875	0
39.704	21.912	0
39.699	21.949	0
39.694	21.986	0
39.689	22.023	0
39.684	22.061	0
39.678	22.098	0
39.673	22.135	0
39.668	22.172	0
39.662	22.209	0
39.657	22.247	0
39.651	22.284	0
39.646	22.321	0
39.64	22.359	0
39.634	22.396	0
39.629	22.433	0
39.623	22.471	0
39.617	22.508	0
39.611	22.545	0
39.605	22.583	0
39.599	22.62	0
39.593	22.658	0
39.587	22.695	0
39.581	22.733	0
39.574	22.77	0
39.568	22.808	0
39.562	22.845	0
39.555	22.883	0
39.549	22.92	0
39.542	22.958	0
39.536	22.995	0
39.529	23.033	0
39.522	23.071	0
39.516	23.108	0
39.509	23.146	0
39.502	23.184	0
39.495	23.221	0
39.488	23.259	0
39.481	23.297	0
39.474	23.334	0
39.467	23.372	0
39.46	23.41	0
39.453	23.448	0
39.446	23.485	0
39.438	23.523	0
39.431	23.561	0
39.423	23.599	0
39.416	23.637	0
39.408	23.674	0
39.401	23.712	0
39.393	23.75	0
39.385	23.788	0
39.378	23.826	0
39.37	23.864	0
39.362	23.902	0
39.354	23.94	0
39.346	23.977	0
39.338	24.015	0
39.33	24.053	0
39.322	24.091	0
39.314	24.129	0
39.306	24.167	0
39.297	24.205	0
39.289	24.243	0
39.281	24.281	0
39.272	24.319	0
39.264	24.357	0
39.255	24.395	0
39.247	24.433	0
39.238	24.471	0
39.229	24.51	0
39.22	24.548	0
39.212	24.586	0
39.203	24.624	0
39.194	24.662	0
39.185	24.7	0
39.176	24.738	0
39.167	24.776	0
39.158	24.814	0
39.148	24.853	0
39.139	24.891	0
39.13	24.929	0
39.121	24.967	0
39.111	25.005	0
39.102	25.043	0
39.092	25.082	0
39.083	25.12	0
39.073	25.158	0
39.064	25.196	0
39.054	25.235	0
39.044	25.273	0
39.034	25.311	0
39.024	25.349	0
39.014	25.388	0
39.005	25.426	0
38.994	25.464	0
38.984	25.502	0
38.974	25.541	0
38.964	25.579	0
38.954	25.617	0
38.944	25.656	0
38.933	25.694	0
38.923	25.732	0
38.912	25.77	0
38.902	25.809	0
38.891	25.847	0
38.881	25.885	0
38.87	25.924	0
38.86	25.962	0
38.849	26	0
38.838	26.039	0
38.827	26.077	0
38.816	26.116	0
38.805	26.154	0
38.794	26.192	0
38.783	26.231	0
38.772	26.269	0
38.761	26.307	0
38.75	26.346	0
38.738	26.384	0
38.727	26.423	0
38.716	26.461	0
38.704	26.499	0
38.693	26.538	0
38.681	26.576	0
38.67	26.615	0
38.658	26.653	0
38.646	26.692	0
38.635	26.73	0
38.623	26.768	0
38.611	26.807	0
38.599	26.845	0
38.587	26.884	0
38.575	26.922	0
38.563	26.961	0
38.551	26.999	0
38.539	27.037	0
38.527	27.076	0
38.515	27.114	0
38.502	27.153	0
38.49	27.191	0
38.478	27.23	0
38.465	27.268	0
38.453	27.307	0
38.44	27.345	0
38.427	27.384	0
38.415	27.422	0
38.402	27.461	0
38.389	27.499	0
38.377	27.537	0
38.364	27.576	0
38.351	27.614	0
38.338	27.653	0
38.325	27.691	0
38.312	27.73	0
38.299	27.768	0
38.286	27.807	0
38.272	27.845	0
38.259	27.884	0
38.246	27.922	0
38.232	27.961	0
38.219	27.999	0
38.206	28.038	0
38.192	28.076	0
38.178	28.115	0
38.165	28.153	0
38.151	28.191	0
38.137	28.23	0
38.124	28.268	0
38.11	28.307	0
38.096	28.345	0
38.082	28.384	0
38.068	28.422	0
38.054	28.461	0
38.04	28.499	0
38.026	28.538	0
38.012	28.576	0
37.997	28.615	0
37.983	28.653	0
37.969	28.692	0
37.955	28.73	0
37.94	28.768	0
37.926	28.807	0
37.911	28.845	0
37.897	28.884	0
37.882	28.922	0
37.867	28.961	0
37.853	28.999	0
37.838	29.038	0
37.823	29.076	0
37.808	29.114	0
37.793	29.153	0
37.778	29.191	0
37.763	29.23	0
37.744	29.278	0
