29.663	-26.041	0
29.682	-26.013	0
29.701	-25.985	0
29.72	-25.957	0
29.74	-25.929	0
29.759	-25.901	0
29.778	-25.873	0
29.797	-25.845	0
29.816	-25.817	0
29.835	-25.788	0
29.854	-25.76	0
29.873	-25.732	0
29.892	-25.704	0
29.911	-25.676	0
29.929	-25.648	0
29.948	-25.619	0
29.967	-25.591	0
29.986	-25.563	0
30.005	-25.535	0
30.023	-25.506	0
30.042	-25.478	0
30.061	-25.45	0
30.079	-25.421	0
30.098	-25.393	0
30.116	-25.365	0
30.135	-25.336	0
30.153	-25.308	0
30.172	-25.28	0
30.19	-25.251	0
30.209	-25.223	0
30.227	-25.194	0
30.245	-25.166	0
30.264	-25.138	0
30.282	-25.109	0
30.3	-25.081	0
30.318	-25.052	0
30.337	-25.024	0
30.355	-24.995	0
30.373	-24.967	0
30.391	-24.938	0
30.409	-24.909	0
30.427	-24.881	0
30.445	-24.852	0
30.463	-24.824	0
30.481	-24.795	0
30.499	-24.766	0
30.517	-24.738	0
30.535	-24.709	0
30.553	-24.68	0
30.571	-24.652	0
30.588	-24.623	0
30.606	-24.594	0
30.624	-24.566	0
30.642	-24.537	0
30.659	-24.508	0
30.677	-24.479	0
30.694	-24.451	0
30.712	-24.422	0
30.73	-24.393	0
30.747	-24.364	0
30.765	-24.335	0
30.782	-24.307	0
30.8	-24.278	0
30.817	-24.249	0
30.834	-24.22	0
30.852	-24.191	0
30.869	-24.162	0
30.886	-24.133	0
30.903	-24.104	0
30.921	-24.075	0
30.938	-24.046	0
30.955	-24.017	0
30.972	-23.989	0
30.989	-23.96	0
31.006	-23.931	0
31.023	-23.902	0
31.04	-23.872	0
31.057	-23.843	0
31.074	-23.814	0
31.091	-23.785	0
31.108	-23.756	0
31.125	-23.727	0
31.142	-23.698	0
31.158	-23.669	0
31.175	-23.64	0
31.192	-23.611	0
31.209	-23.582	0
31.225	-23.552	0
31.242	-23.523	0
31.259	-23.494	0
31.275	-23.465	0
31.292	-23.436	0
31.308	-23.406	0
31.325	-23.377	0
31.341	-23.348	0
31.358	-23.319	0
31.374	-23.289	0
31.39	-23.26	0
31.407	-23.231	0
31.423	-23.202	0
31.439	-23.172	0
31.456	-23.143	0
31.472	-23.114	0
31.488	-23.084	0
31.504	-23.055	0
31.52	-23.026	0
31.536	-22.996	0
31.552	-22.967	0
31.568	-22.937	0
31.584	-22.908	0
31.6	-22.879	0
31.616	-22.849	0
31.632	-22.82	0
31.648	-22.79	0
31.664	-22.761	0
31.68	-22.731	0
31.695	-22.702	0
31.711	-22.672	0
31.727	-22.643	0
31.743	-22.613	0
31.758	-22.584	0
31.774	-22.554	0
31.789	-22.525	0
31.805	-22.495	0
31.821	-22.465	0
31.836	-22.436	0
31.852	-22.406	0
31.867	-22.377	0
31.882	-22.347	0
31.898	-22.317	0
31.913	-22.288	0
31.928	-22.258	0
31.944	-22.228	0
31.959	-22.199	0
31.974	-22.169	0
31.989	-22.139	0
32.005	-22.11	0
32.02	-22.08	0
32.035	-22.05	0
32.05	-22.021	0
32.065	-21.991	0
32.08	-21.961	0
32.095	-21.931	0
32.11	-21.902	0
32.125	-21.872	0
32.14	-21.842	0
32.154	-21.812	0
32.169	-21.782	0
32.184	-21.753	0
32.199	-21.723	0
32.213	-21.693	0
32.228	-21.663	0
32.243	-21.633	0
32.257	-21.603	0
32.272	-21.573	0
32.287	-21.544	0
32.301	-21.514	0
32.316	-21.484	0
32.33	-21.454	0
32.345	-21.424	0
32.359	-21.394	0
32.373	-21.364	0
32.388	-21.334	0
32.402	-21.304	0
32.416	-21.274	0
32.43	-21.244	0
32.445	-21.214	0
32.459	-21.184	0
32.473	-21.154	0
32.487	-21.124	0
32.501	-21.094	0
32.515	-21.064	0
32.529	-21.034	0
32.543	-21.004	0
32.557	-20.974	0
32.571	-20.944	0
32.585	-20.914	0
32.599	-20.884	0
32.613	-20.854	0
32.627	-20.824	0
32.64	-20.794	0
32.654	-20.763	0
32.668	-20.733	0
32.682	-20.703	0
32.695	-20.673	0
32.709	-20.643	0
32.722	-20.613	0
32.736	-20.583	0
32.749	-20.552	0
32.763	-20.522	0
32.776	-20.492	0
32.79	-20.462	0
32.803	-20.432	0
32.816	-20.401	0
32.83	-20.371	0
32.843	-20.341	0
32.856	-20.311	0
32.87	-20.28	0
32.883	-20.25	0
32.896	-20.22	0
32.909	-20.19	0
32.922	-20.159	0
32.935	-20.129	0
32.948	-20.099	0
32.961	-20.068	0
32.974	-20.038	0
32.987	-20.008	0
33	-19.978	0
33.013	-19.947	0
33.026	-19.917	0
33.039	-19.887	0
33.051	-19.856	0
33.064	-19.826	0
33.077	-19.795	0
33.09	-19.765	0
33.102	-19.735	0
33.115	-19.704	0
33.127	-19.674	0
33.14	-19.644	0
33.152	-19.613	0
33.165	-19.583	0
33.177	-19.552	0
33.19	-19.522	0
33.202	-19.491	0
33.215	-19.461	0
33.227	-19.431	0
33.239	-19.4	0
33.251	-19.37	0
33.264	-19.339	0
33.276	-19.309	0
33.288	-19.278	0
33.3	-19.248	0
33.312	-19.217	0
33.324	-19.187	0
33.336	-19.156	0
33.348	-19.126	0
33.36	-19.095	0
33.372	-19.065	0
33.384	-19.034	0
33.396	-19.004	0
33.408	-18.973	0
33.42	-18.943	0
33.431	-18.912	0
33.443	-18.881	0
33.455	-18.851	0
33.466	-18.82	0
33.478	-18.79	0
33.49	-18.759	0
33.501	-18.729	0
33.513	-18.698	0
33.524	-18.667	0
33.536	-18.637	0
33.547	-18.606	0
33.559	-18.576	0
33.57	-18.545	0
33.581	-18.514	0
33.593	-18.484	0
33.604	-18.453	0
33.615	-18.422	0
33.626	-18.392	0
33.638	-18.361	0
33.649	-18.331	0
33.66	-18.3	0
33.671	-18.269	0
33.682	-18.239	0
33.693	-18.208	0
33.704	-18.177	0
33.715	-18.147	0
33.726	-18.116	0
33.737	-18.085	0
33.747	-18.054	0
33.758	-18.024	0
33.769	-17.993	0
33.78	-17.962	0
33.79	-17.932	0
33.801	-17.901	0
33.812	-17.87	0
33.822	-17.84	0
33.833	-17.809	0
33.844	-17.778	0
33.854	-17.747	0
33.865	-17.717	0
33.875	-17.686	0
33.885	-17.655	0
33.896	-17.624	0
33.906	-17.594	0
33.916	-17.563	0
33.927	-17.532	0
33.937	-17.501	0
33.947	-17.471	0
33.957	-17.44	0
33.967	-17.409	0
33.978	-17.378	0
33.988	-17.347	0
33.998	-17.317	0
34.008	-17.286	0
34.018	-17.255	0
34.028	-17.224	0
34.038	-17.193	0
34.047	-17.163	0
34.057	-17.132	0
34.067	-17.101	0
34.077	-17.07	0
34.087	-17.039	0
34.096	-17.009	0
34.106	-16.978	0
34.116	-16.947	0
34.125	-16.916	0
34.135	-16.885	0
34.144	-16.854	0
34.154	-16.824	0
34.163	-16.793	0
34.173	-16.762	0
34.182	-16.731	0
34.191	-16.7	0
34.201	-16.669	0
34.21	-16.639	0
34.219	-16.608	0
34.229	-16.577	0
34.238	-16.546	0
34.247	-16.515	0
34.256	-16.484	0
34.265	-16.454	0
34.274	-16.423	0
34.283	-16.392	0
34.292	-16.361	0
34.301	-16.33	0
34.31	-16.299	0
34.319	-16.268	0
34.328	-16.237	0
34.337	-16.207	0
34.346	-16.176	0
34.354	-16.145	0
34.363	-16.114	0
34.372	-16.083	0
34.38	-16.052	0
34.389	-16.021	0
34.398	-15.991	0
34.406	-15.96	0
34.415	-15.929	0
34.423	-15.898	0
34.432	-15.867	0
34.44	-15.836	0
34.448	-15.805	0
34.457	-15.774	0
34.465	-15.744	0
34.473	-15.713	0
34.482	-15.682	0
34.49	-15.651	0
34.498	-15.62	0
34.506	-15.589	0
34.514	-15.558	0
34.522	-15.527	0
34.53	-15.497	0
34.538	-15.466	0
34.546	-15.435	0
34.554	-15.404	0
34.562	-15.373	0
34.57	-15.342	0
34.578	-15.311	0
34.586	-15.28	0
34.593	-15.25	0
34.601	-15.219	0
34.609	-15.188	0
34.616	-15.157	0
34.624	-15.126	0
34.632	-15.095	0
34.639	-15.064	0
34.647	-15.033	0
34.654	-15.003	0
34.662	-14.972	0
34.669	-14.941	0
34.676	-14.91	0
34.684	-14.879	0
34.691	-14.848	0
34.698	-14.817	0
34.706	-14.787	0
34.713	-14.756	0
34.72	-14.725	0
34.727	-14.694	0
34.734	-14.663	0
34.741	-14.632	0
34.748	-14.602	0
34.755	-14.571	0
34.762	-14.54	0
34.769	-14.509	0
34.776	-14.478	0
34.783	-14.447	0
34.79	-14.417	0
34.796	-14.386	0
34.803	-14.355	0
34.81	-14.324	0
34.817	-14.293	0
34.823	-14.263	0
34.83	-14.232	0
34.836	-14.201	0
34.843	-14.17	0
34.849	-14.139	0
34.856	-14.109	0
34.862	-14.078	0
34.869	-14.047	0
34.875	-14.016	0
34.881	-13.985	0
34.888	-13.955	0
34.894	-13.924	0
34.9	-13.893	0
34.906	-13.862	0
34.912	-13.832	0
34.919	-13.801	0
34.925	-13.77	0
34.931	-13.739	0
34.937	-13.709	0
34.943	-13.678	0
34.949	-13.647	0
34.954	-13.617	0
34.96	-13.586	0
34.966	-13.555	0
34.972	-13.524	0
34.978	-13.494	0
34.983	-13.463	0
34.989	-13.432	0
34.995	-13.402	0
35	-13.371	0
35.006	-13.34	0
35.011	-13.31	0
35.017	-13.279	0
35.022	-13.248	0
35.028	-13.218	0
35.033	-13.187	0
35.039	-13.156	0
35.044	-13.126	0
35.049	-13.095	0
35.054	-13.065	0
35.06	-13.034	0
35.065	-13.003	0
35.07	-12.973	0
35.075	-12.942	0
35.08	-12.912	0
35.085	-12.881	0
35.09	-12.851	0
35.095	-12.82	0
35.1	-12.79	0
35.105	-12.759	0
35.11	-12.729	0
35.115	-12.698	0
35.119	-12.668	0
35.124	-12.637	0
35.129	-12.607	0
35.133	-12.576	0
35.138	-12.546	0
35.143	-12.515	0
35.147	-12.485	0
35.152	-12.454	0
35.156	-12.424	0
35.161	-12.393	0
35.165	-12.363	0
35.169	-12.333	0
35.174	-12.302	0
35.178	-12.272	0
35.182	-12.241	0
35.187	-12.211	0
35.191	-12.181	0
35.195	-12.15	0
35.199	-12.12	0
35.203	-12.09	0
35.207	-12.06	0
35.211	-12.029	0
35.215	-11.999	0
35.219	-11.969	0
35.223	-11.938	0
35.227	-11.908	0
35.231	-11.878	0
35.235	-11.848	0
35.238	-11.818	0
35.242	-11.787	0
35.246	-11.757	0
35.249	-11.727	0
35.253	-11.697	0
35.256	-11.667	0
35.26	-11.637	0
35.263	-11.607	0
35.267	-11.576	0
35.27	-11.546	0
35.274	-11.516	0
35.277	-11.486	0
35.28	-11.456	0
35.284	-11.426	0
35.287	-11.396	0
35.29	-11.366	0
35.293	-11.336	0
35.296	-11.306	0
35.299	-11.276	0
35.302	-11.246	0
35.305	-11.216	0
35.308	-11.187	0
35.311	-11.157	0
35.314	-11.127	0
35.317	-11.097	0
35.32	-11.067	0
35.323	-11.037	0
35.325	-11.008	0
35.328	-10.978	0
35.331	-10.948	0
35.333	-10.918	0
35.336	-10.889	0
35.338	-10.859	0
35.341	-10.829	0
35.343	-10.8	0
35.346	-10.77	0
35.348	-10.74	0
35.351	-10.711	0
35.353	-10.681	0
35.355	-10.652	0
35.357	-10.622	0
35.36	-10.593	0
35.362	-10.563	0
35.364	-10.534	0
35.366	-10.504	0
35.368	-10.475	0
35.37	-10.445	0
35.372	-10.416	0
35.374	-10.387	0
35.376	-10.357	0
35.378	-10.328	0
35.38	-10.299	0
35.381	-10.269	0
35.383	-10.24	0
35.385	-10.211	0
35.386	-10.182	0
35.388	-10.153	0
35.39	-10.124	0
35.391	-10.094	0
35.393	-10.065	0
35.394	-10.036	0
35.396	-10.007	0
35.397	-9.9783	0
35.398	-9.9493	0
35.4	-9.9204	0
35.401	-9.8915	0
35.402	-9.8626	0
35.403	-9.8338	0
35.405	-9.8049	0
35.406	-9.7762	0
35.407	-9.7474	0
35.408	-9.7187	0
35.409	-9.69	0
35.41	-9.6614	0
35.411	-9.6327	0
35.412	-9.6041	0
35.412	-9.5756	0
35.413	-9.5471	0
35.414	-9.5186	0
35.415	-9.4901	0
35.415	-9.4617	0
35.416	-9.4333	0
35.417	-9.405	0
35.417	-9.3767	0
35.418	-9.3484	0
35.418	-9.3202	0
35.419	-9.292	0
35.419	-9.2639	0
35.42	-9.2358	0
35.42	-9.2077	0
35.42	-9.1797	0
35.42	-9.1517	0
35.421	-9.1238	0
35.421	-9.0959	0
35.421	-9.068	0
35.421	-9.0402	0
35.421	-9.0125	0
35.421	-8.9847	0
35.421	-8.9571	0
35.421	-8.9294	0
35.421	-8.9019	0
35.421	-8.8743	0
35.421	-8.8469	0
35.42	-8.8195	0
35.42	-8.7921	0
35.42	-8.7648	0
35.42	-8.7375	0
35.419	-8.7103	0
35.419	-8.6831	0
35.418	-8.656	0
35.418	-8.629	0
35.417	-8.602	0
35.417	-8.575	0
35.416	-8.5482	0
35.416	-8.5214	0
35.415	-8.4946	0
35.414	-8.4679	0
35.413	-8.4413	0
35.413	-8.4147	0
35.412	-8.3882	0
35.411	-8.3618	0
35.41	-8.3354	0
35.409	-8.3091	0
35.408	-8.2829	0
35.407	-8.2568	0
35.406	-8.2307	0
35.405	-8.2047	0
35.404	-8.1787	0
35.402	-8.1527	0
35.401	-8.1267	0
35.4	-8.1007	0
35.398	-8.0747	0
35.397	-8.0486	0
35.396	-8.0225	0
35.394	-7.9963	0
35.393	-7.9702	0
35.391	-7.944	0
35.39	-7.9178	0
35.388	-7.8916	0
35.386	-7.8653	0
35.385	-7.839	0
35.383	-7.8127	0
35.381	-7.7864	0
35.379	-7.7601	0
35.377	-7.7337	0
35.375	-7.7073	0
35.373	-7.6809	0
35.371	-7.6545	0
35.369	-7.628	0
35.367	-7.6015	0
35.365	-7.575	0
35.363	-7.5485	0
35.361	-7.5219	0
35.358	-7.4954	0
35.356	-7.4688	0
35.354	-7.4422	0
35.351	-7.4156	0
35.349	-7.3889	0
35.347	-7.3623	0
35.344	-7.3356	0
35.342	-7.3089	0
35.339	-7.2822	0
35.336	-7.2554	0
35.334	-7.2287	0
35.331	-7.2019	0
35.328	-7.1751	0
35.325	-7.1483	0
35.323	-7.1215	0
35.32	-7.0947	0
35.317	-7.0679	0
35.314	-7.041	0
35.311	-7.0141	0
35.308	-6.9872	0
35.305	-6.9603	0
35.302	-6.9334	0
35.298	-6.9065	0
35.295	-6.8796	0
35.292	-6.8526	0
35.289	-6.8256	0
35.285	-6.7987	0
35.282	-6.7717	0
35.279	-6.7447	0
35.275	-6.7177	0
35.272	-6.6907	0
35.268	-6.6637	0
35.265	-6.6366	0
35.261	-6.6096	0
35.258	-6.5826	0
35.254	-6.5555	0
35.25	-6.5284	0
35.246	-6.5014	0
35.243	-6.4743	0
35.239	-6.4473	0
35.235	-6.4202	0
35.231	-6.3931	0
35.227	-6.366	0
35.223	-6.3389	0
35.219	-6.3119	0
35.215	-6.2848	0
35.211	-6.2577	0
35.207	-6.2306	0
35.203	-6.2035	0
35.199	-6.1765	0
35.195	-6.1494	0
35.19	-6.1223	0
35.186	-6.0953	0
35.182	-6.0682	0
35.177	-6.0412	0
35.173	-6.0142	0
35.169	-5.9871	0
35.164	-5.9601	0
35.16	-5.9331	0
35.155	-5.9061	0
35.151	-5.8792	0
35.146	-5.8522	0
35.141	-5.8253	0
35.137	-5.7983	0
35.132	-5.7714	0
35.127	-5.7446	0
35.122	-5.7177	0
35.118	-5.6909	0
35.113	-5.6641	0
35.108	-5.6373	0
35.103	-5.6106	0
35.098	-5.5838	0
35.093	-5.5572	0
35.088	-5.5305	0
35.083	-5.5039	0
35.078	-5.4774	0
35.073	-5.4508	0
35.068	-5.4244	0
35.063	-5.3979	0
35.058	-5.3715	0
35.053	-5.3452	0
35.048	-5.319	0
35.042	-5.2927	0
35.037	-5.2666	0
35.032	-5.2405	0
35.027	-5.2145	0
35.021	-5.1886	0
35.016	-5.1627	0
35.011	-5.137	0
35.005	-5.1113	0
35	-5.0857	0
34.994	-5.0602	0
34.989	-5.0348	0
34.984	-5.0095	0
34.978	-4.9843	0
34.973	-4.9592	0
34.967	-4.9343	0
34.962	-4.9095	0
34.956	-4.8848	0
34.951	-4.8603	0
34.945	-4.8359	0
34.94	-4.8117	0
34.934	-4.7877	0
34.929	-4.7639	0
34.923	-4.7402	0
34.918	-4.7168	0
34.912	-4.6935	0
34.907	-4.6705	0
34.901	-4.6477	0
34.896	-4.6252	0
34.891	-4.603	0
34.885	-4.581	0
34.88	-4.5594	0
34.875	-4.5381	0
34.869	-4.5171	0
34.864	-4.4965	0
34.859	-4.4763	0
34.854	-4.4565	0
34.849	-4.4371	0
34.844	-4.4183	0
34.839	-4.3999	0
34.835	-4.3821	0
34.829	-4.3613	0
34.822	-4.3355	0
34.815	-4.3089	0
34.808	-4.2836	0
34.801	-4.2586	0
34.794	-4.2338	0
34.787	-4.2092	0
34.781	-4.1849	0
34.774	-4.161	0
34.767	-4.1373	0
34.761	-4.114	0
34.754	-4.0911	0
34.748	-4.0686	0
34.741	-4.0464	0
34.735	-4.024	0
34.728	-4.0014	0
34.722	-3.9792	0
34.715	-3.957	0
34.708	-3.9334	0
34.701	-3.9084	0
34.693	-3.8833	0
34.686	-3.8581	0
34.677	-3.8308	0
34.668	-3.8011	0
34.659	-3.7709	0
34.65	-3.7402	0
34.639	-3.7066	0
34.628	-3.6699	0
34.616	-3.6319	0
34.604	-3.5923	0
34.591	-3.5487	0
34.576	-3.5004	0
34.56	-3.4493	0
34.544	-3.3949	0
34.526	-3.3343	0
34.506	-3.2666	0
34.484	-3.1932	0
34.461	-3.1135	0
34.436	-3.0239	0
34.408	-2.9229	0
34.378	-2.8114	0
34.347	-2.688	0
34.312	-2.5488	0
34.276	-2.3915	0
34.237	-2.2163	0
34.198	-2.0218	0
34.158	-1.8043	0
34.119	-1.5629	0
34.083	-1.299	0
34.051	-1.014	0
34.025	-0.70912	0
34.008	-0.38866	0
34	-0.057367	0
34.003	0.27695	0
34.016	0.60834	0
34.039	0.93058	0
34.069	1.2383	0
34.107	1.5273	0
34.148	1.7946	0
34.192	2.0391	0
34.237	2.2611	0
34.282	2.4613	0
34.325	2.6402	0
34.366	2.7995	0
34.404	2.9422	0
34.44	3.0701	0
34.473	3.1836	0
34.504	3.2845	0
34.532	3.3754	0
34.558	3.4574	0
34.581	3.5304	0
34.602	3.5955	0
34.622	3.6547	0
34.64	3.7087	0
34.656	3.7568	0
34.67	3.7997	0
34.684	3.8389	0
34.696	3.8752	0
34.707	3.9091	0
34.718	3.941	0
34.728	3.9712	0
34.738	3.9998	0
34.747	4.0271	0
34.756	4.0533	0
34.764	4.0784	0
34.773	4.1027	0
34.78	4.1263	0
34.788	4.1493	0
34.796	4.1717	0
34.803	4.1937	0
34.81	4.2153	0
34.817	4.2366	0
34.824	4.2577	0
34.83	4.2785	0
34.837	4.2992	0
34.844	4.3198	0
34.85	4.3403	0
34.857	4.3608	0
34.863	4.3812	0
34.87	4.4017	0
34.876	4.4223	0
34.882	4.4428	0
34.889	4.4635	0
34.895	4.4843	0
34.901	4.5052	0
34.908	4.5263	0
34.914	4.5475	0
34.921	4.5689	0
34.927	4.5904	0
34.934	4.6122	0
34.94	4.6341	0
34.947	4.6563	0
34.953	4.6786	0
34.96	4.7013	0
34.966	4.7241	0
34.973	4.7472	0
34.98	4.7705	0
34.986	4.7941	0
34.993	4.818	0
35	4.8421	0
35.007	4.8665	0
35.014	4.8911	0
35.021	4.9161	0
35.028	4.9413	0
35.035	4.9668	0
35.042	4.9926	0
35.049	5.0187	0
35.056	5.0451	0
35.063	5.0718	0
35.071	5.0988	0
35.078	5.126	0
35.085	5.1536	0
35.093	5.1815	0
35.1	5.2097	0
35.108	5.2382	0
35.116	5.267	0
35.123	5.2962	0
35.131	5.3256	0
35.139	5.3554	0
35.147	5.3854	0
35.155	5.4158	0
35.163	5.4465	0
35.171	5.4775	0
35.179	5.5088	0
35.187	5.5404	0
35.196	5.5724	0
35.204	5.6046	0
35.212	5.6372	0
35.221	5.6701	0
35.229	5.7033	0
35.238	5.7368	0
35.247	5.7706	0
35.256	5.8047	0
35.265	5.8392	0
35.274	5.8739	0
35.283	5.909	0
35.292	5.9443	0
35.301	5.98	0
35.31	6.016	0
35.32	6.0523	0
35.329	6.0888	0
35.339	6.1257	0
35.348	6.1628	0
35.358	6.2001	0
35.368	6.237	0
35.377	6.2737	0
35.387	6.3102	0
35.396	6.3464	0
35.405	6.3824	0
35.415	6.4183	0
35.424	6.4539	0
35.433	6.4894	0
35.443	6.5247	0
35.452	6.5597	0
35.461	6.5946	0
35.47	6.6294	0
35.479	6.6639	0
35.488	6.6983	0
35.497	6.7325	0
35.506	6.7665	0
35.515	6.8005	0
35.524	6.8342	0
35.533	6.8679	0
35.541	6.9014	0
35.55	6.9347	0
35.559	6.9679	0
35.567	7.001	0
35.576	7.034	0
35.585	7.0668	0
35.593	7.0996	0
35.602	7.1322	0
35.61	7.1647	0
35.618	7.1971	0
35.627	7.2294	0
35.635	7.2616	0
35.644	7.2937	0
35.652	7.3257	0
35.66	7.3576	0
35.668	7.3895	0
35.677	7.4212	0
35.685	7.4529	0
35.693	7.4844	0
35.701	7.5159	0
35.709	7.5474	0
35.717	7.5787	0
35.725	7.61	0
35.733	7.6412	0
35.741	7.6723	0
35.749	7.7034	0
35.757	7.7344	0
35.765	7.7653	0
35.772	7.7962	0
35.78	7.8271	0
35.788	7.8578	0
35.796	7.8885	0
35.803	7.9191	0
35.811	7.9498	0
35.819	7.9803	0
35.826	8.0108	0
35.834	8.0413	0
35.841	8.0717	0
35.849	8.1021	0
35.856	8.1324	0
35.864	8.1627	0
35.871	8.193	0
35.879	8.2232	0
35.886	8.2533	0
35.894	8.2835	0
35.901	8.3136	0
35.908	8.3436	0
35.915	8.3737	0
35.923	8.4037	0
35.93	8.4336	0
35.937	8.4636	0
35.944	8.4935	0
35.951	8.5234	0
35.959	8.5532	0
35.966	8.5831	0
35.973	8.6129	0
35.98	8.6426	0
35.987	8.6724	0
35.994	8.7021	0
36.001	8.7319	0
36.008	8.7616	0
36.015	8.7912	0
36.022	8.8209	0
36.029	8.8505	0
36.035	8.8802	0
36.042	8.9098	0
36.049	8.9394	0
36.056	8.9689	0
36.063	8.9985	0
36.069	9.0281	0
36.076	9.0576	0
36.083	9.0871	0
36.089	9.1166	0
36.096	9.1461	0
36.103	9.1756	0
36.109	9.2051	0
36.116	9.2346	0
36.122	9.264	0
36.129	9.2935	0
36.135	9.323	0
36.142	9.3524	0
36.148	9.3818	0
36.155	9.4113	0
36.161	9.4407	0
36.167	9.4701	0
36.174	9.4995	0
36.18	9.5289	0
36.186	9.5583	0
36.193	9.5877	0
36.199	9.6171	0
36.205	9.6465	0
36.211	9.6759	0
36.218	9.7053	0
36.224	9.7346	0
36.23	9.764	0
36.236	9.7934	0
36.242	9.8228	0
36.248	9.8522	0
36.254	9.8815	0
36.26	9.9109	0
36.266	9.9403	0
36.272	9.9697	0
36.278	9.9991	0
36.284	10.028	0
36.29	10.058	0
36.296	10.087	0
36.302	10.117	0
36.308	10.146	0
36.314	10.175	0
36.319	10.205	0
36.325	10.234	0
36.331	10.264	0
36.337	10.293	0
36.342	10.322	0
36.348	10.352	0
36.354	10.381	0
36.359	10.411	0
36.365	10.44	0
36.37	10.47	0
36.376	10.499	0
36.382	10.528	0
36.387	10.558	0
36.393	10.587	0
36.398	10.617	0
36.403	10.646	0
36.409	10.676	0
36.414	10.705	0
36.42	10.735	0
36.425	10.764	0
36.43	10.794	0
36.436	10.823	0
36.441	10.853	0
36.446	10.882	0
36.451	10.912	0
36.457	10.941	0
36.462	10.971	0
36.467	11	0
36.472	11.03	0
36.477	11.059	0
36.482	11.089	0
36.487	11.118	0
36.492	11.148	0
36.497	11.177	0
36.502	11.207	0
36.507	11.236	0
36.512	11.266	0
36.517	11.296	0
36.522	11.325	0
36.527	11.355	0
36.532	11.384	0
36.537	11.414	0
36.541	11.443	0
36.546	11.473	0
36.551	11.503	0
36.556	11.532	0
36.56	11.562	0
36.565	11.592	0
36.57	11.621	0
36.574	11.651	0
36.579	11.681	0
36.583	11.71	0
36.588	11.74	0
36.592	11.769	0
36.597	11.799	0
36.601	11.829	0
36.606	11.858	0
36.61	11.888	0
36.614	11.918	0
36.619	11.948	0
36.623	11.977	0
36.627	12.007	0
36.632	12.037	0
36.636	12.066	0
36.64	12.096	0
36.644	12.126	0
36.649	12.155	0
36.653	12.185	0
36.657	12.215	0
36.661	12.245	0
36.665	12.274	0
36.669	12.304	0
36.673	12.334	0
36.677	12.363	0
36.681	12.393	0
36.685	12.423	0
36.689	12.453	0
36.693	12.482	0
36.696	12.512	0
36.7	12.542	0
36.704	12.572	0
36.708	12.601	0
36.712	12.631	0
36.715	12.661	0
36.719	12.691	0
36.723	12.72	0
36.726	12.75	0
36.73	12.78	0
36.733	12.81	0
36.737	12.839	0
36.74	12.869	0
36.744	12.899	0
36.747	12.929	0
36.751	12.959	0
36.754	12.988	0
36.758	13.018	0
36.761	13.048	0
36.764	13.078	0
36.767	13.108	0
36.771	13.137	0
36.774	13.167	0
36.777	13.197	0
36.78	13.227	0
36.783	13.257	0
36.786	13.286	0
36.79	13.316	0
36.793	13.347	0
36.796	13.377	0
36.799	13.406	0
36.801	13.435	0
36.804	13.464	0
36.807	13.493	0
36.81	13.522	0
36.813	13.551	0
36.815	13.58	0
36.818	13.61	0
36.821	13.639	0
36.823	13.668	0
36.826	13.697	0
36.828	13.726	0
36.831	13.755	0
36.833	13.785	0
36.836	13.814	0
36.838	13.843	0
36.841	13.872	0
36.843	13.901	0
36.845	13.931	0
36.848	13.96	0
36.85	13.989	0
36.852	14.018	0
36.854	14.048	0
36.856	14.077	0
36.858	14.106	0
36.861	14.136	0
36.863	14.165	0
36.865	14.194	0
36.867	14.224	0
36.869	14.253	0
36.87	14.283	0
36.872	14.312	0
36.874	14.341	0
36.876	14.371	0
36.878	14.4	0
36.879	14.43	0
36.881	14.459	0
36.883	14.489	0
36.884	14.519	0
36.886	14.548	0
36.888	14.578	0
36.889	14.607	0
36.891	14.637	0
36.892	14.667	0
36.893	14.696	0
36.895	14.726	0
36.896	14.756	0
36.897	14.785	0
36.899	14.815	0
36.9	14.845	0
36.901	14.875	0
36.902	14.904	0
36.903	14.934	0
36.905	14.964	0
36.906	14.994	0
36.907	15.024	0
36.908	15.054	0
36.909	15.084	0
36.909	15.114	0
36.91	15.144	0
36.911	15.174	0
36.912	15.204	0
36.913	15.234	0
36.913	15.264	0
36.914	15.294	0
36.915	15.324	0
36.915	15.354	0
36.916	15.384	0
36.917	15.414	0
36.917	15.444	0
36.917	15.475	0
36.918	15.505	0
36.918	15.535	0
36.919	15.565	0
36.919	15.596	0
36.919	15.626	0
36.92	15.656	0
36.92	15.687	0
36.92	15.717	0
36.92	15.748	0
36.92	15.778	0
36.92	15.808	0
36.92	15.839	0
36.92	15.869	0
36.92	15.9	0
36.92	15.931	0
36.92	15.961	0
36.92	15.992	0
36.92	16.022	0
36.919	16.053	0
36.919	16.084	0
36.919	16.114	0
36.918	16.145	0
36.918	16.176	0
36.918	16.207	0
36.917	16.237	0
36.917	16.268	0
36.916	16.299	0
36.915	16.33	0
36.915	16.361	0
36.914	16.392	0
36.914	16.423	0
36.913	16.454	0
36.912	16.484	0
36.911	16.515	0
36.91	16.547	0
36.909	16.578	0
36.909	16.609	0
36.908	16.64	0
36.907	16.671	0
36.905	16.702	0
36.904	16.733	0
36.903	16.764	0
36.902	16.796	0
36.901	16.827	0
36.9	16.858	0
36.898	16.889	0
36.897	16.921	0
36.896	16.952	0
36.894	16.983	0
36.893	17.015	0
36.891	17.046	0
36.89	17.078	0
36.888	17.109	0
36.887	17.141	0
36.885	17.172	0
36.883	17.204	0
36.882	17.235	0
36.88	17.267	0
36.878	17.298	0
36.876	17.33	0
36.875	17.362	0
36.873	17.393	0
36.871	17.425	0
36.869	17.457	0
36.867	17.489	0
36.865	17.52	0
36.863	17.552	0
36.86	17.584	0
36.858	17.616	0
36.856	17.648	0
36.854	17.68	0
36.851	17.712	0
36.849	17.743	0
36.847	17.775	0
36.844	17.807	0
36.842	17.839	0
36.839	17.871	0
36.837	17.903	0
36.834	17.935	0
36.832	17.967	0
36.829	18	0
36.826	18.032	0
36.824	18.064	0
36.821	18.096	0
36.818	18.128	0
36.815	18.16	0
36.812	18.192	0
36.809	18.225	0
36.807	18.257	0
36.804	18.289	0
36.8	18.321	0
36.797	18.354	0
36.794	18.386	0
36.791	18.418	0
36.788	18.45	0
36.785	18.483	0
36.781	18.515	0
36.778	18.547	0
36.775	18.58	0
36.771	18.612	0
36.768	18.645	0
36.765	18.677	0
36.761	18.709	0
36.757	18.742	0
36.754	18.774	0
36.75	18.807	0
36.747	18.839	0
36.743	18.872	0
36.739	18.904	0
36.735	18.937	0
36.732	18.97	0
36.728	19.002	0
36.724	19.035	0
36.72	19.067	0
36.716	19.1	0
36.712	19.132	0
36.708	19.165	0
36.704	19.198	0
36.699	19.23	0
36.695	19.263	0
36.691	19.296	0
36.687	19.328	0
36.683	19.361	0
36.678	19.394	0
36.674	19.427	0
36.669	19.459	0
36.665	19.492	0
36.66	19.525	0
36.656	19.558	0
36.651	19.59	0
36.647	19.623	0
36.642	19.656	0
36.637	19.689	0
36.633	19.722	0
36.628	19.755	0
36.623	19.787	0
36.618	19.82	0
36.613	19.853	0
36.608	19.886	0
36.603	19.919	0
36.598	19.952	0
36.593	19.985	0
36.588	20.018	0
36.583	20.051	0
36.578	20.084	0
36.572	20.117	0
36.567	20.15	0
36.562	20.183	0
36.556	20.216	0
36.551	20.249	0
36.546	20.282	0
36.54	20.315	0
36.535	20.348	0
36.529	20.381	0
36.523	20.414	0
36.518	20.447	0
36.512	20.48	0
36.506	20.513	0
36.501	20.546	0
36.495	20.579	0
36.489	20.612	0
36.483	20.645	0
36.477	20.679	0
36.471	20.712	0
36.465	20.745	0
36.459	20.778	0
36.453	20.811	0
36.447	20.844	0
36.44	20.877	0
36.434	20.911	0
36.428	20.944	0
36.422	20.977	0
36.415	21.01	0
36.409	21.044	0
36.402	21.077	0
36.396	21.11	0
36.389	21.143	0
36.383	21.176	0
36.376	21.21	0
36.369	21.243	0
36.363	21.276	0
36.356	21.31	0
36.349	21.343	0
36.342	21.376	0
36.335	21.41	0
36.329	21.443	0
36.322	21.476	0
36.315	21.51	0
36.307	21.543	0
36.3	21.576	0
36.293	21.61	0
36.286	21.643	0
36.279	21.677	0
36.271	21.71	0
36.264	21.744	0
36.257	21.777	0
36.249	21.81	0
36.242	21.844	0
36.234	21.877	0
36.227	21.911	0
36.219	21.945	0
36.212	21.978	0
36.204	22.012	0
36.196	22.045	0
36.188	22.079	0
36.181	22.112	0
36.173	22.146	0
36.165	22.179	0
36.157	22.213	0
36.149	22.247	0
36.141	22.28	0
36.133	22.314	0
36.125	22.348	0
36.116	22.381	0
36.108	22.415	0
36.1	22.449	0
36.092	22.482	0
36.083	22.516	0
36.075	22.55	0
36.066	22.583	0
36.058	22.617	0
36.049	22.651	0
36.041	22.685	0
36.032	22.718	0
36.024	22.752	0
36.015	22.786	0
36.006	22.82	0
35.997	22.853	0
35.989	22.887	0
35.98	22.921	0
35.971	22.955	0
35.962	22.989	0
35.953	23.022	0
35.944	23.056	0
35.935	23.09	0
35.926	23.124	0
35.916	23.158	0
35.907	23.192	0
35.898	23.225	0
35.889	23.259	0
35.879	23.293	0
35.87	23.327	0
35.86	23.361	0
35.851	23.395	0
35.841	23.429	0
35.832	23.463	0
35.822	23.497	0
35.813	23.531	0
35.803	23.564	0
35.793	23.598	0
35.783	23.632	0
35.774	23.666	0
35.764	23.7	0
35.754	23.734	0
35.744	23.768	0
35.734	23.802	0
35.724	23.836	0
35.714	23.87	0
35.703	23.904	0
35.693	23.938	0
35.683	23.972	0
35.673	24.006	0
35.663	24.04	0
35.652	24.074	0
35.642	24.108	0
35.631	24.142	0
35.621	24.176	0
35.61	24.21	0
35.6	24.244	0
35.589	24.278	0
35.578	24.312	0
35.568	24.346	0
35.557	24.38	0
35.546	24.414	0
35.535	24.448	0
35.525	24.482	0
35.514	24.516	0
35.503	24.55	0
35.492	24.584	0
35.481	24.618	0
35.47	24.652	0
35.458	24.686	0
35.447	24.72	0
35.436	24.754	0
35.425	24.789	0
35.413	24.823	0
35.402	24.857	0
35.391	24.891	0
35.379	24.925	0
35.368	24.959	0
35.356	24.993	0
35.345	25.027	0
35.333	25.061	0
35.321	25.095	0
35.31	25.129	0
35.298	25.163	0
35.286	25.198	0
35.274	25.232	0
35.262	25.266	0
35.25	25.3	0
35.239	25.334	0
35.227	25.368	0
35.214	25.402	0
35.202	25.436	0
35.19	25.47	0
35.178	25.504	0
35.166	25.538	0
35.154	25.573	0
35.141	25.607	0
35.129	25.641	0
35.117	25.675	0
35.104	25.709	0
35.092	25.743	0
35.079	25.777	0
35.066	25.811	0
35.054	25.845	0
35.041	25.88	0
35.029	25.914	0
35.016	25.948	0
35.003	25.982	0
34.99	26.016	0
34.977	26.05	0
34.964	26.084	0
34.951	26.118	0
34.938	26.152	0
34.925	26.186	0
34.912	26.221	0
34.899	26.255	0
34.886	26.289	0
34.873	26.323	0
34.859	26.357	0
34.846	26.391	0
34.833	26.425	0
34.819	26.459	0
34.806	26.493	0
34.792	26.528	0
34.779	26.562	0
34.765	26.596	0
34.752	26.63	0
34.738	26.664	0
34.724	26.698	0
34.71	26.732	0
34.697	26.766	0
34.683	26.8	0
34.669	26.834	0
34.655	26.868	0
34.641	26.902	0
34.627	26.937	0
34.613	26.971	0
34.599	27.005	0
34.585	27.039	0
34.571	27.073	0
34.556	27.107	0
34.542	27.141	0
34.528	27.175	0
34.513	27.209	0
34.499	27.243	0
34.484	27.277	0
34.47	27.311	0
34.455	27.345	0
34.441	27.379	0
34.426	27.413	0
34.411	27.447	0
34.397	27.481	0
34.382	27.516	0
34.367	27.55	0
34.352	27.584	0
34.337	27.618	0
34.322	27.652	0
34.307	27.686	0
34.292	27.72	0
34.277	27.754	0
34.262	27.788	0
34.247	27.822	0
34.232	27.856	0
34.217	27.89	0
34.201	27.924	0
34.186	27.958	0
34.17	27.992	0
34.155	28.026	0
34.14	28.06	0
34.12	28.103	0
