-25.082	28.86	-0
-25.055	28.879	-0
-25.029	28.899	-0
-25.002	28.918	-0
-24.975	28.937	-0
-24.948	28.956	-0
-24.921	28.975	-0
-24.894	28.994	-0
-24.867	29.013	-0
-24.84	29.032	-0
-24.813	29.051	-0
-24.786	29.07	-0
-24.759	29.089	-0
-24.732	29.107	-0
-24.704	29.126	-0
-24.677	29.145	-0
-24.65	29.164	-0
-24.623	29.182	-0
-24.596	29.201	-0
-24.569	29.22	-0
-24.542	29.239	-0
-24.514	29.257	-0
-24.487	29.276	-0
-24.46	29.294	-0
-24.433	29.313	-0
-24.406	29.331	-0
-24.378	29.35	-0
-24.351	29.368	-0
-24.324	29.387	-0
-24.296	29.405	-0
-24.269	29.424	-0
-24.242	29.442	-0
-24.214	29.46	-0
-24.187	29.478	-0
-24.16	29.497	-0
-24.132	29.515	-0
-24.105	29.533	-0
-24.077	29.551	-0
-24.05	29.57	-0
-24.023	29.588	-0
-23.995	29.606	-0
-23.968	29.624	-0
-23.94	29.642	-0
-23.913	29.66	-0
-23.885	29.678	-0
-23.858	29.696	-0
-23.83	29.714	-0
-23.803	29.732	-0
-23.775	29.75	-0
-23.747	29.767	-0
-23.72	29.785	-0
-23.692	29.803	-0
-23.665	29.821	-0
-23.637	29.839	-0
-23.609	29.856	-0
-23.582	29.874	-0
-23.554	29.892	-0
-23.526	29.909	-0
-23.499	29.927	-0
-23.471	29.944	-0
-23.443	29.962	-0
-23.415	29.979	-0
-23.388	29.997	-0
-23.36	30.014	-0
-23.332	30.032	-0
-23.304	30.049	-0
-23.276	30.067	-0
-23.249	30.084	-0
-23.221	30.101	-0
-23.193	30.118	-0
-23.165	30.136	-0
-23.137	30.153	-0
-23.109	30.17	-0
-23.081	30.187	-0
-23.053	30.204	-0
-23.025	30.222	-0
-22.998	30.239	-0
-22.97	30.256	-0
-22.942	30.273	-0
-22.914	30.29	-0
-22.886	30.307	-0
-22.858	30.324	-0
-22.83	30.341	-0
-22.802	30.357	-0
-22.774	30.374	-0
-22.745	30.391	-0
-22.717	30.408	-0
-22.689	30.425	-0
-22.661	30.442	-0
-22.633	30.458	-0
-22.605	30.475	-0
-22.577	30.492	-0
-22.549	30.508	-0
-22.521	30.525	-0
-22.492	30.541	-0
-22.464	30.558	-0
-22.436	30.574	-0
-22.408	30.591	-0
-22.38	30.607	-0
-22.351	30.624	-0
-22.323	30.64	-0
-22.295	30.657	-0
-22.267	30.673	-0
-22.238	30.689	-0
-22.21	30.706	-0
-22.182	30.722	-0
-22.153	30.738	-0
-22.125	30.754	-0
-22.097	30.77	-0
-22.068	30.787	-0
-22.04	30.803	-0
-22.012	30.819	-0
-21.983	30.835	-0
-21.955	30.851	-0
-21.926	30.867	-0
-21.898	30.883	-0
-21.87	30.899	-0
-21.841	30.915	-0
-21.813	30.931	-0
-21.784	30.946	-0
-21.756	30.962	-0
-21.727	30.978	-0
-21.699	30.994	-0
-21.67	31.01	-0
-21.642	31.025	-0
-21.613	31.041	-0
-21.585	31.057	-0
-21.556	31.072	-0
-21.527	31.088	-0
-21.499	31.103	-0
-21.47	31.119	-0
-21.442	31.134	-0
-21.413	31.15	-0
-21.384	31.165	-0
-21.356	31.181	-0
-21.327	31.196	-0
-21.298	31.211	-0
-21.27	31.227	-0
-21.241	31.242	-0
-21.212	31.257	-0
-21.184	31.273	-0
-21.155	31.288	-0
-21.126	31.303	-0
-21.098	31.318	-0
-21.069	31.333	-0
-21.04	31.348	-0
-21.011	31.363	-0
-20.983	31.378	-0
-20.954	31.393	-0
-20.925	31.408	-0
-20.896	31.423	-0
-20.867	31.438	-0
-20.838	31.453	-0
-20.81	31.468	-0
-20.781	31.483	-0
-20.752	31.498	-0
-20.723	31.512	-0
-20.694	31.527	-0
-20.665	31.542	-0
-20.636	31.557	-0
-20.607	31.571	-0
-20.579	31.586	-0
-20.55	31.6	-0
-20.521	31.615	-0
-20.492	31.63	-0
-20.463	31.644	-0
-20.434	31.659	-0
-20.405	31.673	-0
-20.376	31.687	-0
-20.347	31.702	-0
-20.318	31.716	-0
-20.289	31.73	-0
-20.26	31.745	-0
-20.231	31.759	-0
-20.202	31.773	-0
-20.173	31.787	-0
-20.144	31.802	-0
-20.114	31.816	-0
-20.085	31.83	-0
-20.056	31.844	-0
-20.027	31.858	-0
-19.998	31.872	-0
-19.969	31.886	-0
-19.94	31.9	-0
-19.911	31.914	-0
-19.881	31.928	-0
-19.852	31.942	-0
-19.823	31.956	-0
-19.794	31.969	-0
-19.765	31.983	-0
-19.736	31.997	-0
-19.706	32.011	-0
-19.677	32.024	-0
-19.648	32.038	-0
-19.619	32.052	-0
-19.589	32.065	-0
-19.56	32.079	-0
-19.531	32.092	-0
-19.502	32.106	-0
-19.472	32.119	-0
-19.443	32.133	-0
-19.414	32.146	-0
-19.384	32.16	-0
-19.355	32.173	-0
-19.326	32.186	-0
-19.296	32.2	-0
-19.267	32.213	-0
-19.238	32.226	-0
-19.208	32.239	-0
-19.179	32.253	-0
-19.15	32.266	-0
-19.12	32.279	-0
-19.091	32.292	-0
-19.062	32.305	-0
-19.032	32.318	-0
-19.003	32.331	-0
-18.973	32.344	-0
-18.944	32.357	-0
-18.914	32.37	-0
-18.885	32.383	-0
-18.856	32.396	-0
-18.826	32.408	-0
-18.797	32.421	-0
-18.767	32.434	-0
-18.738	32.447	-0
-18.708	32.459	-0
-18.679	32.472	-0
-18.649	32.485	-0
-18.62	32.497	-0
-18.59	32.51	-0
-18.561	32.522	-0
-18.531	32.535	-0
-18.501	32.547	-0
-18.472	32.56	-0
-18.442	32.572	-0
-18.413	32.585	-0
-18.383	32.597	-0
-18.354	32.609	-0
-18.324	32.622	-0
-18.294	32.634	-0
-18.265	32.646	-0
-18.235	32.658	-0
-18.206	32.671	-0
-18.176	32.683	-0
-18.146	32.695	-0
-18.117	32.707	-0
-18.087	32.719	-0
-18.057	32.731	-0
-18.028	32.743	-0
-17.998	32.755	-0
-17.968	32.767	-0
-17.939	32.779	-0
-17.909	32.791	-0
-17.879	32.802	-0
-17.85	32.814	-0
-17.82	32.826	-0
-17.79	32.838	-0
-17.76	32.849	-0
-17.731	32.861	-0
-17.701	32.873	-0
-17.671	32.884	-0
-17.642	32.896	-0
-17.612	32.908	-0
-17.582	32.919	-0
-17.552	32.931	-0
-17.522	32.942	-0
-17.493	32.953	-0
-17.463	32.965	-0
-17.433	32.976	-0
-17.403	32.988	-0
-17.374	32.999	-0
-17.344	33.01	-0
-17.314	33.021	-0
-17.284	33.033	-0
-17.254	33.044	-0
-17.224	33.055	-0
-17.195	33.066	-0
-17.165	33.077	-0
-17.135	33.088	-0
-17.105	33.099	-0
-17.075	33.11	-0
-17.045	33.121	-0
-17.015	33.132	-0
-16.986	33.143	-0
-16.956	33.154	-0
-16.926	33.165	-0
-16.896	33.176	-0
-16.866	33.186	-0
-16.836	33.197	-0
-16.806	33.208	-0
-16.776	33.218	-0
-16.746	33.229	-0
-16.717	33.24	-0
-16.687	33.25	-0
-16.657	33.261	-0
-16.627	33.271	-0
-16.597	33.282	-0
-16.567	33.292	-0
-16.537	33.303	-0
-16.507	33.313	-0
-16.477	33.324	-0
-16.447	33.334	-0
-16.417	33.344	-0
-16.387	33.354	-0
-16.357	33.365	-0
-16.327	33.375	-0
-16.297	33.385	-0
-16.267	33.395	-0
-16.237	33.405	-0
-16.207	33.415	-0
-16.177	33.425	-0
-16.147	33.435	-0
-16.117	33.445	-0
-16.087	33.455	-0
-16.057	33.465	-0
-16.027	33.475	-0
-15.997	33.485	-0
-15.967	33.495	-0
-15.937	33.505	-0
-15.907	33.514	-0
-15.877	33.524	-0
-15.847	33.534	-0
-15.817	33.544	-0
-15.787	33.553	-0
-15.757	33.563	-0
-15.727	33.572	-0
-15.697	33.582	-0
-15.667	33.591	-0
-15.637	33.601	-0
-15.607	33.61	-0
-15.576	33.62	-0
-15.546	33.629	-0
-15.516	33.638	-0
-15.486	33.648	-0
-15.456	33.657	-0
-15.426	33.666	-0
-15.396	33.676	-0
-15.366	33.685	-0
-15.336	33.694	-0
-15.306	33.703	-0
-15.276	33.712	-0
-15.246	33.721	-0
-15.215	33.73	-0
-15.185	33.739	-0
-15.155	33.748	-0
-15.125	33.757	-0
-15.095	33.766	-0
-15.065	33.775	-0
-15.035	33.784	-0
-15.005	33.792	-0
-14.975	33.801	-0
-14.944	33.81	-0
-14.914	33.819	-0
-14.884	33.827	-0
-14.854	33.836	-0
-14.824	33.845	-0
-14.794	33.853	-0
-14.764	33.862	-0
-14.734	33.87	-0
-14.703	33.879	-0
-14.673	33.887	-0
-14.643	33.895	-0
-14.613	33.904	-0
-14.583	33.912	-0
-14.553	33.921	-0
-14.523	33.929	-0
-14.492	33.937	-0
-14.462	33.945	-0
-14.432	33.953	-0
-14.402	33.962	-0
-14.372	33.97	-0
-14.342	33.978	-0
-14.312	33.986	-0
-14.282	33.994	-0
-14.251	34.002	-0
-14.221	34.01	-0
-14.191	34.018	-0
-14.161	34.026	-0
-14.131	34.033	-0
-14.101	34.041	-0
-14.07	34.049	-0
-14.04	34.057	-0
-14.01	34.064	-0
-13.98	34.072	-0
-13.95	34.08	-0
-13.92	34.087	-0
-13.89	34.095	-0
-13.859	34.103	-0
-13.829	34.11	-0
-13.799	34.118	-0
-13.769	34.125	-0
-13.739	34.132	-0
-13.709	34.14	-0
-13.679	34.147	-0
-13.648	34.155	-0
-13.618	34.162	-0
-13.588	34.169	-0
-13.558	34.176	-0
-13.528	34.184	-0
-13.498	34.191	-0
-13.468	34.198	-0
-13.438	34.205	-0
-13.407	34.212	-0
-13.377	34.219	-0
-13.347	34.226	-0
-13.317	34.233	-0
-13.287	34.24	-0
-13.257	34.247	-0
-13.227	34.254	-0
-13.197	34.26	-0
-13.166	34.267	-0
-13.136	34.274	-0
-13.106	34.281	-0
-13.076	34.287	-0
-13.046	34.294	-0
-13.016	34.301	-0
-12.986	34.307	-0
-12.956	34.314	-0
-12.926	34.32	-0
-12.896	34.327	-0
-12.865	34.333	-0
-12.835	34.34	-0
-12.805	34.346	-0
-12.775	34.352	-0
-12.745	34.359	-0
-12.715	34.365	-0
-12.685	34.371	-0
-12.655	34.377	-0
-12.625	34.384	-0
-12.595	34.39	-0
-12.565	34.396	-0
-12.535	34.402	-0
-12.505	34.408	-0
-12.475	34.414	-0
-12.445	34.42	-0
-12.415	34.426	-0
-12.385	34.432	-0
-12.355	34.438	-0
-12.325	34.444	-0
-12.295	34.449	-0
-12.265	34.455	-0
-12.235	34.461	-0
-12.205	34.467	-0
-12.175	34.472	-0
-12.145	34.478	-0
-12.115	34.484	-0
-12.085	34.489	-0
-12.055	34.495	-0
-12.025	34.5	-0
-11.995	34.506	-0
-11.965	34.511	-0
-11.935	34.516	-0
-11.905	34.522	-0
-11.875	34.527	-0
-11.845	34.532	-0
-11.815	34.538	-0
-11.785	34.543	-0
-11.755	34.548	-0
-11.725	34.553	-0
-11.696	34.558	-0
-11.666	34.563	-0
-11.636	34.569	-0
-11.606	34.574	-0
-11.576	34.579	-0
-11.546	34.584	-0
-11.516	34.588	-0
-11.486	34.593	-0
-11.457	34.598	-0
-11.427	34.603	-0
-11.397	34.608	-0
-11.367	34.612	-0
-11.337	34.617	-0
-11.308	34.622	-0
-11.278	34.626	-0
-11.248	34.631	-0
-11.218	34.636	-0
-11.189	34.64	-0
-11.159	34.645	-0
-11.129	34.649	-0
-11.099	34.654	-0
-11.07	34.658	-0
-11.04	34.662	-0
-11.01	34.667	-0
-10.981	34.671	-0
-10.951	34.675	-0
-10.921	34.679	-0
-10.892	34.684	-0
-10.862	34.688	-0
-10.832	34.692	-0
-10.803	34.696	-0
-10.773	34.7	-0
-10.744	34.704	-0
-10.714	34.708	-0
-10.684	34.712	-0
-10.655	34.716	-0
-10.625	34.72	-0
-10.596	34.723	-0
-10.566	34.727	-0
-10.537	34.731	-0
-10.507	34.735	-0
-10.478	34.738	-0
-10.448	34.742	-0
-10.419	34.746	-0
-10.389	34.749	-0
-10.36	34.753	-0
-10.331	34.756	-0
-10.301	34.76	-0
-10.272	34.763	-0
-10.242	34.766	-0
-10.213	34.77	-0
-10.184	34.773	-0
-10.154	34.776	-0
-10.125	34.78	-0
-10.096	34.783	-0
-10.067	34.786	-0
-10.037	34.789	-0
-10.008	34.792	-0
-9.9788	34.795	-0
-9.9496	34.798	-0
-9.9204	34.801	-0
-9.8913	34.804	-0
-9.8621	34.807	-0
-9.833	34.81	-0
-9.8039	34.813	-0
-9.7748	34.816	-0
-9.7457	34.819	-0
-9.7167	34.821	-0
-9.6876	34.824	-0
-9.6586	34.827	-0
-9.6296	34.829	-0
-9.6006	34.832	-0
-9.5717	34.834	-0
-9.5427	34.837	-0
-9.5138	34.839	-0
-9.4849	34.842	-0
-9.4561	34.844	-0
-9.4272	34.847	-0
-9.3984	34.849	-0
-9.3696	34.851	-0
-9.3408	34.854	-0
-9.312	34.856	-0
-9.2833	34.858	-0
-9.2546	34.86	-0
-9.2259	34.862	-0
-9.1973	34.864	-0
-9.1686	34.866	-0
-9.14	34.868	-0
-9.1114	34.87	-0
-9.0829	34.872	-0
-9.0544	34.874	-0
-9.0259	34.876	-0
-8.9974	34.878	-0
-8.9689	34.88	-0
-8.9405	34.881	-0
-8.9121	34.883	-0
-8.8838	34.885	-0
-8.8554	34.886	-0
-8.8271	34.888	-0
-8.7989	34.889	-0
-8.7706	34.891	-0
-8.7424	34.892	-0
-8.7143	34.894	-0
-8.6861	34.895	-0
-8.658	34.897	-0
-8.6299	34.898	-0
-8.6019	34.899	-0
-8.5739	34.9	-0
-8.5459	34.902	-0
-8.518	34.903	-0
-8.4901	34.904	-0
-8.4622	34.905	-0
-8.4344	34.906	-0
-8.4066	34.907	-0
-8.3789	34.908	-0
-8.3512	34.909	-0
-8.3235	34.91	-0
-8.2959	34.911	-0
-8.2683	34.912	-0
-8.2408	34.912	-0
-8.2133	34.913	-0
-8.1858	34.914	-0
-8.1584	34.915	-0
-8.131	34.915	-0
-8.1037	34.916	-0
-8.0765	34.916	-0
-8.0492	34.917	-0
-8.0221	34.917	-0
-7.9949	34.918	-0
-7.9678	34.918	-0
-7.9408	34.919	-0
-7.9138	34.919	-0
-7.8869	34.919	-0
-7.86	34.919	-0
-7.8332	34.92	-0
-7.8065	34.92	-0
-7.7798	34.92	-0
-7.7531	34.92	-0
-7.7265	34.92	-0
-7.7	34.92	-0
-7.6735	34.92	-0
-7.6471	34.92	-0
-7.6207	34.92	-0
-7.5942	34.92	-0
-7.5677	34.92	-0
-7.5412	34.919	-0
-7.5147	34.919	-0
-7.4882	34.919	-0
-7.4617	34.918	-0
-7.4351	34.918	-0
-7.4085	34.918	-0
-7.382	34.917	-0
-7.3553	34.917	-0
-7.3287	34.916	-0
-7.3021	34.916	-0
-7.2754	34.915	-0
-7.2488	34.914	-0
-7.2221	34.914	-0
-7.1954	34.913	-0
-7.1687	34.912	-0
-7.142	34.911	-0
-7.1152	34.911	-0
-7.0885	34.91	-0
-7.0617	34.909	-0
-7.0349	34.908	-0
-7.0081	34.907	-0
-6.9813	34.906	-0
-6.9545	34.905	-0
-6.9277	34.904	-0
-6.9008	34.903	-0
-6.874	34.901	-0
-6.8471	34.9	-0
-6.8202	34.899	-0
-6.7933	34.898	-0
-6.7664	34.896	-0
-6.7395	34.895	-0
-6.7126	34.894	-0
-6.6857	34.892	-0
-6.6587	34.891	-0
-6.6318	34.889	-0
-6.6048	34.888	-0
-6.5778	34.886	-0
-6.5509	34.885	-0
-6.5239	34.883	-0
-6.4969	34.881	-0
-6.4699	34.88	-0
-6.4429	34.878	-0
-6.4159	34.876	-0
-6.3888	34.874	-0
-6.3618	34.872	-0
-6.3348	34.87	-0
-6.3077	34.868	-0
-6.2807	34.867	-0
-6.2536	34.865	-0
-6.2265	34.862	-0
-6.1995	34.86	-0
-6.1724	34.858	-0
-6.1453	34.856	-0
-6.1183	34.854	-0
-6.0912	34.852	-0
-6.0641	34.85	-0
-6.037	34.847	-0
-6.0099	34.845	-0
-5.9829	34.843	-0
-5.9558	34.84	-0
-5.9287	34.838	-0
-5.9016	34.835	-0
-5.8745	34.833	-0
-5.8475	34.83	-0
-5.8204	34.828	-0
-5.7933	34.825	-0
-5.7662	34.823	-0
-5.7392	34.82	-0
-5.7121	34.817	-0
-5.685	34.814	-0
-5.658	34.812	-0
-5.631	34.809	-0
-5.6039	34.806	-0
-5.5769	34.803	-0
-5.5499	34.8	-0
-5.5229	34.797	-0
-5.4959	34.794	-0
-5.4689	34.791	-0
-5.4419	34.788	-0
-5.415	34.785	-0
-5.388	34.782	-0
-5.3611	34.779	-0
-5.3342	34.776	-0
-5.3073	34.773	-0
-5.2805	34.77	-0
-5.2536	34.766	-0
-5.2268	34.763	-0
-5.2	34.76	-0
-5.1732	34.757	-0
-5.1465	34.753	-0
-5.1198	34.75	-0
-5.0931	34.746	-0
-5.0664	34.743	-0
-5.0398	34.739	-0
-5.0132	34.736	-0
-4.9867	34.732	-0
-4.9602	34.729	-0
-4.9337	34.725	-0
-4.9073	34.722	-0
-4.8809	34.718	-0
-4.8546	34.714	-0
-4.8283	34.711	-0
-4.8021	34.707	-0
-4.7759	34.703	-0
-4.7498	34.699	-0
-4.7238	34.695	-0
-4.6978	34.692	-0
-4.6719	34.688	-0
-4.646	34.684	-0
-4.6203	34.68	-0
-4.5946	34.676	-0
-4.569	34.672	-0
-4.5435	34.668	-0
-4.5181	34.664	-0
-4.4928	34.66	-0
-4.4676	34.656	-0
-4.4425	34.652	-0
-4.4175	34.648	-0
-4.3927	34.644	-0
-4.368	34.64	-0
-4.3434	34.636	-0
-4.3189	34.632	-0
-4.2947	34.628	-0
-4.2705	34.623	-0
-4.2466	34.619	-0
-4.2228	34.615	-0
-4.1992	34.611	-0
-4.1758	34.607	-0
-4.1527	34.603	-0
-4.1297	34.599	-0
-4.107	34.594	-0
-4.0845	34.59	-0
-4.0624	34.586	-0
-4.0405	34.582	-0
-4.0189	34.578	-0
-3.9976	34.574	-0
-3.9767	34.57	-0
-3.9561	34.566	-0
-3.9359	34.562	-0
-3.9162	34.558	-0
-3.8969	34.554	-0
-3.8781	34.55	-0
-3.8598	34.547	-0
-3.842	34.543	-0
-3.8219	34.539	-0
-3.7975	34.534	-0
-3.7727	34.528	-0
-3.749	34.523	-0
-3.7256	34.518	-0
-3.7025	34.513	-0
-3.6798	34.508	-0
-3.6575	34.503	-0
-3.6356	34.499	-0
-3.6141	34.494	-0
-3.5931	34.489	-0
-3.571	34.484	-0
-3.5461	34.478	-0
-3.5179	34.472	-0
-3.4864	34.465	-0
-3.4517	34.457	-0
-3.4137	34.448	-0
-3.3725	34.438	-0
-3.3282	34.428	-0
-3.2806	34.417	-0
-3.2299	34.405	-0
-3.1762	34.393	-0
-3.1195	34.38	-0
-3.0599	34.367	-0
-2.9976	34.354	-0
-2.9327	34.339	-0
-2.8655	34.325	-0
-2.7962	34.311	-0
-2.725	34.296	-0
-2.6524	34.282	-0
-2.5788	34.267	-0
-2.5046	34.253	-0
-2.4305	34.239	-0
-2.3564	34.225	-0
-2.2802	34.212	-0
-2.1997	34.197	-0
-2.1145	34.183	-0
-2.0243	34.168	-0
-1.9286	34.153	-0
-1.827	34.138	-0
-1.7192	34.122	-0
-1.6048	34.107	-0
-1.4836	34.092	-0
-1.3553	34.077	-0
-1.22	34.062	-0
-1.0776	34.049	-0
-0.92849	34.036	-0
-0.77303	34.025	-0
-0.6119	34.016	-0
-0.44595	34.008	-0
-0.27622	34.003	-0
-0.10395	34.001	-0
0.069544	34	0
0.24295	34.003	0
0.41484	34.007	0
0.58389	34.014	0
0.74893	34.024	0
0.90898	34.035	0
1.0632	34.048	0
1.211	34.062	0
1.352	34.077	0
1.486	34.093	0
1.613	34.109	0
1.733	34.125	0
1.8461	34.142	0
1.9528	34.159	0
2.0534	34.175	0
2.1481	34.191	0
2.2374	34.207	0
2.3217	34.222	0
2.4014	34.237	0
2.4785	34.252	0
2.5552	34.267	0
2.6314	34.283	0
2.7066	34.298	0
2.7804	34.314	0
2.8525	34.33	0
2.9226	34.345	0
2.9904	34.36	0
3.0557	34.375	0
3.1182	34.39	0
3.178	34.404	0
3.2349	34.417	0
3.2887	34.43	0
3.3395	34.443	0
3.3871	34.454	0
3.4315	34.465	0
3.4727	34.476	0
3.5108	34.485	0
3.5456	34.494	0
3.5772	34.502	0
3.6055	34.509	0
3.6307	34.515	0
3.653	34.52	0
3.6741	34.526	0
3.6951	34.531	0
3.7162	34.536	0
3.7373	34.541	0
3.7584	34.546	0
3.7795	34.551	0
3.8008	34.556	0
3.8221	34.561	0
3.8436	34.566	0
3.8651	34.571	0
3.8868	34.576	0
3.9086	34.581	0
3.9306	34.586	0
3.9527	34.591	0
3.9751	34.596	0
3.9975	34.601	0
4.0202	34.606	0
4.0431	34.612	0
4.0661	34.617	0
4.0894	34.622	0
4.1129	34.627	0
4.1365	34.632	0
4.1604	34.637	0
4.1845	34.642	0
4.2089	34.647	0
4.2334	34.652	0
4.2582	34.658	0
4.2832	34.663	0
4.3085	34.668	0
4.334	34.673	0
4.3597	34.679	0
4.3857	34.684	0
4.4119	34.689	0
4.4384	34.695	0
4.4651	34.7	0
4.4921	34.705	0
4.5193	34.711	0
4.5467	34.716	0
4.5744	34.722	0
4.6024	34.727	0
4.6306	34.733	0
4.6591	34.738	0
4.6878	34.744	0
4.7168	34.749	0
4.746	34.755	0
4.7755	34.761	0
4.8052	34.766	0
4.8352	34.772	0
4.8655	34.778	0
4.896	34.784	0
4.9267	34.789	0
4.9578	34.795	0
4.989	34.801	0
5.0205	34.807	0
5.0523	34.813	0
5.0843	34.819	0
5.1166	34.825	0
5.1491	34.831	0
5.1819	34.837	0
5.215	34.843	0
5.2482	34.85	0
5.2818	34.856	0
5.3155	34.862	0
5.3496	34.869	0
5.3838	34.875	0
5.4184	34.881	0
5.4531	34.888	0
5.4881	34.894	0
5.5233	34.901	0
5.5586	34.907	0
5.5937	34.914	0
5.6285	34.92	0
5.6632	34.927	0
5.6976	34.933	0
5.7319	34.94	0
5.7661	34.946	0
5.8001	34.952	0
5.8339	34.959	0
5.8676	34.965	0
5.9011	34.971	0
5.9345	34.978	0
5.9677	34.984	0
6.0008	34.99	0
6.0338	34.996	0
6.0666	35.002	0
6.0993	35.008	0
6.1318	35.014	0
6.1643	35.02	0
6.1966	35.026	0
6.2289	35.032	0
6.261	35.038	0
6.2929	35.044	0
6.3248	35.05	0
6.3566	35.056	0
6.3883	35.062	0
6.4199	35.068	0
6.4514	35.073	0
6.4828	35.079	0
6.5141	35.085	0
6.5453	35.091	0
6.5765	35.096	0
6.6075	35.102	0
6.6385	35.108	0
6.6694	35.113	0
6.7003	35.119	0
6.731	35.124	0
6.7617	35.13	0
6.7924	35.135	0
6.8229	35.141	0
6.8534	35.146	0
6.8838	35.152	0
6.9142	35.157	0
6.9445	35.162	0
6.9748	35.168	0
7.005	35.173	0
7.0351	35.178	0
7.0652	35.184	0
7.0953	35.189	0
7.1252	35.194	0
7.1552	35.199	0
7.185	35.205	0
7.2149	35.21	0
7.2447	35.215	0
7.2745	35.22	0
7.3042	35.225	0
7.3339	35.23	0
7.3635	35.235	0
7.3931	35.24	0
7.4227	35.245	0
7.4522	35.25	0
7.4817	35.255	0
7.5111	35.26	0
7.5406	35.265	0
7.57	35.27	0
7.5993	35.275	0
7.6287	35.28	0
7.658	35.285	0
7.6872	35.289	0
7.7165	35.294	0
7.7457	35.299	0
7.7749	35.304	0
7.8041	35.308	0
7.8332	35.313	0
7.8623	35.318	0
7.8914	35.322	0
7.9205	35.327	0
7.9496	35.332	0
7.9786	35.336	0
8.0077	35.341	0
8.0367	35.345	0
8.0656	35.35	0
8.0946	35.354	0
8.1236	35.359	0
8.1525	35.363	0
8.1814	35.368	0
8.2103	35.372	0
8.2392	35.376	0
8.2681	35.381	0
8.297	35.385	0
8.3258	35.39	0
8.3547	35.394	0
8.3835	35.398	0
8.4123	35.402	0
8.4411	35.407	0
8.4699	35.411	0
8.4987	35.415	0
8.5275	35.419	0
8.5562	35.423	0
8.585	35.427	0
8.6138	35.432	0
8.6425	35.436	0
8.6712	35.44	0
8.7	35.444	0
8.7287	35.448	0
8.7574	35.452	0
8.7861	35.456	0
8.8148	35.46	0
8.8435	35.464	0
8.8722	35.468	0
8.9009	35.471	0
8.9296	35.475	0
8.9583	35.479	0
8.987	35.483	0
9.0156	35.487	0
9.0443	35.491	0
9.073	35.494	0
9.1016	35.498	0
9.1303	35.502	0
9.159	35.505	0
9.1876	35.509	0
9.2163	35.513	0
9.245	35.516	0
9.2736	35.52	0
9.3023	35.524	0
9.3309	35.527	0
9.3596	35.531	0
9.3883	35.534	0
9.4169	35.538	0
9.4456	35.541	0
9.4742	35.545	0
9.5029	35.548	0
9.5315	35.551	0
9.5602	35.555	0
9.5889	35.558	0
9.6175	35.562	0
9.6462	35.565	0
9.6748	35.568	0
9.7035	35.571	0
9.7322	35.575	0
9.7608	35.578	0
9.7895	35.581	0
9.8182	35.584	0
9.8469	35.588	0
9.8755	35.591	0
9.9042	35.594	0
9.9329	35.597	0
9.9616	35.6	0
9.9903	35.603	0
10.019	35.606	0
10.048	35.609	0
10.076	35.612	0
10.105	35.615	0
10.134	35.618	0
10.162	35.621	0
10.191	35.624	0
10.22	35.627	0
10.248	35.63	0
10.277	35.632	0
10.306	35.635	0
10.335	35.638	0
10.363	35.641	0
10.392	35.644	0
10.421	35.646	0
10.449	35.649	0
10.478	35.652	0
10.507	35.654	0
10.536	35.657	0
10.564	35.659	0
10.593	35.662	0
10.622	35.665	0
10.651	35.667	0
10.679	35.67	0
10.708	35.672	0
10.737	35.675	0
10.766	35.677	0
10.794	35.679	0
10.823	35.682	0
10.852	35.684	0
10.881	35.687	0
10.909	35.689	0
10.938	35.691	0
10.967	35.694	0
10.996	35.696	0
11.024	35.698	0
11.053	35.7	0
11.082	35.702	0
11.111	35.705	0
11.14	35.707	0
11.168	35.709	0
11.197	35.711	0
11.226	35.713	0
11.255	35.715	0
11.283	35.717	0
11.312	35.719	0
11.341	35.721	0
11.37	35.723	0
11.399	35.725	0
11.427	35.727	0
11.456	35.729	0
11.485	35.73	0
11.514	35.732	0
11.542	35.734	0
11.571	35.736	0
11.6	35.737	0
11.629	35.739	0
11.658	35.741	0
11.686	35.743	0
11.715	35.744	0
11.744	35.746	0
11.773	35.747	0
11.802	35.749	0
11.83	35.751	0
11.859	35.752	0
11.888	35.754	0
11.917	35.755	0
11.946	35.756	0
11.974	35.758	0
12.003	35.759	0
12.032	35.761	0
12.061	35.762	0
12.09	35.763	0
12.118	35.765	0
12.147	35.766	0
12.176	35.767	0
12.205	35.768	0
12.234	35.769	0
12.262	35.771	0
12.291	35.772	0
12.32	35.773	0
12.349	35.774	0
12.378	35.775	0
12.406	35.776	0
12.435	35.777	0
12.464	35.778	0
12.493	35.779	0
12.522	35.78	0
12.551	35.781	0
12.579	35.781	0
12.607	35.782	0
12.635	35.783	0
12.663	35.784	0
12.692	35.785	0
12.72	35.785	0
12.748	35.786	0
12.777	35.787	0
12.805	35.787	0
12.833	35.788	0
12.861	35.788	0
12.89	35.789	0
12.918	35.789	0
12.946	35.79	0
12.975	35.79	0
13.003	35.79	0
13.031	35.791	0
13.06	35.791	0
13.088	35.791	0
13.116	35.792	0
13.145	35.792	0
13.173	35.792	0
13.202	35.792	0
13.23	35.792	0
13.258	35.793	0
13.287	35.793	0
13.315	35.793	0
13.344	35.793	0
13.372	35.793	0
13.401	35.793	0
13.429	35.793	0
13.458	35.792	0
13.486	35.792	0
13.515	35.792	0
13.543	35.792	0
13.572	35.792	0
13.601	35.791	0
13.629	35.791	0
13.658	35.791	0
13.686	35.79	0
13.715	35.79	0
13.744	35.79	0
13.772	35.789	0
13.801	35.789	0
13.83	35.788	0
13.858	35.788	0
13.887	35.787	0
13.916	35.786	0
13.945	35.786	0
13.973	35.785	0
14.002	35.784	0
14.031	35.783	0
14.06	35.783	0
14.089	35.782	0
14.118	35.781	0
14.146	35.78	0
14.175	35.779	0
14.204	35.778	0
14.233	35.777	0
14.262	35.776	0
14.291	35.775	0
14.32	35.774	0
14.349	35.773	0
14.378	35.772	0
14.407	35.771	0
14.436	35.769	0
14.465	35.768	0
14.494	35.767	0
14.523	35.765	0
14.552	35.764	0
14.582	35.763	0
14.611	35.761	0
14.64	35.76	0
14.669	35.758	0
14.698	35.757	0
14.727	35.755	0
14.757	35.753	0
14.786	35.752	0
14.815	35.75	0
14.845	35.748	0
14.874	35.747	0
14.903	35.745	0
14.932	35.743	0
14.962	35.741	0
14.991	35.739	0
15.021	35.737	0
15.05	35.736	0
15.079	35.734	0
15.109	35.731	0
15.138	35.729	0
15.168	35.727	0
15.197	35.725	0
15.227	35.723	0
15.256	35.721	0
15.286	35.719	0
15.315	35.716	0
15.345	35.714	0
15.375	35.712	0
15.404	35.709	0
15.434	35.707	0
15.464	35.704	0
15.493	35.702	0
15.523	35.699	0
15.553	35.697	0
15.582	35.694	0
15.612	35.692	0
15.642	35.689	0
15.672	35.686	0
15.702	35.684	0
15.731	35.681	0
15.761	35.678	0
15.791	35.675	0
15.821	35.672	0
15.851	35.669	0
15.881	35.667	0
15.911	35.664	0
15.941	35.661	0
15.971	35.657	0
16.001	35.654	0
16.031	35.651	0
16.061	35.648	0
16.091	35.645	0
16.121	35.642	0
16.151	35.638	0
16.181	35.635	0
16.211	35.632	0
16.241	35.628	0
16.271	35.625	0
16.302	35.622	0
16.332	35.618	0
16.362	35.615	0
16.392	35.611	0
16.422	35.607	0
16.453	35.604	0
16.483	35.6	0
16.513	35.596	0
16.544	35.593	0
16.574	35.589	0
16.604	35.585	0
16.635	35.581	0
16.665	35.577	0
16.695	35.573	0
16.726	35.57	0
16.756	35.566	0
16.787	35.562	0
16.817	35.557	0
16.847	35.553	0
16.878	35.549	0
16.908	35.545	0
16.939	35.541	0
16.969	35.537	0
17	35.532	0
17.031	35.528	0
17.061	35.524	0
17.092	35.519	0
17.122	35.515	0
17.153	35.511	0
17.183	35.506	0
17.214	35.502	0
17.245	35.497	0
17.275	35.492	0
17.306	35.488	0
17.337	35.483	0
17.367	35.478	0
17.398	35.474	0
17.429	35.469	0
17.459	35.464	0
17.49	35.459	0
17.521	35.454	0
17.551	35.45	0
17.582	35.445	0
17.613	35.44	0
17.644	35.435	0
17.675	35.43	0
17.705	35.424	0
17.736	35.419	0
17.767	35.414	0
17.798	35.409	0
17.829	35.404	0
17.859	35.398	0
17.89	35.393	0
17.921	35.388	0
17.952	35.382	0
17.983	35.377	0
18.014	35.372	0
18.045	35.366	0
18.076	35.361	0
18.106	35.355	0
18.137	35.349	0
18.168	35.344	0
18.199	35.338	0
18.23	35.332	0
18.261	35.327	0
18.292	35.321	0
18.323	35.315	0
18.354	35.309	0
18.385	35.303	0
18.416	35.297	0
18.447	35.291	0
18.478	35.286	0
18.509	35.279	0
18.54	35.273	0
18.571	35.267	0
18.602	35.261	0
18.633	35.255	0
18.664	35.249	0
18.696	35.243	0
18.727	35.236	0
18.758	35.23	0
18.789	35.224	0
18.82	35.217	0
18.851	35.211	0
18.882	35.204	0
18.913	35.198	0
18.944	35.191	0
18.975	35.185	0
19.007	35.178	0
19.038	35.171	0
19.069	35.165	0
19.1	35.158	0
19.131	35.151	0
19.162	35.144	0
19.194	35.138	0
19.225	35.131	0
19.256	35.124	0
19.287	35.117	0
19.318	35.11	0
19.35	35.103	0
19.381	35.096	0
19.412	35.089	0
19.443	35.081	0
19.475	35.074	0
19.506	35.067	0
19.537	35.06	0
19.568	35.052	0
19.6	35.045	0
19.631	35.038	0
19.662	35.03	0
19.694	35.023	0
19.725	35.015	0
19.756	35.008	0
19.787	35	0
19.819	34.993	0
19.85	34.985	0
19.881	34.977	0
19.913	34.97	0
19.944	34.962	0
19.975	34.954	0
20.007	34.946	0
20.038	34.938	0
20.069	34.931	0
20.101	34.923	0
20.132	34.915	0
20.163	34.907	0
20.195	34.898	0
20.226	34.89	0
20.258	34.882	0
20.289	34.874	0
20.321	34.866	0
20.352	34.858	0
20.383	34.849	0
20.415	34.841	0
20.446	34.832	0
20.478	34.824	0
20.509	34.816	0
20.541	34.807	0
20.572	34.799	0
20.604	34.79	0
20.635	34.781	0
20.667	34.773	0
20.698	34.764	0
20.73	34.755	0
20.761	34.746	0
20.793	34.738	0
20.824	34.729	0
20.856	34.72	0
20.887	34.711	0
20.919	34.702	0
20.951	34.693	0
20.982	34.684	0
21.014	34.675	0
21.045	34.666	0
21.077	34.656	0
21.109	34.647	0
21.14	34.638	0
21.172	34.629	0
21.203	34.619	0
21.235	34.61	0
21.267	34.6	0
21.298	34.591	0
21.33	34.581	0
21.361	34.572	0
21.393	34.562	0
21.425	34.553	0
21.456	34.543	0
21.488	34.533	0
21.52	34.524	0
21.551	34.514	0
21.583	34.504	0
21.615	34.494	0
21.646	34.484	0
21.678	34.474	0
21.71	34.465	0
21.741	34.455	0
21.773	34.444	0
21.805	34.434	0
21.836	34.424	0
21.868	34.414	0
21.9	34.404	0
21.932	34.394	0
21.963	34.383	0
21.995	34.373	0
22.027	34.363	0
22.058	34.352	0
22.09	34.342	0
22.122	34.331	0
22.154	34.321	0
22.185	34.31	0
22.217	34.3	0
22.249	34.289	0
22.28	34.279	0
22.312	34.268	0
22.344	34.257	0
22.376	34.246	0
22.407	34.236	0
22.439	34.225	0
22.471	34.214	0
22.503	34.203	0
22.534	34.192	0
22.566	34.181	0
22.598	34.17	0
22.63	34.159	0
22.661	34.148	0
22.693	34.136	0
22.725	34.125	0
22.757	34.114	0
22.788	34.103	0
22.82	34.091	0
22.852	34.08	0
22.884	34.069	0
22.915	34.057	0
22.947	34.046	0
22.979	34.034	0
23.011	34.023	0
23.042	34.011	0
23.074	33.999	0
23.106	33.988	0
23.138	33.976	0
23.17	33.964	0
23.201	33.952	0
23.233	33.941	0
23.265	33.929	0
23.297	33.917	0
23.328	33.905	0
23.36	33.893	0
23.392	33.881	0
23.424	33.869	0
23.455	33.857	0
23.487	33.845	0
23.519	33.832	0
23.551	33.82	0
23.582	33.808	0
23.614	33.796	0
23.646	33.783	0
23.678	33.771	0
23.709	33.759	0
23.741	33.746	0
23.773	33.734	0
23.805	33.721	0
23.837	33.709	0
23.868	33.696	0
23.9	33.683	0
23.932	33.671	0
23.964	33.658	0
23.995	33.645	0
24.027	33.632	0
24.059	33.62	0
24.091	33.607	0
24.122	33.594	0
24.154	33.581	0
24.186	33.568	0
24.217	33.555	0
24.249	33.542	0
24.281	33.529	0
24.313	33.515	0
24.344	33.502	0
24.376	33.489	0
24.408	33.476	0
24.44	33.463	0
24.471	33.449	0
24.503	33.436	0
24.535	33.422	0
24.566	33.409	0
24.598	33.395	0
24.63	33.382	0
24.662	33.368	0
24.693	33.355	0
24.725	33.341	0
24.757	33.327	0
24.788	33.314	0
24.82	33.3	0
24.852	33.286	0
24.884	33.272	0
24.915	33.258	0
24.947	33.244	0
24.979	33.23	0
25.01	33.216	0
25.042	33.202	0
25.074	33.188	0
25.105	33.174	0
25.137	33.16	0
25.169	33.146	0
25.2	33.132	0
25.232	33.117	0
25.264	33.103	0
25.295	33.089	0
25.327	33.074	0
25.359	33.06	0
25.39	33.045	0
25.422	33.031	0
25.453	33.016	0
25.485	33.002	0
25.517	32.987	0
25.548	32.972	0
25.58	32.958	0
25.611	32.943	0
25.643	32.928	0
25.675	32.913	0
25.706	32.899	0
25.738	32.884	0
25.769	32.869	0
25.801	32.854	0
25.833	32.839	0
25.864	32.824	0
25.896	32.809	0
25.927	32.793	0
25.959	32.778	0
25.99	32.763	0
26.022	32.748	0
26.054	32.732	0
26.085	32.717	0
26.117	32.702	0
26.148	32.686	0
26.18	32.671	0
26.211	32.655	0
26.243	32.64	0
26.274	32.624	0
26.306	32.609	0
26.337	32.593	0
26.369	32.577	0
26.4	32.561	0
26.441	32.541	0
