30.187	-26.102	0
30.193	-26.094	0
30.2	-26.082	0
30.206	-26.074	0
30.211	-26.065	0
30.219	-26.054	0
30.224	-26.045	0
30.23	-26.037	0
30.236	-26.028	0
30.243	-26.017	0
30.249	-26.008	0
30.254	-25.999	0
30.262	-25.988	0
30.267	-25.979	0
30.273	-25.971	0
30.281	-25.959	0
30.286	-25.951	0
30.292	-25.942	0
30.297	-25.934	0
30.305	-25.922	0
30.31	-25.914	0
30.316	-25.905	0
30.323	-25.894	0
30.329	-25.885	0
30.335	-25.876	0
30.342	-25.865	0
30.347	-25.856	0
30.353	-25.848	0
30.359	-25.839	0
30.366	-25.828	0
30.372	-25.819	0
30.377	-25.81	0
30.385	-25.799	0
30.39	-25.79	0
30.396	-25.782	0
30.403	-25.77	0
30.409	-25.762	0
30.414	-25.753	0
30.42	-25.744	0
30.427	-25.733	0
30.432	-25.724	0
30.438	-25.716	0
30.445	-25.704	0
30.451	-25.696	0
30.456	-25.687	0
30.464	-25.675	0
30.469	-25.667	0
30.475	-25.658	0
30.48	-25.65	0
30.487	-25.638	0
30.493	-25.629	0
30.498	-25.621	0
30.506	-25.609	0
30.511	-25.601	0
30.517	-25.592	0
30.524	-25.58	0
30.529	-25.572	0
30.535	-25.563	0
30.54	-25.555	0
30.548	-25.543	0
30.553	-25.534	0
30.559	-25.526	0
30.566	-25.514	0
30.571	-25.505	0
30.577	-25.497	0
30.584	-25.485	0
30.589	-25.477	0
30.595	-25.468	0
30.6	-25.459	0
30.608	-25.448	0
30.613	-25.439	0
30.618	-25.43	0
30.626	-25.419	0
30.631	-25.41	0
30.636	-25.402	0
30.644	-25.39	0
30.649	-25.381	0
30.654	-25.373	0
30.66	-25.364	0
30.667	-25.352	0
30.672	-25.344	0
30.678	-25.335	0
30.685	-25.324	0
30.69	-25.315	0
30.696	-25.306	0
30.703	-25.295	0
30.708	-25.286	0
30.714	-25.277	0
30.719	-25.269	0
30.726	-25.257	0
30.732	-25.248	0
30.737	-25.24	0
30.744	-25.228	0
30.749	-25.219	0
30.755	-25.211	0
30.762	-25.199	0
30.767	-25.19	0
30.773	-25.182	0
30.778	-25.173	0
30.785	-25.161	0
30.79	-25.153	0
30.796	-25.144	0
30.803	-25.132	0
30.808	-25.124	0
30.813	-25.115	0
30.82	-25.103	0
30.826	-25.095	0
30.831	-25.086	0
30.836	-25.077	0
30.843	-25.065	0
30.849	-25.057	0
30.854	-25.048	0
30.861	-25.036	0
30.866	-25.028	0
30.872	-25.019	0
30.879	-25.007	0
30.884	-24.999	0
30.889	-24.99	0
30.895	-24.981	0
30.902	-24.97	0
30.907	-24.961	0
30.912	-24.952	0
30.919	-24.94	0
30.924	-24.932	0
30.93	-24.923	0
30.937	-24.911	0
30.942	-24.903	0
30.947	-24.894	0
30.952	-24.885	0
30.959	-24.873	0
30.965	-24.865	0
30.97	-24.856	0
30.977	-24.844	0
30.982	-24.836	0
30.987	-24.827	0
30.994	-24.815	0
30.999	-24.806	0
31.005	-24.798	0
31.01	-24.789	0
31.017	-24.777	0
31.022	-24.768	0
31.027	-24.76	0
31.034	-24.748	0
31.039	-24.739	0
31.044	-24.731	0
31.051	-24.719	0
31.057	-24.71	0
31.062	-24.701	0
31.067	-24.693	0
31.074	-24.681	0
31.079	-24.672	0
31.084	-24.663	0
31.091	-24.652	0
31.096	-24.643	0
31.101	-24.634	0
31.108	-24.622	0
31.113	-24.614	0
31.119	-24.605	0
31.124	-24.596	0
31.131	-24.584	0
31.136	-24.576	0
31.141	-24.567	0
31.148	-24.555	0
31.153	-24.546	0
31.158	-24.538	0
31.165	-24.526	0
31.17	-24.517	0
31.175	-24.508	0
31.18	-24.499	0
31.187	-24.488	0
31.192	-24.479	0
31.197	-24.47	0
31.204	-24.458	0
31.209	-24.45	0
31.214	-24.441	0
31.221	-24.429	0
31.226	-24.42	0
31.231	-24.412	0
31.236	-24.403	0
31.243	-24.391	0
31.248	-24.382	0
31.253	-24.373	0
31.26	-24.362	0
31.265	-24.353	0
31.27	-24.344	0
31.277	-24.332	0
31.282	-24.323	0
31.287	-24.315	0
31.292	-24.306	0
31.299	-24.294	0
31.304	-24.285	0
31.309	-24.276	0
31.315	-24.265	0
31.32	-24.256	0
31.325	-24.247	0
31.332	-24.235	0
31.337	-24.226	0
31.342	-24.218	0
31.347	-24.209	0
31.354	-24.197	0
31.359	-24.188	0
31.364	-24.179	0
31.371	-24.168	0
31.376	-24.159	0
31.381	-24.15	0
31.387	-24.138	0
31.392	-24.129	0
31.397	-24.12	0
31.402	-24.112	0
31.409	-24.1	0
31.414	-24.091	0
31.419	-24.082	0
31.425	-24.07	0
31.43	-24.062	0
31.435	-24.053	0
31.442	-24.041	0
31.447	-24.032	0
31.452	-24.023	0
31.457	-24.014	0
31.463	-24.003	0
31.468	-23.994	0
31.473	-23.985	0
31.48	-23.973	0
31.485	-23.964	0
31.49	-23.955	0
31.496	-23.943	0
31.501	-23.935	0
31.506	-23.926	0
31.511	-23.917	0
31.518	-23.905	0
31.523	-23.896	0
31.527	-23.887	0
31.534	-23.876	0
31.539	-23.867	0
31.544	-23.858	0
31.55	-23.846	0
31.555	-23.837	0
31.56	-23.828	0
31.565	-23.819	0
31.572	-23.808	0
31.576	-23.799	0
31.581	-23.79	0
31.588	-23.778	0
31.593	-23.769	0
31.598	-23.76	0
31.604	-23.748	0
31.609	-23.739	0
31.614	-23.731	0
31.619	-23.722	0
31.625	-23.71	0
31.63	-23.701	0
31.635	-23.692	0
31.641	-23.68	0
31.646	-23.671	0
31.651	-23.662	0
31.657	-23.651	0
31.662	-23.642	0
31.667	-23.633	0
31.672	-23.624	0
31.678	-23.612	0
31.683	-23.603	0
31.688	-23.594	0
31.694	-23.582	0
31.699	-23.573	0
31.704	-23.565	0
31.71	-23.553	0
31.715	-23.544	0
31.72	-23.535	0
31.725	-23.526	0
31.731	-23.514	0
31.736	-23.505	0
31.741	-23.496	0
31.747	-23.484	0
31.752	-23.475	0
31.757	-23.467	0
31.763	-23.455	0
31.768	-23.446	0
31.772	-23.437	0
31.777	-23.428	0
31.784	-23.416	0
31.788	-23.407	0
31.793	-23.398	0
31.799	-23.386	0
31.804	-23.377	0
31.809	-23.368	0
31.815	-23.357	0
31.82	-23.348	0
31.825	-23.339	0
31.829	-23.33	0
31.836	-23.318	0
31.84	-23.309	0
31.845	-23.3	0
31.851	-23.288	0
31.856	-23.279	0
31.861	-23.27	0
31.867	-23.258	0
31.872	-23.249	0
31.877	-23.24	0
31.881	-23.231	0
31.887	-23.22	0
31.892	-23.211	0
31.897	-23.202	0
31.903	-23.19	0
31.908	-23.181	0
31.912	-23.172	0
31.919	-23.16	0
31.923	-23.151	0
31.928	-23.142	0
31.933	-23.133	0
31.939	-23.121	0
31.944	-23.112	0
31.948	-23.103	0
31.954	-23.091	0
31.959	-23.082	0
31.964	-23.073	0
31.97	-23.061	0
31.975	-23.052	0
31.979	-23.044	0
31.984	-23.035	0
31.99	-23.023	0
31.995	-23.014	0
31.999	-23.005	0
32.005	-22.993	0
32.01	-22.984	0
32.015	-22.975	0
32.021	-22.963	0
32.025	-22.954	0
32.03	-22.945	0
32.035	-22.936	0
32.041	-22.924	0
32.045	-22.915	0
32.05	-22.906	0
32.056	-22.894	0
32.061	-22.885	0
32.065	-22.876	0
32.071	-22.864	0
32.076	-22.855	0
32.08	-22.846	0
32.085	-22.837	0
32.091	-22.825	0
32.096	-22.816	0
32.1	-22.807	0
32.106	-22.795	0
32.111	-22.786	0
32.115	-22.777	0
32.121	-22.765	0
32.126	-22.756	0
32.13	-22.747	0
32.135	-22.738	0
32.141	-22.726	0
32.146	-22.717	0
32.15	-22.708	0
32.156	-22.696	0
32.161	-22.687	0
32.165	-22.678	0
32.171	-22.666	0
32.176	-22.657	0
32.18	-22.648	0
32.185	-22.639	0
32.191	-22.627	0
32.195	-22.618	0
32.2	-22.609	0
32.206	-22.597	0
32.21	-22.588	0
32.215	-22.579	0
32.221	-22.567	0
32.225	-22.558	0
32.23	-22.549	0
32.234	-22.54	0
32.24	-22.528	0
32.244	-22.519	0
32.249	-22.51	0
32.255	-22.498	0
32.259	-22.489	0
32.264	-22.48	0
32.27	-22.468	0
32.274	-22.459	0
32.279	-22.45	0
32.283	-22.441	0
32.289	-22.429	0
32.293	-22.42	0
32.298	-22.411	0
32.304	-22.399	0
32.308	-22.39	0
32.313	-22.381	0
32.318	-22.369	0
32.323	-22.36	0
32.327	-22.351	0
32.332	-22.342	0
32.338	-22.33	0
32.342	-22.321	0
32.346	-22.312	0
32.352	-22.3	0
32.357	-22.291	0
32.361	-22.282	0
32.367	-22.27	0
32.371	-22.26	0
32.376	-22.251	0
32.38	-22.242	0
32.386	-22.23	0
32.39	-22.221	0
32.395	-22.212	0
32.4	-22.2	0
32.405	-22.191	0
32.409	-22.182	0
32.415	-22.17	0
32.419	-22.161	0
32.424	-22.152	0
32.428	-22.143	0
32.434	-22.131	0
32.438	-22.122	0
32.442	-22.113	0
32.448	-22.101	0
32.452	-22.092	0
32.457	-22.083	0
32.463	-22.07	0
32.467	-22.061	0
32.471	-22.052	0
32.475	-22.043	0
32.481	-22.031	0
32.485	-22.022	0
32.49	-22.013	0
32.496	-22.001	0
32.5	-21.992	0
32.504	-21.983	0
32.51	-21.971	0
32.514	-21.962	0
32.518	-21.953	0
32.523	-21.944	0
32.528	-21.932	0
32.533	-21.922	0
32.537	-21.913	0
32.543	-21.901	0
32.547	-21.892	0
32.551	-21.883	0
32.557	-21.871	0
32.561	-21.862	0
32.565	-21.853	0
32.57	-21.844	0
32.575	-21.832	0
32.579	-21.823	0
32.584	-21.814	0
32.589	-21.801	0
32.594	-21.792	0
32.598	-21.783	0
32.603	-21.771	0
32.608	-21.762	0
32.612	-21.753	0
32.616	-21.744	0
32.622	-21.732	0
32.626	-21.723	0
32.63	-21.714	0
32.636	-21.702	0
32.64	-21.692	0
32.644	-21.683	0
32.65	-21.671	0
32.654	-21.662	0
32.658	-21.653	0
32.662	-21.644	0
32.668	-21.632	0
32.672	-21.623	0
32.676	-21.614	0
32.682	-21.602	0
32.686	-21.592	0
32.69	-21.583	0
32.695	-21.571	0
32.7	-21.562	0
32.704	-21.553	0
32.708	-21.544	0
32.713	-21.532	0
32.718	-21.523	0
32.722	-21.514	0
32.727	-21.501	0
32.731	-21.492	0
32.735	-21.483	0
32.741	-21.471	0
32.745	-21.462	0
32.749	-21.453	0
32.753	-21.444	0
32.759	-21.432	0
32.763	-21.422	0
32.767	-21.413	0
32.773	-21.401	0
32.777	-21.392	0
32.781	-21.383	0
32.786	-21.371	0
32.79	-21.362	0
32.794	-21.353	0
32.798	-21.343	0
32.804	-21.331	0
32.808	-21.322	0
32.812	-21.313	0
32.817	-21.301	0
32.821	-21.292	0
32.826	-21.283	0
32.831	-21.27	0
32.835	-21.261	0
32.839	-21.252	0
32.843	-21.243	0
32.849	-21.231	0
32.853	-21.222	0
32.857	-21.213	0
32.862	-21.201	0
32.866	-21.191	0
32.87	-21.182	0
32.875	-21.17	0
32.879	-21.161	0
32.883	-21.152	0
32.887	-21.143	0
32.893	-21.13	0
32.897	-21.121	0
32.901	-21.112	0
32.906	-21.1	0
32.91	-21.091	0
32.914	-21.082	0
32.92	-21.07	0
32.924	-21.06	0
32.927	-21.051	0
32.931	-21.042	0
32.937	-21.03	0
32.941	-21.021	0
32.945	-21.012	0
32.95	-20.999	0
32.954	-20.99	0
32.958	-20.981	0
32.963	-20.969	0
32.967	-20.96	0
32.971	-20.951	0
32.975	-20.942	0
32.98	-20.929	0
32.984	-20.92	0
32.988	-20.911	0
32.994	-20.899	0
32.997	-20.89	0
33.001	-20.881	0
33.007	-20.868	0
33.011	-20.859	0
33.014	-20.85	0
33.018	-20.841	0
33.024	-20.829	0
33.028	-20.819	0
33.031	-20.81	0
33.037	-20.798	0
33.041	-20.789	0
33.044	-20.78	0
33.05	-20.768	0
33.054	-20.758	0
33.057	-20.749	0
33.061	-20.74	0
33.066	-20.728	0
33.07	-20.719	0
33.074	-20.71	0
33.079	-20.697	0
33.083	-20.688	0
33.087	-20.679	0
33.092	-20.667	0
33.096	-20.658	0
33.1	-20.648	0
33.104	-20.639	0
33.109	-20.627	0
33.113	-20.618	0
33.117	-20.609	0
33.122	-20.596	0
33.126	-20.587	0
33.13	-20.578	0
33.135	-20.566	0
33.138	-20.557	0
33.142	-20.547	0
33.146	-20.538	0
33.151	-20.526	0
33.155	-20.517	0
33.159	-20.508	0
33.164	-20.495	0
33.168	-20.486	0
33.171	-20.477	0
33.177	-20.465	0
33.18	-20.456	0
33.184	-20.446	0
33.188	-20.437	0
33.193	-20.425	0
33.197	-20.416	0
33.201	-20.407	0
33.206	-20.394	0
33.209	-20.385	0
33.213	-20.376	0
33.218	-20.364	0
33.222	-20.355	0
33.226	-20.345	0
33.229	-20.336	0
33.234	-20.324	0
33.238	-20.315	0
33.242	-20.306	0
33.247	-20.293	0
33.251	-20.284	0
33.254	-20.275	0
33.259	-20.263	0
33.263	-20.253	0
33.267	-20.244	0
33.271	-20.235	0
33.276	-20.223	0
33.279	-20.214	0
33.283	-20.204	0
33.288	-20.192	0
33.292	-20.183	0
33.295	-20.174	0
33.3	-20.161	0
33.304	-20.152	0
33.308	-20.143	0
33.311	-20.134	0
33.316	-20.122	0
33.32	-20.112	0
33.324	-20.103	0
33.329	-20.091	0
33.332	-20.082	0
33.336	-20.072	0
33.341	-20.06	0
33.344	-20.051	0
33.348	-20.042	0
33.352	-20.033	0
33.357	-20.02	0
33.36	-20.011	0
33.364	-20.002	0
33.369	-19.99	0
33.372	-19.98	0
33.376	-19.971	0
33.381	-19.959	0
33.385	-19.95	0
33.388	-19.94	0
33.392	-19.931	0
33.397	-19.919	0
33.4	-19.91	0
33.404	-19.9	0
33.409	-19.888	0
33.412	-19.879	0
33.416	-19.87	0
33.421	-19.857	0
33.424	-19.848	0
33.428	-19.839	0
33.431	-19.83	0
33.436	-19.817	0
33.44	-19.808	0
33.443	-19.799	0
33.448	-19.787	0
33.452	-19.777	0
33.455	-19.768	0
33.46	-19.756	0
33.464	-19.747	0
33.467	-19.737	0
33.471	-19.728	0
33.476	-19.716	0
33.479	-19.707	0
33.483	-19.697	0
33.487	-19.685	0
33.491	-19.676	0
33.494	-19.667	0
33.499	-19.654	0
33.503	-19.645	0
33.506	-19.636	0
33.51	-19.627	0
33.514	-19.614	0
33.518	-19.605	0
33.521	-19.596	0
33.526	-19.584	0
33.53	-19.574	0
33.533	-19.565	0
33.538	-19.553	0
33.541	-19.544	0
33.545	-19.534	0
33.548	-19.525	0
33.553	-19.513	0
33.557	-19.504	0
33.56	-19.494	0
33.565	-19.482	0
33.568	-19.473	0
33.572	-19.463	0
33.576	-19.451	0
33.58	-19.442	0
33.583	-19.433	0
33.587	-19.423	0
33.591	-19.411	0
33.595	-19.402	0
33.598	-19.393	0
33.603	-19.38	0
33.606	-19.371	0
33.61	-19.362	0
33.614	-19.349	0
33.618	-19.34	0
33.621	-19.331	0
33.624	-19.322	0
33.629	-19.309	0
33.632	-19.3	0
33.636	-19.291	0
33.64	-19.278	0
33.644	-19.269	0
33.647	-19.26	0
33.652	-19.248	0
33.655	-19.238	0
33.659	-19.229	0
33.662	-19.22	0
33.667	-19.207	0
33.67	-19.198	0
33.673	-19.189	0
33.678	-19.177	0
33.681	-19.167	0
33.685	-19.158	0
33.689	-19.146	0
33.692	-19.137	0
33.696	-19.127	0
33.699	-19.118	0
33.704	-19.106	0
33.707	-19.096	0
33.71	-19.087	0
33.715	-19.075	0
33.718	-19.065	0
33.722	-19.056	0
33.726	-19.044	0
33.729	-19.035	0
33.733	-19.025	0
33.736	-19.016	0
33.74	-19.004	0
33.744	-18.994	0
33.747	-18.985	0
33.751	-18.973	0
33.755	-18.964	0
33.758	-18.954	0
33.763	-18.942	0
33.766	-18.933	0
33.769	-18.923	0
33.772	-18.914	0
33.777	-18.902	0
33.78	-18.892	0
33.783	-18.883	0
33.788	-18.871	0
33.791	-18.862	0
33.794	-18.852	0
33.799	-18.84	0
33.802	-18.831	0
33.805	-18.821	0
33.808	-18.812	0
33.813	-18.8	0
33.816	-18.79	0
33.819	-18.781	0
33.824	-18.769	0
33.827	-18.76	0
33.83	-18.75	0
33.834	-18.738	0
33.838	-18.729	0
33.841	-18.719	0
33.844	-18.71	0
33.848	-18.698	0
33.852	-18.688	0
33.855	-18.679	0
33.859	-18.667	0
33.862	-18.657	0
33.866	-18.648	0
33.87	-18.636	0
33.873	-18.626	0
33.876	-18.617	0
33.88	-18.608	0
33.884	-18.596	0
33.887	-18.586	0
33.89	-18.577	0
33.894	-18.565	0
33.898	-18.555	0
33.901	-18.546	0
33.905	-18.534	0
33.908	-18.524	0
33.911	-18.515	0
33.915	-18.506	0
33.919	-18.493	0
33.922	-18.484	0
33.925	-18.475	0
33.929	-18.462	0
33.932	-18.453	0
33.936	-18.444	0
33.94	-18.431	0
33.943	-18.422	0
33.946	-18.413	0
33.949	-18.404	0
33.953	-18.391	0
33.956	-18.382	0
33.96	-18.373	0
33.964	-18.36	0
33.967	-18.351	0
33.97	-18.342	0
33.974	-18.329	0
33.977	-18.32	0
33.98	-18.311	0
33.983	-18.301	0
33.988	-18.289	0
33.991	-18.28	0
33.994	-18.27	0
33.998	-18.258	0
34.001	-18.249	0
34.004	-18.239	0
34.008	-18.227	0
34.011	-18.218	0
34.014	-18.208	0
34.017	-18.199	0
34.021	-18.187	0
34.024	-18.177	0
34.027	-18.168	0
34.032	-18.156	0
34.035	-18.146	0
34.038	-18.137	0
34.042	-18.125	0
34.045	-18.115	0
34.048	-18.106	0
34.051	-18.097	0
34.055	-18.084	0
34.058	-18.075	0
34.061	-18.066	0
34.065	-18.053	0
34.068	-18.044	0
34.071	-18.035	0
34.075	-18.022	0
34.078	-18.013	0
34.081	-18.004	0
34.084	-17.994	0
34.088	-17.982	0
34.091	-17.973	0
34.094	-17.963	0
34.098	-17.951	0
34.101	-17.942	0
34.104	-17.932	0
34.108	-17.92	0
34.111	-17.911	0
34.114	-17.901	0
34.117	-17.892	0
34.121	-17.88	0
34.124	-17.87	0
34.127	-17.861	0
34.131	-17.849	0
34.134	-17.839	0
34.136	-17.83	0
34.14	-17.818	0
34.143	-17.808	0
34.146	-17.799	0
34.149	-17.79	0
34.153	-17.777	0
34.156	-17.768	0
34.159	-17.759	0
34.163	-17.746	0
34.166	-17.737	0
34.169	-17.727	0
34.173	-17.715	0
34.175	-17.706	0
34.178	-17.696	0
34.181	-17.687	0
34.185	-17.675	0
34.188	-17.665	0
34.191	-17.656	0
34.195	-17.644	0
34.198	-17.634	0
34.201	-17.625	0
34.204	-17.613	0
34.207	-17.603	0
34.21	-17.594	0
34.213	-17.585	0
34.217	-17.572	0
34.22	-17.563	0
34.223	-17.554	0
34.226	-17.541	0
34.229	-17.532	0
34.232	-17.523	0
34.236	-17.51	0
34.239	-17.501	0
34.242	-17.491	0
34.244	-17.482	0
34.248	-17.47	0
34.251	-17.46	0
34.254	-17.451	0
34.258	-17.439	0
34.26	-17.429	0
34.263	-17.42	0
34.267	-17.408	0
34.27	-17.398	0
34.273	-17.389	0
34.275	-17.38	0
34.279	-17.367	0
34.282	-17.358	0
34.285	-17.349	0
34.288	-17.336	0
34.291	-17.327	0
34.294	-17.317	0
34.298	-17.305	0
34.3	-17.296	0
34.303	-17.286	0
34.306	-17.277	0
34.31	-17.265	0
34.312	-17.255	0
34.315	-17.246	0
34.319	-17.234	0
34.322	-17.224	0
34.324	-17.215	0
34.328	-17.202	0
34.331	-17.193	0
34.333	-17.184	0
34.336	-17.174	0
34.34	-17.162	0
34.343	-17.153	0
34.345	-17.143	0
34.349	-17.131	0
34.352	-17.122	0
34.354	-17.112	0
34.358	-17.1	0
34.361	-17.091	0
34.363	-17.081	0
34.366	-17.072	0
34.37	-17.059	0
34.372	-17.05	0
34.375	-17.041	0
34.379	-17.028	0
34.381	-17.019	0
34.384	-17.01	0
34.388	-16.997	0
34.39	-16.988	0
34.393	-16.979	0
34.396	-16.969	0
34.399	-16.957	0
34.402	-16.947	0
34.404	-16.938	0
34.408	-16.926	0
34.411	-16.916	0
34.413	-16.907	0
34.417	-16.895	0
34.419	-16.885	0
34.422	-16.876	0
34.425	-16.867	0
34.428	-16.854	0
34.431	-16.845	0
34.433	-16.836	0
34.437	-16.823	0
34.44	-16.814	0
34.442	-16.804	0
34.446	-16.792	0
34.448	-16.783	0
34.451	-16.773	0
34.453	-16.764	0
34.457	-16.752	0
34.459	-16.742	0
34.462	-16.733	0
34.466	-16.72	0
34.468	-16.711	0
34.471	-16.702	0
34.474	-16.689	0
34.477	-16.68	0
34.479	-16.671	0
34.482	-16.661	0
34.485	-16.649	0
34.488	-16.64	0
34.49	-16.63	0
34.494	-16.618	0
34.496	-16.608	0
34.499	-16.599	0
34.502	-16.587	0
34.505	-16.577	0
34.507	-16.568	0
34.51	-16.559	0
34.513	-16.546	0
34.516	-16.537	0
34.518	-16.528	0
34.522	-16.515	0
34.524	-16.506	0
34.527	-16.496	0
34.53	-16.484	0
34.532	-16.475	0
34.535	-16.465	0
34.537	-16.456	0
34.541	-16.444	0
34.543	-16.434	0
34.546	-16.425	0
34.549	-16.412	0
34.552	-16.403	0
34.554	-16.394	0
34.557	-16.381	0
34.56	-16.372	0
34.562	-16.363	0
34.565	-16.353	0
34.568	-16.341	0
34.571	-16.332	0
34.573	-16.322	0
34.576	-16.31	0
34.579	-16.3	0
34.581	-16.291	0
34.584	-16.279	0
34.587	-16.269	0
34.589	-16.26	0
34.592	-16.251	0
34.595	-16.238	0
34.597	-16.229	0
34.6	-16.22	0
34.603	-16.207	0
34.605	-16.198	0
34.608	-16.188	0
34.611	-16.176	0
34.613	-16.167	0
34.616	-16.157	0
34.618	-16.148	0
34.621	-16.136	0
34.624	-16.126	0
34.626	-16.117	0
34.629	-16.104	0
34.632	-16.095	0
34.634	-16.086	0
34.637	-16.073	0
34.64	-16.064	0
34.642	-16.055	0
34.644	-16.045	0
34.648	-16.033	0
34.65	-16.024	0
34.652	-16.014	0
34.655	-16.002	0
34.658	-15.992	0
34.66	-15.983	0
34.663	-15.971	0
34.666	-15.961	0
34.668	-15.952	0
34.67	-15.943	0
34.673	-15.93	0
34.676	-15.921	0
34.678	-15.912	0
34.681	-15.899	0
34.683	-15.89	0
34.686	-15.88	0
34.689	-15.868	0
34.691	-15.859	0
34.693	-15.849	0
34.696	-15.84	0
34.699	-15.828	0
34.701	-15.818	0
34.703	-15.809	0
34.706	-15.796	0
34.709	-15.787	0
34.711	-15.778	0
34.714	-15.765	0
34.716	-15.756	0
34.718	-15.747	0
34.721	-15.737	0
34.724	-15.725	0
34.726	-15.716	0
34.728	-15.706	0
34.731	-15.694	0
34.733	-15.684	0
34.736	-15.675	0
34.739	-15.663	0
34.741	-15.653	0
34.743	-15.644	0
34.745	-15.635	0
34.748	-15.622	0
34.751	-15.613	0
34.753	-15.604	0
34.756	-15.591	0
34.758	-15.582	0
34.76	-15.572	0
34.763	-15.56	0
34.765	-15.551	0
34.768	-15.541	0
34.77	-15.532	0
34.773	-15.52	0
34.775	-15.51	0
34.777	-15.501	0
34.78	-15.489	0
34.782	-15.479	0
34.784	-15.47	0
34.787	-15.457	0
34.789	-15.448	0
34.791	-15.439	0
34.794	-15.429	0
34.797	-15.417	0
34.799	-15.408	0
34.801	-15.398	0
34.804	-15.386	0
34.806	-15.377	0
34.808	-15.367	0
34.811	-15.355	0
34.813	-15.345	0
34.815	-15.336	0
34.817	-15.327	0
34.82	-15.314	0
34.822	-15.305	0
34.824	-15.296	0
34.827	-15.283	0
34.829	-15.274	0
34.831	-15.265	0
34.834	-15.252	0
34.836	-15.243	0
34.838	-15.234	0
34.84	-15.224	0
34.843	-15.212	0
34.845	-15.203	0
34.847	-15.193	0
34.85	-15.181	0
34.852	-15.171	0
34.854	-15.162	0
34.857	-15.15	0
34.859	-15.14	0
34.861	-15.131	0
34.863	-15.122	0
34.866	-15.109	0
34.868	-15.1	0
34.87	-15.091	0
34.873	-15.078	0
34.875	-15.069	0
34.877	-15.06	0
34.88	-15.047	0
34.882	-15.038	0
34.884	-15.029	0
34.886	-15.019	0
34.888	-15.007	0
34.89	-14.997	0
34.892	-14.988	0
34.895	-14.976	0
34.897	-14.966	0
34.899	-14.957	0
34.902	-14.945	0
34.904	-14.935	0
34.906	-14.926	0
34.908	-14.917	0
34.91	-14.904	0
34.912	-14.895	0
34.914	-14.886	0
34.917	-14.873	0
34.919	-14.864	0
34.921	-14.855	0
34.924	-14.842	0
34.925	-14.833	0
34.927	-14.824	0
34.929	-14.814	0
34.932	-14.802	0
34.934	-14.793	0
34.936	-14.783	0
34.938	-14.771	0
34.94	-14.762	0
34.942	-14.752	0
34.945	-14.74	0
34.947	-14.73	0
34.949	-14.721	0
34.951	-14.712	0
34.953	-14.699	0
34.955	-14.69	0
34.957	-14.681	0
34.96	-14.668	0
34.962	-14.659	0
34.963	-14.65	0
34.966	-14.637	0
34.968	-14.628	0
34.97	-14.619	0
34.972	-14.609	0
34.974	-14.597	0
34.976	-14.588	0
34.978	-14.578	0
34.98	-14.566	0
34.982	-14.557	0
34.984	-14.547	0
34.987	-14.535	0
34.988	-14.526	0
34.99	-14.516	0
34.992	-14.507	0
34.995	-14.495	0
34.997	-14.485	0
34.998	-14.476	0
35.001	-14.464	0
35.003	-14.454	0
35.004	-14.445	0
35.007	-14.433	0
35.009	-14.423	0
35.011	-14.414	0
35.012	-14.405	0
35.015	-14.392	0
35.017	-14.383	0
35.018	-14.374	0
35.021	-14.361	0
35.023	-14.352	0
35.024	-14.343	0
35.027	-14.33	0
35.029	-14.321	0
35.03	-14.312	0
35.032	-14.303	0
35.035	-14.29	0
35.036	-14.281	0
35.038	-14.272	0
35.04	-14.259	0
35.042	-14.25	0
35.044	-14.241	0
35.046	-14.228	0
35.048	-14.219	0
35.05	-14.21	0
35.052	-14.2	0
35.054	-14.188	0
35.056	-14.179	0
35.057	-14.169	0
35.06	-14.157	0
35.061	-14.148	0
35.063	-14.139	0
35.065	-14.126	0
35.067	-14.117	0
35.069	-14.108	0
35.071	-14.098	0
35.073	-14.086	0
35.075	-14.077	0
35.076	-14.067	0
35.079	-14.055	0
35.08	-14.046	0
35.082	-14.036	0
35.084	-14.024	0
35.086	-14.015	0
35.088	-14.005	0
35.089	-13.996	0
35.092	-13.984	0
35.093	-13.975	0
35.095	-13.965	0
35.097	-13.953	0
35.099	-13.944	0
35.1	-13.934	0
35.103	-13.922	0
35.104	-13.913	0
35.106	-13.903	0
35.108	-13.894	0
35.11	-13.882	0
35.111	-13.873	0
35.113	-13.863	0
35.115	-13.851	0
35.117	-13.842	0
35.118	-13.832	0
35.121	-13.82	0
35.122	-13.811	0
35.124	-13.802	0
35.125	-13.792	0
35.128	-13.78	0
35.129	-13.771	0
35.131	-13.761	0
35.133	-13.749	0
35.134	-13.74	0
35.136	-13.731	0
35.138	-13.718	0
35.14	-13.709	0
35.141	-13.7	0
35.143	-13.69	0
35.145	-13.678	0
35.147	-13.669	0
35.148	-13.66	0
35.15	-13.647	0
35.152	-13.638	0
35.153	-13.629	0
35.155	-13.616	0
35.157	-13.607	0
35.159	-13.598	0
35.16	-13.589	0
35.162	-13.576	0
35.164	-13.567	0
35.165	-13.558	0
35.167	-13.545	0
35.169	-13.536	0
35.17	-13.527	0
35.172	-13.515	0
35.174	-13.505	0
35.175	-13.496	0
35.177	-13.487	0
35.179	-13.475	0
35.18	-13.465	0
35.182	-13.456	0
35.184	-13.444	0
35.185	-13.434	0
35.187	-13.425	0
35.189	-13.413	0
35.19	-13.404	0
35.192	-13.394	0
35.193	-13.385	0
35.195	-13.373	0
35.197	-13.364	0
35.198	-13.354	0
35.2	-13.342	0
35.201	-13.333	0
35.203	-13.324	0
35.205	-13.311	0
35.206	-13.302	0
35.208	-13.293	0
35.209	-13.284	0
35.211	-13.271	0
35.212	-13.262	0
35.214	-13.253	0
35.216	-13.241	0
35.217	-13.231	0
35.219	-13.222	0
35.22	-13.21	0
35.222	-13.201	0
35.223	-13.191	0
35.225	-13.182	0
35.227	-13.17	0
35.228	-13.161	0
35.229	-13.151	0
35.231	-13.139	0
35.233	-13.13	0
35.234	-13.121	0
35.236	-13.108	0
35.237	-13.099	0
35.238	-13.09	0
35.24	-13.081	0
35.242	-13.068	0
35.243	-13.059	0
35.244	-13.05	0
35.246	-13.038	0
35.248	-13.029	0
35.249	-13.019	0
35.251	-13.007	0
35.252	-12.998	0
35.253	-12.989	0
35.255	-12.979	0
35.256	-12.967	0
35.258	-12.958	0
35.259	-12.949	0
35.261	-12.937	0
35.262	-12.927	0
35.263	-12.918	0
35.265	-12.906	0
35.266	-12.897	0
35.268	-12.887	0
35.269	-12.878	0
35.271	-12.866	0
35.272	-12.857	0
35.273	-12.848	0
35.275	-12.835	0
35.276	-12.826	0
35.278	-12.817	0
35.279	-12.805	0
35.281	-12.796	0
35.282	-12.786	0
35.283	-12.777	0
35.285	-12.765	0
35.286	-12.756	0
35.287	-12.747	0
35.289	-12.734	0
35.29	-12.725	0
35.291	-12.716	0
35.293	-12.704	0
35.294	-12.695	0
35.295	-12.685	0
35.297	-12.676	0
35.298	-12.664	0
35.3	-12.655	0
35.301	-12.646	0
35.302	-12.633	0
35.304	-12.624	0
35.305	-12.615	0
35.306	-12.603	0
35.308	-12.594	0
35.309	-12.585	0
35.31	-12.575	0
35.312	-12.563	0
35.313	-12.554	0
35.314	-12.545	0
35.315	-12.533	0
35.317	-12.523	0
35.318	-12.514	0
35.319	-12.502	0
35.32	-12.493	0
35.322	-12.484	0
35.323	-12.475	0
35.324	-12.462	0
35.325	-12.453	0
35.327	-12.444	0
35.328	-12.432	0
35.329	-12.423	0
35.33	-12.414	0
35.332	-12.401	0
35.333	-12.392	0
35.334	-12.383	0
35.335	-12.374	0
35.337	-12.362	0
35.338	-12.353	0
35.339	-12.344	0
35.34	-12.331	0
35.342	-12.322	0
35.343	-12.313	0
35.344	-12.301	0
35.345	-12.292	0
35.346	-12.283	0
35.347	-12.274	0
35.349	-12.261	0
35.35	-12.252	0
35.351	-12.243	0
35.352	-12.231	0
35.353	-12.222	0
35.354	-12.213	0
35.356	-12.201	0
35.357	-12.191	0
35.358	-12.182	0
35.359	-12.173	0
35.36	-12.161	0
35.361	-12.152	0
35.362	-12.143	0
35.364	-12.131	0
35.365	-12.122	0
35.366	-12.113	0
35.367	-12.1	0
35.368	-12.091	0
35.369	-12.082	0
35.37	-12.073	0
35.372	-12.061	0
35.373	-12.052	0
35.374	-12.043	0
35.375	-12.031	0
35.376	-12.022	0
35.377	-12.012	0
35.378	-12	0
35.379	-11.991	0
35.38	-11.982	0
35.381	-11.973	0
35.382	-11.961	0
35.383	-11.952	0
35.384	-11.943	0
35.386	-11.931	0
35.387	-11.922	0
35.387	-11.912	0
35.389	-11.9	0
35.39	-11.891	0
35.391	-11.882	0
35.392	-11.873	0
35.393	-11.861	0
35.394	-11.852	0
35.395	-11.843	0
35.396	-11.831	0
35.397	-11.822	0
35.398	-11.813	0
35.399	-11.801	0
35.4	-11.792	0
35.401	-11.782	0
35.402	-11.773	0
35.403	-11.761	0
35.404	-11.752	0
35.405	-11.743	0
35.406	-11.731	0
35.407	-11.722	0
35.408	-11.713	0
35.409	-11.701	0
35.41	-11.692	0
35.41	-11.683	0
35.411	-11.674	0
35.412	-11.662	0
35.413	-11.653	0
35.414	-11.644	0
35.415	-11.632	0
35.416	-11.623	0
35.417	-11.614	0
35.418	-11.602	0
35.419	-11.593	0
35.42	-11.584	0
35.421	-11.575	0
35.422	-11.562	0
35.422	-11.553	0
35.423	-11.544	0
35.424	-11.532	0
35.425	-11.523	0
35.426	-11.514	0
35.427	-11.502	0
35.428	-11.493	0
35.429	-11.484	0
35.429	-11.475	0
35.43	-11.463	0
35.431	-11.454	0
35.432	-11.445	0
35.433	-11.433	0
35.434	-11.424	0
35.435	-11.415	0
35.436	-11.403	0
35.436	-11.394	0
35.437	-11.385	0
35.438	-11.376	0
35.439	-11.364	0
35.44	-11.355	0
35.44	-11.346	0
35.441	-11.334	0
35.442	-11.325	0
35.443	-11.316	0
35.444	-11.304	0
35.445	-11.296	0
35.445	-11.287	0
35.446	-11.278	0
35.447	-11.266	0
35.448	-11.257	0
35.448	-11.248	0
35.449	-11.236	0
35.45	-11.227	0
35.451	-11.218	0
35.452	-11.206	0
35.452	-11.197	0
35.453	-11.188	0
35.454	-11.179	0
35.455	-11.167	0
35.455	-11.158	0
35.456	-11.149	0
35.457	-11.137	0
35.457	-11.128	0
35.458	-11.119	0
35.459	-11.107	0
35.46	-11.098	0
35.46	-11.09	0
35.461	-11.081	0
35.462	-11.069	0
35.462	-11.06	0
35.463	-11.051	0
35.464	-11.039	0
35.464	-11.03	0
35.465	-11.021	0
35.466	-11.009	0
35.467	-11	0
35.467	-10.991	0
35.468	-10.982	0
35.469	-10.971	0
35.469	-10.962	0
35.47	-10.953	0
35.471	-10.941	0
35.471	-10.932	0
35.472	-10.923	0
35.472	-10.911	0
35.473	-10.902	0
35.474	-10.893	0
35.474	-10.885	0
35.475	-10.873	0
35.475	-10.864	0
35.476	-10.855	0
35.477	-10.843	0
35.477	-10.834	0
35.478	-10.825	0
35.479	-10.813	0
35.479	-10.805	0
35.48	-10.796	0
35.48	-10.787	0
35.481	-10.775	0
35.481	-10.766	0
35.482	-10.757	0
35.483	-10.745	0
35.483	-10.736	0
35.484	-10.728	0
35.484	-10.716	0
35.485	-10.707	0
35.485	-10.698	0
35.486	-10.689	0
35.486	-10.677	0
35.487	-10.668	0
35.487	-10.66	0
35.488	-10.648	0
35.489	-10.639	0
35.489	-10.63	0
35.49	-10.618	0
35.49	-10.609	0
35.491	-10.6	0
35.491	-10.592	0
35.492	-10.58	0
35.492	-10.571	0
35.493	-10.562	0
35.493	-10.55	0
35.494	-10.541	0
35.494	-10.533	0
35.495	-10.521	0
35.495	-10.512	0
35.495	-10.503	0
35.496	-10.494	0
35.496	-10.482	0
35.497	-10.473	0
35.497	-10.465	0
35.498	-10.453	0
35.498	-10.444	0
35.499	-10.435	0
35.499	-10.423	0
35.5	-10.414	0
35.5	-10.406	0
35.5	-10.397	0
35.501	-10.385	0
35.501	-10.376	0
35.502	-10.367	0
35.502	-10.356	0
35.503	-10.347	0
35.503	-10.338	0
35.503	-10.326	0
35.504	-10.317	0
35.504	-10.308	0
35.504	-10.3	0
35.505	-10.288	0
35.505	-10.279	0
35.506	-10.27	0
35.506	-10.258	0
35.506	-10.249	0
35.507	-10.241	0
35.507	-10.229	0
35.507	-10.22	0
35.508	-10.211	0
35.508	-10.202	0
35.508	-10.191	0
35.509	-10.182	0
35.509	-10.173	0
35.51	-10.161	0
35.51	-10.152	0
35.51	-10.144	0
35.51	-10.132	0
35.511	-10.123	0
35.511	-10.114	0
35.511	-10.105	0
35.512	-10.094	0
35.512	-10.085	0
35.512	-10.076	0
35.513	-10.064	0
35.513	-10.056	0
35.513	-10.047	0
35.513	-10.035	0
35.514	-10.026	0
35.514	-10.017	0
35.514	-10.009	0
35.515	-9.9968	0
35.515	-9.988	0
35.515	-9.9792	0
35.515	-9.9675	0
35.516	-9.9587	0
35.516	-9.9499	0
35.516	-9.9382	0
35.516	-9.9294	0
35.516	-9.9206	0
35.517	-9.9118	0
35.517	-9.9001	0
35.517	-9.8913	0
35.517	-9.8825	0
35.518	-9.8708	0
35.518	-9.862	0
35.518	-9.8532	0
35.518	-9.8415	0
35.518	-9.8328	0
35.519	-9.824	0
35.519	-9.8152	0
35.519	-9.8035	0
35.519	-9.7947	0
35.519	-9.786	0
35.52	-9.7743	0
35.52	-9.7655	0
35.52	-9.7567	0
35.52	-9.745	0
35.52	-9.7363	0
35.52	-9.7275	0
35.521	-9.7187	0
35.521	-9.707	0
35.521	-9.6983	0
35.521	-9.6895	0
35.521	-9.6778	0
35.521	-9.6691	0
35.521	-9.6603	0
35.522	-9.6486	0
35.522	-9.6399	0
35.522	-9.6311	0
35.522	-9.6224	0
35.522	-9.6107	0
35.522	-9.602	0
35.522	-9.5932	0
35.522	-9.5816	0
35.522	-9.5728	0
35.522	-9.5641	0
35.523	-9.5524	0
35.523	-9.5437	0
35.523	-9.5349	0
35.523	-9.5262	0
35.523	-9.5145	0
35.523	-9.5058	0
35.523	-9.4971	0
35.523	-9.4854	0
35.523	-9.4767	0
35.523	-9.468	0
35.523	-9.4563	0
35.523	-9.4476	0
35.523	-9.4389	0
35.523	-9.4301	0
35.523	-9.4185	0
35.523	-9.4098	0
35.523	-9.4011	0
35.523	-9.3894	0
35.523	-9.3807	0
35.523	-9.372	0
35.523	-9.3604	0
35.523	-9.3517	0
35.523	-9.3429	0
35.523	-9.3342	0
35.523	-9.3226	0
35.523	-9.3139	0
35.523	-9.3052	0
35.523	-9.2936	0
35.523	-9.2849	0
35.523	-9.2762	0
35.523	-9.2646	0
35.523	-9.2559	0
35.523	-9.2472	0
35.523	-9.2385	0
35.523	-9.2269	0
35.523	-9.2182	0
35.523	-9.2095	0
35.523	-9.1979	0
35.523	-9.1892	0
35.523	-9.1805	0
35.523	-9.169	0
35.523	-9.1603	0
35.523	-9.1516	0
35.523	-9.1429	0
35.523	-9.1313	0
35.522	-9.1226	0
35.522	-9.114	0
35.522	-9.1024	0
35.522	-9.0937	0
35.522	-9.085	0
35.522	-9.0735	0
35.522	-9.0648	0
35.522	-9.0561	0
35.522	-9.0475	0
35.521	-9.0359	0
35.521	-9.0273	0
35.521	-9.0186	0
35.521	-9.007	0
35.521	-8.9984	0
35.521	-8.9897	0
35.521	-8.9782	0
35.521	-8.9695	0
35.52	-8.9609	0
35.52	-8.9522	0
35.52	-8.9407	0
35.52	-8.932	0
35.52	-8.9234	0
35.52	-8.9119	0
35.519	-8.9032	0
35.519	-8.8946	0
35.519	-8.8831	0
35.519	-8.8744	0
35.519	-8.8658	0
35.518	-8.8571	0
35.518	-8.8456	0
35.518	-8.837	0
35.518	-8.8284	0
35.518	-8.8169	0
35.517	-8.8082	0
35.517	-8.7996	0
35.517	-8.7881	0
35.517	-8.7795	0
35.517	-8.7709	0
35.516	-8.7622	0
35.516	-8.7507	0
35.516	-8.7421	0
35.516	-8.7335	0
35.515	-8.722	0
35.515	-8.7134	0
35.515	-8.7048	0
35.515	-8.6933	0
35.514	-8.6847	0
35.514	-8.6761	0
35.514	-8.6675	0
35.514	-8.656	0
35.513	-8.6474	0
35.513	-8.6388	0
35.513	-8.6274	0
35.512	-8.6188	0
35.512	-8.6102	0
35.512	-8.5987	0
35.512	-8.5902	0
35.511	-8.5816	0
35.511	-8.573	0
35.511	-8.5615	0
35.51	-8.553	0
35.51	-8.5444	0
35.51	-8.5329	0
35.509	-8.5244	0
35.509	-8.5158	0
35.509	-8.5044	0
35.508	-8.4958	0
35.508	-8.4872	0
35.508	-8.4786	0
35.507	-8.4672	0
35.507	-8.4587	0
35.507	-8.4501	0
35.506	-8.4387	0
35.506	-8.4301	0
35.506	-8.4216	0
35.505	-8.4102	0
35.505	-8.4016	0
35.504	-8.3931	0
35.504	-8.3845	0
35.504	-8.3731	0
35.503	-8.3646	0
35.503	-8.356	0
35.502	-8.3446	0
35.502	-8.3361	0
35.502	-8.3276	0
35.501	-8.3162	0
35.501	-8.3076	0
35.5	-8.2991	0
35.5	-8.2906	0
35.5	-8.2792	0
35.499	-8.2707	0
35.499	-8.2622	0
35.498	-8.2508	0
35.498	-8.2423	0
35.497	-8.2338	0
35.497	-8.2224	0
35.496	-8.2139	0
35.496	-8.2054	0
35.496	-8.1969	0
35.495	-8.1855	0
35.495	-8.177	0
35.494	-8.1685	0
35.494	-8.1572	0
35.493	-8.1487	0
35.493	-8.1402	0
35.492	-8.1289	0
35.492	-8.1204	0
35.491	-8.1119	0
35.491	-8.1034	0
35.49	-8.0921	0
35.49	-8.0836	0
35.489	-8.0751	0
35.489	-8.0638	0
35.488	-8.0553	0
35.488	-8.0468	0
35.487	-8.0355	0
35.487	-8.0271	0
35.486	-8.0186	0
35.486	-8.0101	0
35.485	-7.9988	0
35.485	-7.9904	0
35.484	-7.9819	0
35.483	-7.9706	0
35.483	-7.9622	0
35.482	-7.9537	0
35.482	-7.9424	0
35.481	-7.934	0
35.481	-7.9255	0
35.48	-7.9171	0
35.48	-7.9058	0
35.479	-7.8974	0
35.479	-7.8889	0
35.478	-7.8777	0
35.477	-7.8693	0
35.477	-7.8608	0
35.476	-7.8496	0
35.476	-7.8412	0
35.475	-7.8327	0
35.474	-7.8243	0
35.474	-7.8131	0
35.473	-7.8047	0
35.473	-7.7962	0
35.472	-7.785	0
35.471	-7.7766	0
35.471	-7.7682	0
35.47	-7.757	0
35.469	-7.7486	0
35.469	-7.7402	0
35.468	-7.7318	0
35.467	-7.7206	0
35.467	-7.7122	0
35.466	-7.7038	0
35.465	-7.6926	0
35.465	-7.6842	0
35.464	-7.6758	0
35.463	-7.6647	0
35.463	-7.6563	0
35.462	-7.6479	0
35.462	-7.6395	0
35.461	-7.6284	0
35.46	-7.62	0
35.46	-7.6116	0
35.459	-7.6005	0
35.458	-7.5921	0
35.457	-7.5837	0
35.457	-7.5726	0
35.456	-7.5642	0
35.455	-7.5559	0
35.455	-7.5475	0
35.454	-7.5364	0
35.453	-7.5281	0
35.452	-7.5197	0
35.452	-7.5086	0
35.451	-7.5003	0
35.45	-7.4919	0
35.449	-7.4808	0
35.449	-7.4725	0
35.448	-7.4642	0
35.447	-7.4558	0
35.446	-7.4447	0
35.446	-7.4364	0
35.445	-7.4281	0
35.444	-7.417	0
35.443	-7.4087	0
35.443	-7.4004	0
35.442	-7.3893	0
35.441	-7.381	0
35.44	-7.3727	0
35.44	-7.3644	0
35.439	-7.3534	0
35.438	-7.3451	0
35.437	-7.3368	0
35.436	-7.3257	0
35.436	-7.3175	0
35.435	-7.3092	0
35.434	-7.2981	0
35.433	-7.2899	0
35.432	-7.2816	0
35.432	-7.2733	0
35.431	-7.2623	0
35.43	-7.254	0
35.429	-7.2458	0
35.428	-7.2348	0
35.427	-7.2265	0
35.427	-7.2183	0
35.426	-7.2073	0
35.425	-7.199	0
35.424	-7.1908	0
35.423	-7.1826	0
35.422	-7.1716	0
35.421	-7.1633	0
35.421	-7.1551	0
35.42	-7.1441	0
35.419	-7.1359	0
35.418	-7.1277	0
35.417	-7.1167	0
35.416	-7.1085	0
35.415	-7.1003	0
35.414	-7.0921	0
35.413	-7.0812	0
35.413	-7.073	0
35.412	-7.0648	0
35.411	-7.0539	0
35.41	-7.0457	0
35.409	-7.0375	0
35.408	-7.0266	0
35.407	-7.0184	0
35.406	-7.0102	0
35.405	-7.002	0
35.404	-6.9911	0
35.403	-6.983	0
35.403	-6.9748	0
35.401	-6.9639	0
35.401	-6.9558	0
35.4	-6.9476	0
35.399	-6.9368	0
35.398	-6.9286	0
35.397	-6.9205	0
35.396	-6.9123	0
35.395	-6.9015	0
35.394	-6.8933	0
35.393	-6.8852	0
35.392	-6.8744	0
35.391	-6.8663	0
35.39	-6.8581	0
35.389	-6.8473	0
35.388	-6.8392	0
35.387	-6.8311	0
35.386	-6.823	0
35.385	-6.8122	0
35.384	-6.8041	0
35.383	-6.796	0
35.382	-6.7852	0
35.381	-6.7771	0
35.38	-6.7691	0
35.379	-6.7583	0
35.378	-6.7502	0
35.377	-6.7422	0
35.376	-6.7341	0
35.375	-6.7233	0
35.374	-6.7153	0
35.373	-6.7072	0
35.372	-6.6965	0
35.371	-6.6885	0
35.37	-6.6804	0
35.368	-6.6697	0
35.367	-6.6617	0
35.366	-6.6536	0
35.365	-6.6456	0
35.364	-6.6349	0
35.363	-6.6269	0
35.362	-6.6189	0
35.361	-6.6082	0
35.36	-6.6002	0
35.359	-6.5922	0
35.358	-6.5815	0
35.357	-6.5735	0
35.356	-6.5656	0
35.355	-6.5576	0
35.353	-6.5469	0
35.352	-6.539	0
35.351	-6.531	0
35.35	-6.5204	0
35.349	-6.5124	0
35.348	-6.5045	0
35.347	-6.4939	0
35.346	-6.4859	0
35.345	-6.478	0
35.344	-6.47	0
35.342	-6.4595	0
35.341	-6.4515	0
35.34	-6.4436	0
35.339	-6.433	0
35.338	-6.4251	0
35.337	-6.4172	0
35.335	-6.4067	0
35.334	-6.3988	0
35.333	-6.3909	0
35.332	-6.383	0
35.331	-6.3725	0
35.33	-6.3646	0
35.329	-6.3567	0
35.327	-6.3462	0
35.326	-6.3384	0
35.325	-6.3305	0
35.324	-6.32	0
35.322	-6.3122	0
35.321	-6.3043	0
35.32	-6.2965	0
35.319	-6.2861	0
35.318	-6.2782	0
35.317	-6.2704	0
35.315	-6.26	0
35.314	-6.2522	0
35.313	-6.2444	0
35.311	-6.234	0
35.31	-6.2262	0
35.309	-6.2184	0
35.308	-6.2106	0
35.307	-6.2002	0
35.306	-6.1924	0
35.304	-6.1847	0
35.303	-6.1743	0
35.302	-6.1666	0
35.301	-6.1588	0
35.299	-6.1485	0
35.298	-6.1407	0
35.297	-6.133	0
35.296	-6.1253	0
35.294	-6.115	0
35.293	-6.1073	0
35.292	-6.0996	0
35.29	-6.0893	0
35.289	-6.0816	0
35.288	-6.0739	0
35.286	-6.0637	0
35.285	-6.056	0
35.284	-6.0483	0
35.283	-6.0406	0
35.281	-6.0304	0
35.28	-6.0228	0
35.279	-6.0151	0
35.277	-6.0049	0
35.276	-5.9973	0
35.275	-5.9897	0
35.274	-5.9795	0
35.272	-5.9719	0
35.271	-5.9643	0
35.27	-5.9567	0
35.268	-5.9466	0
35.267	-5.939	0
35.266	-5.9314	0
35.264	-5.9213	0
35.263	-5.9138	0
35.262	-5.9062	0
35.26	-5.8961	0
35.259	-5.8886	0
35.258	-5.8811	0
35.257	-5.8735	0
35.255	-5.8635	0
35.254	-5.856	0
35.253	-5.8485	0
35.251	-5.8385	0
35.25	-5.831	0
35.248	-5.8235	0
35.247	-5.8136	0
35.246	-5.8061	0
35.244	-5.7986	0
35.243	-5.7912	0
35.241	-5.7813	0
35.24	-5.7738	0
35.239	-5.7664	0
35.237	-5.7565	0
35.236	-5.7491	0
35.235	-5.7417	0
35.233	-5.7318	0
35.232	-5.7245	0
35.23	-5.7171	0
35.229	-5.7097	0
35.228	-5.6999	0
35.226	-5.6926	0
35.225	-5.6852	0
35.223	-5.6754	0
35.222	-5.6681	0
35.221	-5.6608	0
35.219	-5.6511	0
35.218	-5.6438	0
35.216	-5.6365	0
35.215	-5.6292	0
35.213	-5.6195	0
35.212	-5.6123	0
35.211	-5.605	0
35.209	-5.5954	0
35.208	-5.5882	0
35.206	-5.5809	0
35.205	-5.5713	0
35.203	-5.5641	0
35.202	-5.557	0
35.201	-5.5498	0
35.199	-5.5402	0
35.198	-5.5331	0
35.196	-5.5259	0
35.195	-5.5164	0
35.193	-5.5093	0
35.192	-5.5022	0
35.19	-5.4927	0
35.189	-5.4856	0
35.188	-5.4786	0
35.186	-5.4715	0
35.184	-5.4621	0
35.183	-5.455	0
35.182	-5.448	0
35.18	-5.4386	0
35.179	-5.4316	0
35.177	-5.4246	0
35.176	-5.4153	0
35.174	-5.4084	0
35.173	-5.4014	0
35.172	-5.3945	0
35.17	-5.3852	0
35.168	-5.3783	0
35.167	-5.3714	0
35.165	-5.3622	0
35.164	-5.3553	0
35.163	-5.3485	0
35.161	-5.3416	0
35.159	-5.3325	0
35.158	-5.3257	0
35.157	-5.3188	0
35.155	-5.3098	0
35.153	-5.303	0
35.152	-5.2962	0
35.15	-5.2872	0
35.149	-5.2805	0
35.148	-5.2738	0
35.146	-5.267	0
35.144	-5.2581	0
35.143	-5.2514	0
35.142	-5.2448	0
35.14	-5.2359	0
35.138	-5.2293	0
35.137	-5.2227	0
35.135	-5.2139	0
35.134	-5.2073	0
35.132	-5.2007	0
35.131	-5.1941	0
35.129	-5.1854	0
35.128	-5.1789	0
35.127	-5.1724	0
35.125	-5.1638	0
35.123	-5.1573	0
35.122	-5.1509	0
35.12	-5.1423	0
35.119	-5.1359	0
35.117	-5.1295	0
35.116	-5.1231	0
35.114	-5.1147	0
35.113	-5.1083	0
35.111	-5.102	0
35.11	-5.0936	0
35.108	-5.0873	0
35.107	-5.0811	0
35.105	-5.0728	0
35.104	-5.0666	0
35.102	-5.0604	0
35.101	-5.0542	0
35.099	-5.046	0
35.098	-5.0399	0
35.096	-5.0338	0
35.094	-5.0257	0
35.093	-5.0196	0
35.092	-5.0136	0
35.09	-5.0055	0
35.089	-4.9996	0
35.087	-4.9936	0
35.086	-4.9876	0
35.084	-4.9798	0
35.083	-4.9739	0
35.081	-4.968	0
35.08	-4.9602	0
35.078	-4.9544	0
35.077	-4.9486	0
35.075	-4.9409	0
35.074	-4.9352	0
35.072	-4.9295	0
35.071	-4.9238	0
35.069	-4.9163	0
35.068	-4.9106	0
35.067	-4.905	0
35.065	-4.8976	0
35.063	-4.8921	0
35.062	-4.8866	0
35.06	-4.8793	0
35.059	-4.8738	0
35.058	-4.8684	0
35.056	-4.863	0
35.055	-4.8559	0
35.053	-4.8506	0
35.052	-4.8453	0
35.05	-4.8383	0
35.049	-4.8331	0
35.048	-4.8279	0
35.046	-4.8211	0
35.045	-4.816	0
35.044	-4.8109	0
35.042	-4.8059	0
35.041	-4.7992	0
35.039	-4.7942	0
35.038	-4.7893	0
35.036	-4.7828	0
35.035	-4.778	0
35.034	-4.7732	0
35.032	-4.7668	0
35.031	-4.7621	0
35.03	-4.7575	0
35.029	-4.7528	0
35.027	-4.7467	0
35.026	-4.7422	0
35.025	-4.7377	0
35.023	-4.7318	0
35.022	-4.7274	0
35.021	-4.723	0
35.019	-4.7173	0
35.018	-4.713	0
35.017	-4.7089	0
35.016	-4.7047	0
35.015	-4.6992	0
35.013	-4.6952	0
35.012	-4.6912	0
35.011	-4.686	0
35.01	-4.6821	0
35.009	-4.6783	0
35.008	-4.6733	0
35.006	-4.6696	0
35.005	-4.666	0
35.004	-4.6624	0
35.003	-4.6577	0
35.002	-4.6542	0
35.001	-4.6509	0
35	-4.6464	0
34.999	-4.6432	0
34.998	-4.64	0
34.997	-4.6359	0
34.996	-4.6329	0
34.995	-4.6299	0
34.994	-4.627	0
34.993	-4.6233	0
34.993	-4.6206	0
34.992	-4.6179	0
34.991	-4.6145	0
34.99	-4.612	0
34.989	-4.6096	0
34.988	-4.6066	0
34.988	-4.6044	0
34.987	-4.6022	0
34.987	-4.6002	0
34.986	-4.5976	0
34.985	-4.5958	0
34.985	-4.594	0
34.984	-4.5918	0
34.984	-4.5903	0
34.983	-4.5889	0
34.983	-4.5871	0
34.982	-4.5859	0
34.982	-4.5849	0
34.982	-4.5839	0
34.981	-4.5827	0
34.981	-4.5807	0
34.979	-4.5759	0
34.976	-4.5663	0
34.973	-4.5578	0
34.971	-4.549	0
34.967	-4.5385	0
34.965	-4.5318	0
34.963	-4.5251	0
34.961	-4.5184	0
34.958	-4.5096	0
34.956	-4.503	0
34.954	-4.4965	0
34.951	-4.4878	0
34.949	-4.4813	0
34.947	-4.4748	0
34.944	-4.4662	0
34.942	-4.4598	0
34.94	-4.4535	0
34.938	-4.4471	0
34.935	-4.4387	0
34.933	-4.4325	0
34.931	-4.4263	0
34.928	-4.418	0
34.926	-4.4119	0
34.924	-4.4058	0
34.922	-4.3977	0
34.92	-4.3917	0
34.918	-4.3858	0
34.916	-4.3798	0
34.913	-4.372	0
34.911	-4.3662	0
34.909	-4.3604	0
34.907	-4.3528	0
34.905	-4.3471	0
34.903	-4.3415	0
34.9	-4.334	0
34.898	-4.3285	0
34.897	-4.3231	0
34.895	-4.3177	0
34.892	-4.3106	0
34.891	-4.3052	0
34.889	-4.2999	0
34.886	-4.2927	0
34.884	-4.2873	0
34.883	-4.2818	0
34.88	-4.2745	0
34.878	-4.269	0
34.876	-4.2636	0
34.875	-4.2582	0
34.872	-4.2513	0
34.87	-4.2462	0
34.869	-4.2411	0
34.866	-4.2342	0
34.864	-4.2289	0
34.862	-4.2233	0
34.86	-4.2155	0
34.858	-4.2094	0
34.855	-4.2031	0
34.853	-4.1968	0
34.85	-4.1884	0
34.848	-4.1822	0
34.846	-4.1761	0
34.843	-4.1683	0
34.841	-4.1623	0
34.839	-4.1563	0
34.836	-4.1479	0
34.833	-4.1413	0
34.831	-4.1343	0
34.828	-4.1269	0
34.825	-4.1167	0
34.822	-4.1089	0
34.819	-4.101	0
34.815	-4.0907	0
34.813	-4.0831	0
34.81	-4.0755	0
34.806	-4.0654	0
34.803	-4.0576	0
34.801	-4.0496	0
34.798	-4.0412	0
34.793	-4.0293	0
34.79	-4.0198	0
34.786	-4.01	0
34.781	-3.9966	0
34.778	-3.9864	0
34.774	-3.9762	0
34.769	-3.9626	0
34.766	-3.9525	0
34.762	-3.9422	0
34.758	-3.9316	0
34.753	-3.9171	0
34.749	-3.9055	0
34.744	-3.8934	0
34.738	-3.8763	0
34.733	-3.8629	0
34.728	-3.8491	0
34.722	-3.8302	0
34.716	-3.8159	0
34.711	-3.8015	0
34.706	-3.7869	0
34.699	-3.767	0
34.694	-3.7517	0
34.688	-3.7358	0
34.68	-3.7134	0
34.674	-3.6957	0
34.667	-3.6771	0
34.658	-3.6511	0
34.651	-3.6309	0
34.644	-3.61	0
34.637	-3.5887	0
34.627	-3.5597	0
34.619	-3.5374	0
34.611	-3.5145	0
34.6	-3.4828	0
34.592	-3.458	0
34.583	-3.4322	0
34.571	-3.3958	0
34.562	-3.367	0
34.552	-3.3369	0
34.542	-3.3057	0
34.528	-3.2624	0
34.517	-3.2287	0
34.506	-3.1942	0
34.492	-3.1465	0
34.48	-3.1093	0
34.469	-3.0708	0
34.452	-3.0171	0
34.44	-2.9749	0
34.427	-2.9307	0
34.414	-2.8845	0
34.396	-2.8199	0
34.382	-2.7691	0
34.367	-2.7164	0
34.348	-2.6433	0
34.333	-2.5864	0
34.318	-2.5276	0
34.298	-2.4459	0
34.283	-2.3821	0
34.268	-2.3159	0
34.252	-2.2471	0
34.231	-2.1513	0
34.215	-2.0761	0
34.2	-1.9982	0
34.179	-1.8901	0
34.163	-1.806	0
34.148	-1.7194	0
34.129	-1.6001	0
34.114	-1.5079	0
34.101	-1.4132	0
34.087	-1.316	0
34.071	-1.1828	0
34.059	-1.08	0
34.048	-0.97501	0
34.035	-0.83153	0
34.027	-0.72155	0
34.019	-0.60979	0
34.011	-0.45842	0
34.006	-0.34348	0
34.003	-0.2276	0
34.001	-0.11097	0
34	0.045403	0
34.001	0.16303	0
34.003	0.28068	0
34.008	0.43717	0
34.013	0.55396	0
34.02	0.67003	0
34.031	0.82328	0
34.04	0.9368	0
34.051	1.0489	0
34.062	1.1593	0
34.079	1.3038	0
34.093	1.4098	0
34.108	1.5138	0
34.128	1.649	0
34.145	1.7476	0
34.161	1.8437	0
34.184	1.9679	0
34.202	2.058	0
34.22	2.1454	0
34.238	2.2303	0
34.263	2.3394	0
34.281	2.4183	0
34.299	2.4946	0
34.324	2.5927	0
34.342	2.6634	0
34.36	2.7318	0
34.384	2.8193	0
34.402	2.8821	0
34.419	2.9425	0
34.436	3.0006	0
34.458	3.0746	0
34.475	3.1277	0
34.491	3.1788	0
34.511	3.244	0
34.526	3.291	0
34.541	3.3364	0
34.561	3.3945	0
34.575	3.4363	0
34.589	3.4766	0
34.602	3.5153	0
34.619	3.5645	0
34.632	3.5996	0
34.644	3.6333	0
34.659	3.6762	0
34.67	3.707	0
34.681	3.7367	0
34.695	3.7748	0
34.706	3.8023	0
34.716	3.829	0
34.725	3.8548	0
34.738	3.8878	0
34.747	3.9115	0
34.756	3.9342	0
34.767	3.9628	0
34.775	3.9833	0
34.782	4.003	0
34.792	4.0281	0
34.799	4.0462	0
34.806	4.0637	0
34.815	4.0864	0
34.822	4.1028	0
34.828	4.1188	0
34.834	4.1343	0
34.842	4.154	0
34.848	4.168	0
34.853	4.1813	0
34.86	4.198	0
34.864	4.21	0
34.869	4.2216	0
34.875	4.2363	0
34.879	4.247	0
34.883	4.2574	0
34.888	4.2675	0
34.893	4.2805	0
34.897	4.29	0
34.9	4.2991	0
34.905	4.311	0
34.909	4.3198	0
34.912	4.3283	0
34.917	4.3393	0
34.92	4.3474	0
34.923	4.3553	0
34.926	4.363	0
34.93	4.3731	0
34.933	4.3804	0
34.936	4.3877	0
34.94	4.3971	0
34.943	4.404	0
34.945	4.4108	0
34.949	4.4197	0
34.951	4.4263	0
34.954	4.4327	0
34.957	4.439	0
34.96	4.4473	0
34.962	4.4535	0
34.965	4.4595	0
34.968	4.4674	0
34.97	4.4733	0
34.973	4.479	0
34.976	4.4867	0
34.978	4.4923	0
34.98	4.4978	0
34.982	4.5034	0
34.985	4.5106	0
34.987	4.516	0
34.989	4.5213	0
34.992	4.5284	0
34.994	4.5336	0
34.996	4.5388	0
34.999	4.5457	0
35.001	4.5508	0
35.003	4.5559	0
35.005	4.561	0
35.007	4.5677	0
35.009	4.5727	0
35.011	4.5776	0
35.014	4.5842	0
35.016	4.5891	0
35.018	4.594	0
35.02	4.6005	0
35.022	4.6054	0
35.024	4.6103	0
35.026	4.6151	0
35.028	4.6215	0
35.03	4.6263	0
35.032	4.6312	0
35.034	4.6376	0
35.036	4.6424	0
35.038	4.6471	0
35.04	4.6535	0
35.042	4.6583	0
35.044	4.6631	0
35.046	4.6679	0
35.048	4.6743	0
35.05	4.6791	0
35.052	4.6839	0
35.054	4.6903	0
35.056	4.6951	0
35.058	4.6999	0
35.06	4.7063	0
35.062	4.7112	0
35.064	4.716	0
35.065	4.7209	0
35.068	4.7274	0
35.07	4.7322	0
35.071	4.7371	0
35.074	4.7437	0
35.076	4.7486	0
35.077	4.7535	0
35.08	4.7601	0
35.082	4.7651	0
35.083	4.7701	0
35.085	4.7751	0
35.088	4.7818	0
35.089	4.7868	0
35.091	4.7918	0
35.094	4.7986	0
35.096	4.8037	0
35.097	4.8088	0
35.1	4.8157	0
35.102	4.8208	0
35.104	4.826	0
35.105	4.8312	0
35.108	4.8382	0
35.11	4.8434	0
35.112	4.8487	0
35.114	4.8558	0
35.116	4.8611	0
35.118	4.8664	0
35.12	4.8736	0
35.122	4.879	0
35.124	4.8844	0
35.126	4.8899	0
35.129	4.8972	0
35.131	4.9027	0
35.133	4.9082	0
35.135	4.9156	0
35.137	4.9212	0
35.139	4.9268	0
35.142	4.9343	0
35.144	4.94	0
35.146	4.9457	0
35.148	4.9514	0
35.15	4.9591	0
35.152	4.9648	0
35.154	4.9707	0
35.157	4.9784	0
35.159	4.9843	0
35.161	4.9902	0
35.164	4.9981	0
35.166	5.0041	0
35.168	5.0101	0
35.17	5.0161	0
35.172	5.0242	0
35.175	5.0303	0
35.177	5.0364	0
35.179	5.0446	0
35.181	5.0507	0
35.184	5.057	0
35.186	5.0653	0
35.188	5.0716	0
35.191	5.0779	0
35.193	5.0842	0
35.196	5.0927	0
35.198	5.0991	0
35.2	5.1055	0
35.203	5.1142	0
35.205	5.1207	0
35.207	5.1272	0
35.21	5.136	0
35.212	5.1426	0
35.214	5.1492	0
35.216	5.1559	0
35.219	5.1648	0
35.222	5.1715	0
35.224	5.1783	0
35.227	5.1874	0
35.229	5.1942	0
35.231	5.2011	0
35.234	5.2103	0
35.237	5.2172	0
35.239	5.2242	0
35.241	5.2312	0
35.244	5.2406	0
35.247	5.2477	0
35.249	5.2548	0
35.252	5.2643	0
35.254	5.2715	0
35.257	5.2787	0
35.26	5.2883	0
35.262	5.2956	0
35.265	5.3029	0
35.267	5.3103	0
35.27	5.3201	0
35.272	5.3275	0
35.275	5.335	0
35.278	5.345	0
35.281	5.3525	0
35.283	5.36	0
35.286	5.3702	0
35.289	5.3778	0
35.291	5.3855	0
35.294	5.3931	0
35.297	5.4034	0
35.299	5.4112	0
35.302	5.419	0
35.305	5.4295	0
35.308	5.4373	0
35.31	5.4452	0
35.314	5.4558	0
35.316	5.4638	0
35.319	5.4718	0
35.321	5.4798	0
35.325	5.4906	0
35.327	5.4987	0
35.33	5.5069	0
35.333	5.5178	0
35.336	5.526	0
35.338	5.5343	0
35.342	5.5453	0
35.345	5.5536	0
35.347	5.562	0
35.35	5.5704	0
35.353	5.5816	0
35.356	5.5901	0
35.359	5.5986	0
35.362	5.61	0
35.365	5.6185	0
35.368	5.6271	0
35.371	5.6387	0
35.374	5.6473	0
35.377	5.656	0
35.38	5.6648	0
35.383	5.6765	0
35.386	5.6853	0
35.389	5.6941	0
35.393	5.706	0
35.395	5.7149	0
35.398	5.7238	0
35.402	5.7358	0
35.405	5.7448	0
35.408	5.7539	0
35.411	5.763	0
35.414	5.7751	0
35.417	5.7843	0
35.42	5.7935	0
35.424	5.8058	0
35.427	5.8151	0
35.43	5.8244	0
35.434	5.8368	0
35.437	5.8462	0
35.44	5.8556	0
35.443	5.865	0
35.446	5.8776	0
35.449	5.8871	0
35.452	5.8966	0
35.456	5.9094	0
35.459	5.919	0
35.463	5.9286	0
35.467	5.9415	0
35.47	5.9512	0
35.473	5.961	0
35.476	5.9707	0
35.48	5.9838	0
35.483	5.9936	0
35.486	6.0035	0
35.49	6.0167	0
35.493	6.0266	0
35.496	6.0366	0
35.501	6.05	0
35.504	6.06	0
35.507	6.0701	0
35.51	6.0802	0
35.514	6.0937	0
35.518	6.1039	0
35.521	6.1141	0
35.525	6.1277	0
35.528	6.138	0
35.532	6.1483	0
35.536	6.1621	0
35.539	6.1724	0
35.543	6.1828	0
35.546	6.1933	0
35.55	6.2072	0
35.554	6.2177	0
35.557	6.2282	0
35.561	6.2423	0
35.565	6.2529	0
35.568	6.2636	0
35.573	6.2778	0
35.576	6.2885	0
35.579	6.2992	0
35.583	6.3099	0
35.587	6.3243	0
35.591	6.335	0
35.594	6.3458	0
35.599	6.3602	0
35.602	6.3709	0
35.606	6.3815	0
35.61	6.3957	0
35.614	6.4063	0
35.617	6.4169	0
35.62	6.4274	0
35.625	6.4414	0
35.628	6.4519	0
35.632	6.4624	0
35.636	6.4763	0
35.64	6.4867	0
35.643	6.497	0
35.647	6.5108	0
35.651	6.5212	0
35.654	6.5315	0
35.657	6.5418	0
35.662	6.5555	0
35.665	6.5657	0
35.668	6.5759	0
35.673	6.5895	0
35.676	6.5997	0
35.679	6.6098	0
35.684	6.6233	0
35.687	6.6334	0
35.69	6.6435	0
35.693	6.6535	0
35.698	6.6669	0
35.701	6.6769	0
35.704	6.6869	0
35.709	6.7002	0
35.712	6.7102	0
35.715	6.7201	0
35.719	6.7333	0
35.723	6.7432	0
35.726	6.7531	0
35.729	6.7629	0
35.733	6.776	0
35.736	6.7858	0
35.74	6.7956	0
35.744	6.8086	0
35.747	6.8183	0
35.75	6.828	0
35.754	6.841	0
35.758	6.8506	0
35.761	6.8603	0
35.764	6.8699	0
35.768	6.8828	0
35.771	6.8923	0
35.774	6.9019	0
35.779	6.9147	0
35.782	6.9242	0
35.785	6.9338	0
35.789	6.9465	0
35.792	6.956	0
35.795	6.9655	0
35.798	6.9749	0
35.802	6.9875	0
35.806	6.997	0
35.809	7.0064	0
35.813	7.0189	0
35.816	7.0283	0
35.819	7.0377	0
35.823	7.0501	0
35.826	7.0595	0
35.829	7.0688	0
35.832	7.0781	0
35.836	7.0905	0
35.839	7.0997	0
35.842	7.109	0
35.846	7.1213	0
35.849	7.1305	0
35.852	7.1397	0
35.856	7.1519	0
35.859	7.1611	0
35.862	7.1703	0
35.865	7.1794	0
35.869	7.1916	0
35.872	7.2008	0
35.875	7.2099	0
35.879	7.222	0
35.882	7.2311	0
35.885	7.2402	0
35.889	7.2522	0
35.892	7.2613	0
35.895	7.2703	0
35.898	7.2793	0
35.902	7.2913	0
35.905	7.3003	0
35.908	7.3093	0
35.912	7.3212	0
35.915	7.3302	0
35.918	7.3391	0
35.922	7.351	0
35.925	7.3599	0
35.928	7.3688	0
35.93	7.3777	0
35.934	7.3896	0
35.937	7.3984	0
35.94	7.4073	0
35.944	7.4191	0
35.947	7.4279	0
35.95	7.4367	0
35.954	7.4485	0
35.957	7.4573	0
35.959	7.4661	0
35.962	7.4748	0
35.966	7.4865	0
35.969	7.4953	0
35.972	7.504	0
35.976	7.5157	0
35.978	7.5244	0
35.981	7.5331	0
35.985	7.5447	0
35.988	7.5534	0
35.991	7.5621	0
35.994	7.5708	0
35.997	7.5823	0
36	7.591	0
36.003	7.5996	0
36.007	7.6112	0
36.01	7.6198	0
36.013	7.6284	0
36.016	7.6399	0
36.019	7.6485	0
36.022	7.6571	0
36.025	7.6656	0
36.028	7.6771	0
36.031	7.6856	0
36.034	7.6942	0
36.038	7.7056	0
36.04	7.7141	0
36.043	7.7226	0
36.047	7.734	0
36.05	7.7425	0
36.052	7.751	0
36.055	7.7595	0
36.059	7.7708	0
36.062	7.7793	0
36.064	7.7877	0
36.068	7.799	0
36.071	7.8075	0
36.074	7.8159	0
36.077	7.8272	0
36.08	7.8356	0
36.083	7.8441	0
36.086	7.8525	0
36.089	7.8637	0
36.092	7.8721	0
36.095	7.8805	0
36.098	7.8917	0
36.101	7.9	0
36.104	7.9084	0
36.107	7.9196	0
36.11	7.9279	0
36.113	7.9362	0
36.115	7.9446	0
36.119	7.9557	0
36.122	7.964	0
36.124	7.9723	0
36.128	7.9834	0
36.131	7.9918	0
36.133	8.0001	0
36.137	8.0111	0
36.14	8.0194	0
36.142	8.0277	0
36.145	8.036	0
36.148	8.0471	0
36.151	8.0553	0
36.154	8.0636	0
36.157	8.0746	0
36.16	8.0829	0
36.163	8.0911	0
36.166	8.1021	0
36.169	8.1103	0
36.171	8.1185	0
36.174	8.1268	0
36.178	8.1377	0
36.18	8.1459	0
36.183	8.1541	0
36.186	8.165	0
36.189	8.1732	0
36.192	8.1814	0
36.195	8.1923	0
36.198	8.2005	0
36.2	8.2087	0
36.203	8.2169	0
36.206	8.2277	0
36.209	8.2359	0
36.212	8.244	0
36.215	8.2549	0
36.218	8.2631	0
36.22	8.2712	0
36.224	8.282	0
36.226	8.2902	0
36.229	8.2983	0
36.232	8.3064	0
36.235	8.3172	0
36.238	8.3253	0
36.24	8.3334	0
36.244	8.3442	0
36.246	8.3523	0
36.249	8.3604	0
36.252	8.3712	0
36.255	8.3793	0
36.257	8.3874	0
36.26	8.3955	0
36.263	8.4062	0
36.266	8.4143	0
36.268	8.4223	0
36.272	8.4331	0
36.274	8.4411	0
36.277	8.4492	0
36.28	8.4599	0
36.283	8.468	0
36.285	8.476	0
36.288	8.484	0
36.291	8.4947	0
36.294	8.5028	0
36.296	8.5108	0
36.3	8.5215	0
36.302	8.5295	0
36.305	8.5375	0
36.308	8.5482	0
36.31	8.5562	0
36.313	8.5642	0
36.315	8.5722	0
36.319	8.5829	0
36.321	8.5909	0
36.324	8.5988	0
36.327	8.6095	0
36.33	8.6175	0
36.332	8.6255	0
36.335	8.6361	0
36.338	8.6441	0
36.34	8.652	0
36.343	8.66	0
36.346	8.6706	0
36.349	8.6786	0
36.351	8.6865	0
36.354	8.6971	0
36.357	8.7051	0
36.359	8.7131	0
36.362	8.721	0
36.365	8.7316	0
36.368	8.7395	0
36.37	8.7475	0
36.373	8.7581	0
36.376	8.766	0
36.378	8.7739	0
36.381	8.7845	0
36.384	8.7924	0
36.386	8.8003	0
36.389	8.8083	0
36.392	8.8188	0
36.394	8.8267	0
36.397	8.8346	0
36.4	8.8452	0
36.403	8.8531	0
36.405	8.861	0
36.408	8.8715	0
36.411	8.8794	0
36.413	8.8873	0
36.416	8.8952	0
36.419	8.9058	0
36.421	8.9137	0
36.424	8.9216	0
36.427	8.9321	0
36.429	8.94	0
36.432	8.9478	0
36.435	8.9583	0
36.437	8.9662	0
36.44	8.9741	0
36.442	8.982	0
36.445	8.9925	0
36.448	9.0004	0
36.45	9.0082	0
36.453	9.0187	0
36.456	9.0266	0
36.458	9.0344	0
36.461	9.0449	0
36.463	9.0528	0
36.466	9.0607	0
36.468	9.0685	0
36.471	9.079	0
36.474	9.0868	0
36.476	9.0947	0
36.479	9.1052	0
36.482	9.113	0
36.484	9.1209	0
36.487	9.1313	0
36.49	9.1392	0
36.492	9.147	0
36.494	9.1548	0
36.497	9.1653	0
36.5	9.1731	0
36.502	9.181	0
36.505	9.1914	0
36.508	9.1993	0
36.51	9.2071	0
36.513	9.2175	0
36.515	9.2254	0
36.518	9.2332	0
36.52	9.241	0
36.523	9.2515	0
36.525	9.2593	0
36.528	9.2671	0
36.531	9.2775	0
36.533	9.2854	0
36.535	9.2932	0
36.539	9.3036	0
36.541	9.3114	0
36.543	9.3192	0
36.546	9.3271	0
36.549	9.3375	0
36.551	9.3453	0
36.553	9.3531	0
36.556	9.3635	0
36.559	9.3713	0
36.561	9.3791	0
36.564	9.3895	0
36.566	9.3973	0
36.569	9.4052	0
36.571	9.413	0
36.574	9.4234	0
36.576	9.4312	0
36.578	9.439	0
36.582	9.4494	0
36.584	9.4572	0
36.586	9.465	0
36.589	9.4754	0
36.591	9.4832	0
36.594	9.491	0
36.596	9.4988	0
36.599	9.5092	0
36.601	9.517	0
36.603	9.5247	0
36.606	9.5351	0
36.609	9.5429	0
36.611	9.5507	0
36.614	9.5611	0
36.616	9.5689	0
36.619	9.5767	0
36.621	9.5845	0
36.624	9.5949	0
36.626	9.6027	0
36.628	9.6104	0
36.631	9.6208	0
36.634	9.6286	0
36.636	9.6364	0
36.639	9.6468	0
36.641	9.6546	0
36.643	9.6623	0
36.645	9.6701	0
36.648	9.6805	0
36.651	9.6883	0
36.653	9.6961	0
36.656	9.7065	0
36.658	9.7142	0
36.66	9.722	0
36.663	9.7324	0
36.665	9.7402	0
36.668	9.748	0
36.67	9.7557	0
36.673	9.7661	0
36.675	9.7739	0
36.677	9.7817	0
36.68	9.792	0
36.682	9.7998	0
36.685	9.8076	0
36.687	9.818	0
36.69	9.8257	0
36.692	9.8335	0
36.694	9.8413	0
36.697	9.8517	0
36.699	9.8594	0
36.701	9.8672	0
36.704	9.8776	0
36.706	9.8854	0
36.709	9.8931	0
36.712	9.9035	0
36.714	9.9113	0
36.716	9.9191	0
36.718	9.9268	0
36.721	9.9372	0
36.723	9.945	0
36.725	9.9528	0
36.728	9.9631	0
36.73	9.9709	0
36.733	9.9787	0
36.735	9.989	0
36.738	9.9968	0
36.74	10.005	0
36.742	10.012	0
36.745	10.023	0
36.747	10.03	0
36.749	10.038	0
36.752	10.049	0
36.754	10.056	0
36.756	10.064	0
36.759	10.075	0
36.761	10.082	0
36.763	10.09	0
36.765	10.098	0
36.768	10.108	0
36.77	10.116	0
36.773	10.124	0
36.775	10.134	0
36.778	10.142	0
36.78	10.15	0
36.782	10.16	0
36.785	10.168	0
36.787	10.176	0
36.789	10.183	0
36.792	10.194	0
36.794	10.202	0
36.796	10.209	0
36.799	10.22	0
36.801	10.227	0
36.803	10.235	0
36.806	10.246	0
36.808	10.253	0
36.81	10.261	0
36.812	10.269	0
36.815	10.279	0
36.817	10.287	0
36.819	10.295	0
36.822	10.305	0
36.824	10.313	0
36.826	10.321	0
36.829	10.331	0
36.831	10.339	0
36.833	10.347	0
36.835	10.354	0
36.838	10.365	0
36.84	10.373	0
36.842	10.38	0
36.845	10.391	0
36.847	10.399	0
36.849	10.406	0
36.852	10.417	0
36.854	10.424	0
36.856	10.432	0
36.858	10.44	0
36.86	10.45	0
36.862	10.458	0
36.865	10.466	0
36.867	10.476	0
36.869	10.484	0
36.871	10.492	0
36.874	10.502	0
36.876	10.51	0
36.878	10.518	0
36.88	10.526	0
36.883	10.536	0
36.885	10.544	0
36.887	10.552	0
36.89	10.562	0
36.892	10.57	0
36.894	10.577	0
36.896	10.588	0
36.898	10.596	0
36.901	10.603	0
36.903	10.611	0
36.905	10.622	0
36.907	10.629	0
36.909	10.637	0
36.912	10.648	0
36.914	10.655	0
36.916	10.663	0
36.919	10.673	0
36.921	10.681	0
36.923	10.689	0
36.925	10.697	0
36.927	10.707	0
36.929	10.715	0
36.931	10.723	0
36.934	10.733	0
36.936	10.741	0
36.938	10.749	0
36.941	10.759	0
36.943	10.767	0
36.945	10.775	0
36.947	10.783	0
36.949	10.793	0
36.951	10.801	0
36.953	10.809	0
36.956	10.819	0
36.958	10.827	0
36.96	10.834	0
36.962	10.845	0
36.964	10.853	0
36.966	10.86	0
36.968	10.868	0
36.971	10.879	0
36.973	10.886	0
36.975	10.894	0
36.977	10.905	0
36.979	10.912	0
36.981	10.92	0
36.984	10.931	0
36.986	10.938	0
36.988	10.946	0
36.99	10.954	0
36.992	10.964	0
36.994	10.972	0
36.996	10.98	0
36.999	10.99	0
37.001	10.998	0
37.003	11.006	0
37.005	11.016	0
37.007	11.024	0
37.009	11.032	0
37.011	11.04	0
37.013	11.05	0
37.015	11.058	0
37.017	11.066	0
37.02	11.076	0
37.022	11.084	0
37.024	11.092	0
37.026	11.102	0
37.028	11.11	0
37.03	11.118	0
37.032	11.126	0
37.034	11.136	0
37.036	11.144	0
37.038	11.152	0
37.041	11.162	0
37.043	11.17	0
37.045	11.178	0
37.047	11.188	0
37.049	11.196	0
37.051	11.204	0
37.053	11.212	0
37.055	11.222	0
37.057	11.23	0
37.059	11.238	0
37.062	11.248	0
37.063	11.256	0
37.065	11.264	0
37.068	11.274	0
37.07	11.282	0
37.071	11.29	0
37.073	11.298	0
37.076	11.308	0
37.078	11.316	0
37.08	11.324	0
37.082	11.334	0
37.084	11.342	0
37.086	11.35	0
37.088	11.36	0
37.09	11.368	0
37.092	11.376	0
37.094	11.384	0
37.096	11.394	0
37.098	11.402	0
37.1	11.41	0
37.102	11.42	0
37.104	11.428	0
37.106	11.436	0
37.108	11.446	0
37.11	11.454	0
37.112	11.462	0
37.114	11.47	0
37.116	11.48	0
37.118	11.488	0
37.12	11.496	0
37.122	11.506	0
37.124	11.514	0
37.126	11.522	0
37.128	11.532	0
37.13	11.54	0
37.132	11.548	0
37.134	11.556	0
37.136	11.566	0
37.138	11.574	0
37.14	11.582	0
37.142	11.592	0
37.144	11.6	0
37.146	11.608	0
37.148	11.618	0
37.15	11.626	0
37.152	11.634	0
37.153	11.642	0
37.156	11.652	0
37.157	11.66	0
37.159	11.668	0
37.162	11.679	0
37.163	11.686	0
37.165	11.694	0
37.167	11.705	0
37.169	11.712	0
37.171	11.72	0
37.173	11.728	0
37.175	11.739	0
37.177	11.746	0
37.179	11.754	0
37.181	11.765	0
37.183	11.773	0
37.184	11.78	0
37.187	11.791	0
37.188	11.799	0
37.19	11.807	0
37.192	11.814	0
37.194	11.825	0
37.196	11.833	0
37.198	11.841	0
37.2	11.851	0
37.202	11.859	0
37.203	11.867	0
37.206	11.877	0
37.207	11.885	0
37.209	11.893	0
37.211	11.901	0
37.213	11.911	0
37.215	11.919	0
37.217	11.927	0
37.219	11.937	0
37.221	11.945	0
37.222	11.953	0
37.225	11.963	0
37.226	11.971	0
37.228	11.979	0
37.23	11.987	0
37.232	11.997	0
37.234	12.005	0
37.235	12.013	0
37.237	12.024	0
37.239	12.032	0
37.241	12.039	0
37.243	12.05	0
37.245	12.058	0
37.246	12.066	0
37.248	12.073	0
37.25	12.084	0
37.252	12.092	0
37.254	12.1	0
37.256	12.11	0
37.257	12.118	0
37.259	12.126	0
37.261	12.136	0
37.263	12.144	0
37.265	12.152	0
37.266	12.16	0
37.268	12.17	0
37.27	12.178	0
37.272	12.186	0
37.274	12.197	0
37.276	12.204	0
37.277	12.212	0
37.279	12.223	0
37.281	12.231	0
37.283	12.239	0
37.284	12.246	0
37.286	12.257	0
37.288	12.265	0
37.29	12.273	0
37.292	12.283	0
37.293	12.291	0
37.295	12.299	0
37.297	12.309	0
37.299	12.317	0
37.3	12.325	0
37.302	12.333	0
37.304	12.343	0
37.306	12.351	0
37.307	12.359	0
37.309	12.37	0
37.311	12.378	0
37.312	12.386	0
37.315	12.396	0
37.316	12.404	0
37.318	12.412	0
37.319	12.42	0
37.321	12.43	0
37.323	12.438	0
37.325	12.446	0
37.327	12.456	0
37.328	12.464	0
37.33	12.472	0
37.332	12.483	0
37.333	12.491	0
37.335	12.498	0
37.336	12.506	0
37.339	12.517	0
37.34	12.525	0
37.342	12.533	0
37.344	12.543	0
37.345	12.551	0
37.347	12.559	0
37.349	12.57	0
37.35	12.577	0
37.352	12.585	0
37.353	12.593	0
37.355	12.604	0
37.357	12.612	0
37.358	12.62	0
37.36	12.63	0
37.362	12.638	0
37.364	12.646	0
37.366	12.656	0
37.367	12.664	0
37.369	12.672	0
37.37	12.68	0
37.372	12.691	0
37.374	12.699	0
37.375	12.707	0
37.377	12.717	0
37.379	12.725	0
37.38	12.733	0
37.382	12.743	0
37.383	12.751	0
37.385	12.759	0
37.386	12.767	0
37.388	12.778	0
37.39	12.786	0
37.391	12.794	0
37.393	12.805	0
37.395	12.813	0
37.396	12.821	0
37.398	12.832	0
37.4	12.84	0
37.401	12.848	0
37.403	12.856	0
37.405	12.867	0
37.406	12.875	0
37.408	12.883	0
37.41	12.894	0
37.411	12.902	0
37.413	12.911	0
37.415	12.922	0
37.416	12.93	0
37.418	12.938	0
37.419	12.946	0
37.421	12.957	0
37.423	12.965	0
37.424	12.974	0
37.426	12.985	0
37.428	12.993	0
37.429	13.001	0
37.431	13.012	0
37.433	13.021	0
37.434	13.029	0
37.436	13.037	0
37.438	13.048	0
37.439	13.057	0
37.441	13.065	0
37.443	13.076	0
37.444	13.084	0
37.446	13.093	0
37.448	13.104	0
37.449	13.112	0
37.451	13.12	0
37.452	13.129	0
37.454	13.14	0
37.455	13.148	0
37.457	13.157	0
37.459	13.168	0
37.46	13.176	0
37.462	13.185	0
37.464	13.196	0
37.465	13.204	0
37.467	13.212	0
37.468	13.221	0
37.47	13.232	0
37.472	13.24	0
37.473	13.249	0
37.475	13.26	0
37.476	13.268	0
37.478	13.277	0
37.48	13.288	0
37.481	13.296	0
37.483	13.305	0
37.484	13.313	0
37.486	13.324	0
37.488	13.333	0
37.489	13.341	0
37.491	13.352	0
37.492	13.361	0
37.494	13.369	0
37.496	13.38	0
37.497	13.388	0
37.499	13.397	0
37.5	13.405	0
37.502	13.416	0
37.503	13.425	0
37.505	13.433	0
37.507	13.444	0
37.508	13.453	0
37.509	13.461	0
37.511	13.472	0
37.513	13.48	0
37.514	13.489	0
37.516	13.497	0
37.517	13.508	0
37.519	13.517	0
37.52	13.525	0
37.522	13.536	0
37.524	13.544	0
37.525	13.553	0
37.527	13.564	0
37.528	13.572	0
37.53	13.58	0
37.531	13.589	0
37.533	13.6	0
37.534	13.608	0
37.535	13.616	0
37.537	13.628	0
37.539	13.636	0
37.54	13.644	0
37.542	13.655	0
37.543	13.663	0
37.545	13.672	0
37.546	13.68	0
37.548	13.691	0
37.549	13.699	0
37.55	13.707	0
37.552	13.718	0
37.554	13.727	0
37.555	13.735	0
37.557	13.746	0
37.558	13.754	0
37.559	13.762	0
37.561	13.77	0
37.562	13.781	0
37.564	13.789	0
37.565	13.798	0
37.567	13.809	0
37.568	13.817	0
37.569	13.825	0
37.571	13.836	0
37.572	13.844	0
37.574	13.852	0
37.575	13.86	0
37.577	13.871	0
37.578	13.879	0
37.579	13.887	0
37.581	13.898	0
37.582	13.906	0
37.583	13.914	0
37.585	13.925	0
37.586	13.933	0
37.588	13.941	0
37.589	13.949	0
37.591	13.96	0
37.592	13.968	0
37.593	13.976	0
37.595	13.987	0
37.596	13.995	0
37.597	14.003	0
37.599	14.013	0
37.6	14.021	0
37.601	14.029	0
37.602	14.037	0
37.604	14.048	0
37.605	14.056	0
37.606	14.064	0
37.608	14.074	0
37.609	14.082	0
37.61	14.09	0
37.612	14.101	0
37.613	14.109	0
37.614	14.117	0
37.615	14.125	0
37.617	14.135	0
37.618	14.143	0
37.619	14.151	0
37.621	14.161	0
37.622	14.169	0
37.623	14.177	0
37.624	14.187	0
37.626	14.195	0
37.627	14.203	0
37.628	14.211	0
37.629	14.221	0
37.63	14.229	0
37.631	14.237	0
37.633	14.247	0
37.634	14.255	0
37.635	14.263	0
37.637	14.274	0
37.638	14.281	0
37.639	14.289	0
37.64	14.297	0
37.641	14.308	0
37.642	14.315	0
37.643	14.323	0
37.645	14.334	0
37.646	14.342	0
37.647	14.35	0
37.648	14.36	0
37.649	14.368	0
37.65	14.376	0
37.651	14.384	0
37.653	14.394	0
37.654	14.402	0
37.655	14.41	0
37.656	14.421	0
37.657	14.429	0
37.658	14.437	0
37.66	14.447	0
37.661	14.455	0
37.662	14.463	0
37.663	14.471	0
37.664	14.482	0
37.665	14.49	0
37.666	14.498	0
37.668	14.508	0
37.669	14.516	0
37.67	14.524	0
37.671	14.535	0
37.672	14.543	0
37.673	14.551	0
37.674	14.559	0
37.675	14.57	0
37.676	14.578	0
37.677	14.586	0
37.678	14.596	0
37.679	14.605	0
37.68	14.613	0
37.682	14.623	0
37.683	14.631	0
37.683	14.639	0
37.684	14.647	0
37.686	14.658	0
37.687	14.666	0
37.688	14.674	0
37.689	14.685	0
37.69	14.693	0
37.691	14.701	0
37.692	14.712	0
37.693	14.72	0
37.694	14.728	0
37.695	14.736	0
37.696	14.747	0
37.697	14.755	0
37.698	14.763	0
37.699	14.774	0
37.7	14.782	0
37.701	14.791	0
37.702	14.801	0
37.703	14.81	0
37.704	14.818	0
37.705	14.826	0
37.706	14.837	0
37.707	14.845	0
37.707	14.853	0
37.709	14.864	0
37.709	14.872	0
37.71	14.88	0
37.711	14.891	0
37.712	14.899	0
37.713	14.908	0
37.714	14.916	0
37.715	14.927	0
37.716	14.935	0
37.717	14.943	0
37.718	14.954	0
37.719	14.962	0
37.72	14.971	0
37.721	14.982	0
37.722	14.99	0
37.722	14.998	0
37.723	15.006	0
37.724	15.017	0
37.725	15.026	0
37.726	15.034	0
37.727	15.045	0
37.728	15.053	0
37.729	15.061	0
37.73	15.073	0
37.73	15.081	0
37.731	15.089	0
37.732	15.097	0
37.733	15.108	0
37.734	15.117	0
37.734	15.125	0
37.736	15.136	0
37.736	15.144	0
37.737	15.153	0
37.738	15.164	0
37.739	15.172	0
37.74	15.181	0
37.74	15.189	0
37.741	15.2	0
37.742	15.208	0
37.743	15.217	0
37.744	15.228	0
37.744	15.236	0
37.745	15.245	0
37.746	15.256	0
37.747	15.264	0
37.748	15.273	0
37.748	15.281	0
37.749	15.292	0
37.75	15.3	0
37.751	15.309	0
37.752	15.32	0
37.752	15.329	0
37.753	15.337	0
37.754	15.348	0
37.755	15.357	0
37.755	15.365	0
37.756	15.373	0
37.757	15.385	0
37.757	15.393	0
37.758	15.402	0
37.759	15.413	0
37.76	15.421	0
37.76	15.43	0
37.761	15.441	0
37.762	15.449	0
37.762	15.458	0
37.763	15.466	0
37.764	15.478	0
37.765	15.486	0
37.765	15.495	0
37.766	15.506	0
37.767	15.514	0
37.767	15.523	0
37.768	15.534	0
37.769	15.543	0
37.769	15.551	0
37.77	15.56	0
37.771	15.571	0
37.771	15.58	0
37.772	15.588	0
37.773	15.6	0
37.773	15.608	0
37.774	15.617	0
37.775	15.628	0
37.775	15.637	0
37.776	15.645	0
37.776	15.654	0
37.777	15.665	0
37.778	15.674	0
37.778	15.682	0
37.779	15.694	0
37.779	15.702	0
37.78	15.711	0
37.781	15.722	0
37.781	15.731	0
37.782	15.74	0
37.782	15.748	0
37.783	15.76	0
37.783	15.768	0
37.784	15.777	0
37.785	15.788	0
37.785	15.797	0
37.786	15.806	0
37.786	15.817	0
37.787	15.826	0
37.787	15.834	0
37.788	15.843	0
37.788	15.854	0
37.789	15.863	0
37.789	15.872	0
37.79	15.883	0
37.791	15.892	0
37.791	15.901	0
37.792	15.912	0
37.792	15.921	0
37.793	15.93	0
37.793	15.938	0
37.794	15.95	0
37.794	15.958	0
37.795	15.967	0
37.795	15.979	0
37.796	15.987	0
37.796	15.996	0
37.797	16.008	0
37.797	16.016	0
37.797	16.025	0
37.798	16.034	0
37.798	16.046	0
37.799	16.054	0
37.799	16.063	0
37.8	16.075	0
37.8	16.083	0
37.8	16.092	0
37.801	16.104	0
37.801	16.113	0
37.802	16.121	0
37.802	16.13	0
37.803	16.142	0
37.803	16.151	0
37.803	16.159	0
37.804	16.171	0
37.804	16.18	0
37.805	16.189	0
37.805	16.2	0
37.805	16.209	0
37.806	16.218	0
37.806	16.227	0
37.807	16.238	0
37.807	16.247	0
37.807	16.256	0
37.808	16.268	0
37.808	16.277	0
37.808	16.285	0
37.809	16.297	0
37.809	16.306	0
37.809	16.315	0
37.81	16.324	0
37.81	16.335	0
37.81	16.344	0
37.811	16.353	0
37.811	16.365	0
37.811	16.374	0
37.812	16.383	0
37.812	16.394	0
37.812	16.403	0
37.812	16.412	0
37.813	16.421	0
37.813	16.433	0
37.813	16.442	0
37.814	16.451	0
37.814	16.463	0
37.814	16.471	0
37.814	16.48	0
37.815	16.492	0
37.815	16.501	0
37.815	16.51	0
37.815	16.519	0
37.816	16.531	0
37.816	16.54	0
37.816	16.549	0
37.816	16.561	0
37.817	16.569	0
37.817	16.578	0
37.817	16.59	0
37.817	16.599	0
37.817	16.608	0
37.818	16.617	0
37.818	16.629	0
37.818	16.638	0
37.818	16.647	0
37.818	16.659	0
37.819	16.668	0
37.819	16.677	0
37.819	16.689	0
37.819	16.698	0
37.819	16.707	0
37.819	16.716	0
37.82	16.728	0
37.82	16.737	0
37.82	16.746	0
37.82	16.758	0
37.82	16.767	0
37.82	16.776	0
37.82	16.788	0
37.821	16.797	0
37.821	16.806	0
37.821	16.815	0
37.821	16.827	0
37.821	16.836	0
37.821	16.845	0
37.821	16.857	0
37.821	16.866	0
37.821	16.875	0
37.822	16.887	0
37.822	16.896	0
37.822	16.905	0
37.822	16.914	0
37.822	16.926	0
37.822	16.935	0
37.822	16.944	0
37.822	16.957	0
37.822	16.966	0
37.822	16.975	0
37.822	16.987	0
37.822	16.996	0
37.822	17.005	0
37.822	17.014	0
37.822	17.026	0
37.822	17.035	0
37.822	17.044	0
37.822	17.057	0
37.822	17.066	0
37.822	17.075	0
37.822	17.087	0
37.822	17.096	0
37.822	17.105	0
37.822	17.114	0
37.822	17.126	0
37.822	17.136	0
37.822	17.145	0
37.822	17.157	0
37.822	17.166	0
37.822	17.175	0
37.822	17.187	0
37.822	17.197	0
37.822	17.206	0
37.822	17.215	0
37.822	17.227	0
37.822	17.236	0
37.822	17.245	0
37.822	17.258	0
37.821	17.267	0
37.821	17.276	0
37.821	17.288	0
37.821	17.297	0
37.821	17.307	0
37.821	17.316	0
37.821	17.328	0
37.821	17.337	0
37.821	17.347	0
37.821	17.359	0
37.82	17.368	0
37.82	17.377	0
37.82	17.39	0
37.82	17.399	0
37.82	17.408	0
37.82	17.417	0
37.82	17.429	0
37.819	17.439	0
37.819	17.448	0
37.819	17.46	0
37.819	17.47	0
37.819	17.479	0
37.819	17.491	0
37.818	17.5	0
37.818	17.51	0
37.818	17.519	0
37.818	17.531	0
37.818	17.54	0
37.817	17.55	0
37.817	17.562	0
37.817	17.571	0
37.817	17.581	0
37.816	17.593	0
37.816	17.602	0
37.816	17.612	0
37.816	17.621	0
37.816	17.633	0
37.815	17.643	0
37.815	17.652	0
37.815	17.664	0
37.815	17.674	0
37.814	17.683	0
37.814	17.695	0
37.814	17.705	0
37.813	17.714	0
37.813	17.723	0
37.813	17.736	0
37.813	17.745	0
37.812	17.754	0
37.812	17.767	0
37.812	17.776	0
37.811	17.786	0
37.811	17.798	0
37.811	17.807	0
37.81	17.817	0
37.81	17.826	0
37.81	17.839	0
37.809	17.848	0
37.809	17.857	0
37.809	17.87	0
37.808	17.879	0
37.808	17.889	0
37.808	17.901	0
37.807	17.91	0
37.807	17.92	0
37.806	17.929	0
37.806	17.942	0
37.806	17.951	0
37.805	17.961	0
37.805	17.973	0
37.804	17.982	0
37.804	17.992	0
37.804	18.004	0
37.803	18.014	0
37.803	18.023	0
37.802	18.033	0
37.802	18.045	0
37.802	18.055	0
37.801	18.064	0
37.801	18.077	0
37.8	18.086	0
37.8	18.096	0
37.799	18.108	0
37.799	18.118	0
37.798	18.127	0
37.798	18.136	0
37.797	18.149	0
37.797	18.159	0
37.797	18.168	0
37.796	18.181	0
37.795	18.19	0
37.795	18.2	0
37.794	18.212	0
37.794	18.222	0
37.793	18.231	0
37.793	18.241	0
37.792	18.253	0
37.792	18.263	0
37.791	18.272	0
37.791	18.285	0
37.79	18.294	0
37.79	18.304	0
37.789	18.317	0
37.789	18.326	0
37.788	18.336	0
37.788	18.345	0
37.787	18.358	0
37.786	18.367	0
37.786	18.377	0
37.785	18.389	0
37.785	18.399	0
37.784	18.408	0
37.783	18.421	0
37.783	18.431	0
37.782	18.44	0
37.782	18.45	0
37.781	18.463	0
37.78	18.472	0
37.78	18.482	0
37.779	18.494	0
37.778	18.504	0
37.778	18.513	0
37.777	18.526	0
37.776	18.536	0
37.776	18.545	0
37.775	18.555	0
37.774	18.568	0
37.774	18.577	0
37.773	18.587	0
37.772	18.6	0
37.772	18.609	0
37.771	18.619	0
37.77	18.632	0
37.77	18.641	0
37.769	18.651	0
37.768	18.66	0
37.768	18.673	0
37.767	18.683	0
37.766	18.692	0
37.765	18.705	0
37.765	18.715	0
37.764	18.724	0
37.763	18.737	0
37.762	18.747	0
37.762	18.756	0
37.761	18.766	0
37.76	18.779	0
37.759	18.788	0
37.759	18.798	0
37.758	18.811	0
37.757	18.821	0
37.756	18.83	0
37.755	18.843	0
37.755	18.853	0
37.754	18.862	0
37.753	18.872	0
37.752	18.885	0
37.752	18.895	0
37.751	18.904	0
37.75	18.917	0
37.749	18.927	0
37.748	18.936	0
37.747	18.949	0
37.747	18.959	0
37.746	18.969	0
37.745	18.978	0
37.744	18.991	0
37.743	19.001	0
37.742	19.011	0
37.741	19.024	0
37.74	19.033	0
37.74	19.043	0
37.739	19.056	0
37.738	19.066	0
37.737	19.075	0
37.736	19.085	0
37.735	19.098	0
37.734	19.108	0
37.733	19.117	0
37.732	19.13	0
37.731	19.14	0
37.731	19.15	0
37.729	19.163	0
37.729	19.172	0
37.728	19.182	0
37.727	19.192	0
37.726	19.205	0
37.725	19.215	0
37.724	19.224	0
37.723	19.237	0
37.722	19.247	0
37.721	19.257	0
37.72	19.27	0
37.719	19.28	0
37.718	19.289	0
37.717	19.299	0
37.716	19.312	0
37.715	19.322	0
37.714	19.332	0
37.713	19.345	0
37.712	19.355	0
37.711	19.364	0
37.71	19.377	0
37.709	19.387	0
37.708	19.397	0
37.707	19.407	0
37.706	19.42	0
37.705	19.43	0
37.704	19.439	0
37.702	19.452	0
37.701	19.462	0
37.7	19.472	0
37.699	19.485	0
37.698	19.495	0
37.697	19.505	0
37.696	19.514	0
37.695	19.528	0
37.694	19.537	0
37.693	19.547	0
37.691	19.56	0
37.69	19.57	0
37.689	19.58	0
37.688	19.593	0
37.687	19.603	0
37.686	19.613	0
37.685	19.623	0
37.684	19.636	0
37.682	19.646	0
37.681	19.655	0
37.68	19.668	0
37.679	19.678	0
37.678	19.688	0
37.676	19.701	0
37.675	19.711	0
37.674	19.721	0
37.673	19.731	0
37.672	19.744	0
37.671	19.754	0
37.67	19.764	0
37.668	19.777	0
37.667	19.787	0
37.666	19.797	0
37.664	19.81	0
37.663	19.82	0
37.662	19.83	0
37.661	19.84	0
37.659	19.853	0
37.658	19.863	0
37.657	19.872	0
37.656	19.886	0
37.655	19.896	0
37.653	19.905	0
37.652	19.919	0
37.651	19.929	0
37.649	19.938	0
37.648	19.948	0
37.647	19.962	0
37.646	19.972	0
37.644	19.981	0
37.643	19.995	0
37.642	20.005	0
37.64	20.015	0
37.639	20.028	0
37.637	20.038	0
37.636	20.048	0
37.635	20.058	0
37.633	20.071	0
37.632	20.081	0
37.631	20.091	0
37.629	20.104	0
37.628	20.114	0
37.627	20.124	0
37.625	20.137	0
37.624	20.147	0
37.623	20.157	0
37.621	20.167	0
37.62	20.18	0
37.618	20.19	0
37.617	20.2	0
37.615	20.213	0
37.614	20.223	0
37.613	20.233	0
37.611	20.248	0
