30.976	-27.009	0
30.995	-26.979	0
31.014	-26.949	0
31.033	-26.92	0
31.052	-26.89	0
31.071	-26.86	0
31.089	-26.83	0
31.108	-26.801	0
31.127	-26.771	0
31.146	-26.741	0
31.164	-26.711	0
31.183	-26.682	0
31.202	-26.652	0
31.22	-26.622	0
31.239	-26.592	0
31.257	-26.562	0
31.276	-26.533	0
31.294	-26.503	0
31.313	-26.473	0
31.331	-26.443	0
31.35	-26.413	0
31.368	-26.383	0
31.386	-26.353	0
31.404	-26.323	0
31.423	-26.293	0
31.441	-26.263	0
31.459	-26.233	0
31.477	-26.203	0
31.495	-26.173	0
31.513	-26.143	0
31.531	-26.113	0
31.549	-26.083	0
31.567	-26.053	0
31.585	-26.023	0
31.603	-25.993	0
31.621	-25.963	0
31.639	-25.933	0
31.657	-25.903	0
31.675	-25.873	0
31.692	-25.843	0
31.71	-25.812	0
31.728	-25.782	0
31.745	-25.752	0
31.763	-25.722	0
31.781	-25.692	0
31.798	-25.661	0
31.816	-25.631	0
31.833	-25.601	0
31.851	-25.571	0
31.868	-25.54	0
31.885	-25.51	0
31.903	-25.48	0
31.92	-25.45	0
31.937	-25.419	0
31.955	-25.389	0
31.972	-25.359	0
31.989	-25.328	0
32.006	-25.298	0
32.023	-25.268	0
32.041	-25.237	0
32.058	-25.207	0
32.075	-25.176	0
32.092	-25.146	0
32.109	-25.116	0
32.126	-25.085	0
32.142	-25.055	0
32.159	-25.024	0
32.176	-24.994	0
32.193	-24.963	0
32.21	-24.933	0
32.226	-24.902	0
32.243	-24.872	0
32.26	-24.841	0
32.276	-24.811	0
32.293	-24.78	0
32.31	-24.75	0
32.326	-24.719	0
32.343	-24.688	0
32.359	-24.658	0
32.376	-24.627	0
32.392	-24.597	0
32.408	-24.566	0
32.425	-24.535	0
32.441	-24.505	0
32.457	-24.474	0
32.474	-24.443	0
32.49	-24.413	0
32.506	-24.382	0
32.522	-24.351	0
32.538	-24.321	0
32.554	-24.29	0
32.57	-24.259	0
32.586	-24.228	0
32.602	-24.198	0
32.618	-24.167	0
32.634	-24.136	0
32.65	-24.105	0
32.666	-24.075	0
32.682	-24.044	0
32.697	-24.013	0
32.713	-23.982	0
32.729	-23.951	0
32.745	-23.92	0
32.76	-23.89	0
32.776	-23.859	0
32.791	-23.828	0
32.807	-23.797	0
32.822	-23.766	0
32.838	-23.735	0
32.853	-23.704	0
32.869	-23.673	0
32.884	-23.642	0
32.9	-23.612	0
32.915	-23.581	0
32.93	-23.55	0
32.945	-23.519	0
32.961	-23.488	0
32.976	-23.457	0
32.991	-23.426	0
33.006	-23.395	0
33.021	-23.364	0
33.036	-23.333	0
33.051	-23.302	0
33.066	-23.271	0
33.081	-23.24	0
33.096	-23.209	0
33.111	-23.177	0
33.126	-23.146	0
33.14	-23.115	0
33.155	-23.084	0
33.17	-23.053	0
33.185	-23.022	0
33.199	-22.991	0
33.214	-22.96	0
33.229	-22.929	0
33.243	-22.897	0
33.258	-22.866	0
33.272	-22.835	0
33.287	-22.804	0
33.301	-22.773	0
33.315	-22.742	0
33.33	-22.71	0
33.344	-22.679	0
33.358	-22.648	0
33.373	-22.617	0
33.387	-22.586	0
33.401	-22.554	0
33.415	-22.523	0
33.429	-22.492	0
33.443	-22.461	0
33.458	-22.429	0
33.472	-22.398	0
33.486	-22.367	0
33.499	-22.336	0
33.513	-22.304	0
33.527	-22.273	0
33.541	-22.242	0
33.555	-22.21	0
33.569	-22.179	0
33.582	-22.148	0
33.596	-22.116	0
33.61	-22.085	0
33.624	-22.054	0
33.637	-22.022	0
33.651	-21.991	0
33.664	-21.959	0
33.678	-21.928	0
33.691	-21.897	0
33.705	-21.865	0
33.718	-21.834	0
33.731	-21.803	0
33.745	-21.771	0
33.758	-21.74	0
33.771	-21.708	0
33.785	-21.677	0
33.798	-21.645	0
33.811	-21.614	0
33.824	-21.582	0
33.837	-21.551	0
33.85	-21.52	0
33.863	-21.488	0
33.876	-21.457	0
33.889	-21.425	0
33.902	-21.394	0
33.915	-21.362	0
33.928	-21.331	0
33.941	-21.299	0
33.953	-21.267	0
33.966	-21.236	0
33.979	-21.204	0
33.992	-21.173	0
34.004	-21.141	0
34.017	-21.11	0
34.029	-21.078	0
34.042	-21.047	0
34.055	-21.015	0
34.067	-20.984	0
34.079	-20.952	0
34.092	-20.92	0
34.104	-20.889	0
34.117	-20.857	0
34.129	-20.826	0
34.141	-20.794	0
34.153	-20.762	0
34.165	-20.731	0
34.178	-20.699	0
34.19	-20.667	0
34.202	-20.636	0
34.214	-20.604	0
34.226	-20.573	0
34.238	-20.541	0
34.25	-20.509	0
34.262	-20.478	0
34.274	-20.446	0
34.285	-20.414	0
34.297	-20.383	0
34.309	-20.351	0
34.321	-20.319	0
34.333	-20.288	0
34.344	-20.256	0
34.356	-20.224	0
34.367	-20.192	0
34.379	-20.161	0
34.391	-20.129	0
34.402	-20.097	0
34.413	-20.066	0
34.425	-20.034	0
34.436	-20.002	0
34.448	-19.97	0
34.459	-19.939	0
34.47	-19.907	0
34.481	-19.875	0
34.493	-19.843	0
34.504	-19.812	0
34.515	-19.78	0
34.526	-19.748	0
34.537	-19.716	0
34.548	-19.685	0
34.559	-19.653	0
34.57	-19.621	0
34.581	-19.589	0
34.592	-19.557	0
34.603	-19.526	0
34.614	-19.494	0
34.624	-19.462	0
34.635	-19.43	0
34.646	-19.399	0
34.657	-19.367	0
34.667	-19.335	0
34.678	-19.303	0
34.688	-19.271	0
34.699	-19.239	0
34.709	-19.208	0
34.72	-19.176	0
34.73	-19.144	0
34.741	-19.112	0
34.751	-19.08	0
34.761	-19.049	0
34.772	-19.017	0
34.782	-18.985	0
34.792	-18.953	0
34.802	-18.921	0
34.812	-18.889	0
34.823	-18.857	0
34.833	-18.826	0
34.843	-18.794	0
34.853	-18.762	0
34.863	-18.73	0
34.873	-18.698	0
34.883	-18.666	0
34.892	-18.635	0
34.902	-18.603	0
34.912	-18.571	0
34.922	-18.539	0
34.931	-18.507	0
34.941	-18.475	0
34.951	-18.443	0
34.96	-18.411	0
34.97	-18.38	0
34.979	-18.348	0
34.989	-18.316	0
34.998	-18.284	0
35.008	-18.252	0
35.017	-18.22	0
35.027	-18.188	0
35.036	-18.156	0
35.045	-18.125	0
35.054	-18.093	0
35.064	-18.061	0
35.073	-18.029	0
35.082	-17.997	0
35.091	-17.965	0
35.1	-17.933	0
35.109	-17.901	0
35.118	-17.869	0
35.127	-17.838	0
35.136	-17.806	0
35.145	-17.774	0
35.154	-17.742	0
35.163	-17.71	0
35.171	-17.678	0
35.18	-17.646	0
35.189	-17.614	0
35.198	-17.582	0
35.206	-17.551	0
35.215	-17.519	0
35.223	-17.487	0
35.232	-17.455	0
35.24	-17.423	0
35.249	-17.391	0
35.257	-17.359	0
35.266	-17.327	0
35.274	-17.296	0
35.282	-17.264	0
35.29	-17.232	0
35.299	-17.2	0
35.307	-17.168	0
35.315	-17.136	0
35.323	-17.104	0
35.331	-17.072	0
35.339	-17.04	0
35.347	-17.009	0
35.355	-16.977	0
35.363	-16.945	0
35.371	-16.913	0
35.379	-16.881	0
35.387	-16.849	0
35.395	-16.817	0
35.402	-16.786	0
35.41	-16.754	0
35.418	-16.722	0
35.425	-16.69	0
35.433	-16.658	0
35.441	-16.626	0
35.448	-16.594	0
35.456	-16.563	0
35.463	-16.531	0
35.471	-16.499	0
35.478	-16.467	0
35.485	-16.435	0
35.493	-16.403	0
35.5	-16.372	0
35.507	-16.34	0
35.514	-16.308	0
35.521	-16.276	0
35.529	-16.244	0
35.536	-16.212	0
35.543	-16.181	0
35.55	-16.149	0
35.557	-16.117	0
35.564	-16.085	0
35.571	-16.053	0
35.577	-16.022	0
35.584	-15.99	0
35.591	-15.958	0
35.598	-15.926	0
35.605	-15.894	0
35.611	-15.863	0
35.618	-15.831	0
35.624	-15.799	0
35.631	-15.767	0
35.638	-15.736	0
35.644	-15.704	0
35.651	-15.672	0
35.657	-15.64	0
35.663	-15.609	0
35.67	-15.577	0
35.676	-15.545	0
35.682	-15.513	0
35.689	-15.482	0
35.695	-15.45	0
35.701	-15.418	0
35.707	-15.387	0
35.713	-15.355	0
35.719	-15.323	0
35.725	-15.291	0
35.731	-15.26	0
35.737	-15.228	0
35.743	-15.196	0
35.749	-15.165	0
35.755	-15.133	0
35.76	-15.101	0
35.766	-15.07	0
35.772	-15.038	0
35.778	-15.007	0
35.783	-14.975	0
35.789	-14.943	0
35.794	-14.912	0
35.8	-14.88	0
35.805	-14.848	0
35.811	-14.817	0
35.816	-14.785	0
35.822	-14.754	0
35.827	-14.722	0
35.832	-14.691	0
35.837	-14.659	0
35.843	-14.627	0
35.848	-14.596	0
35.853	-14.564	0
35.858	-14.533	0
35.863	-14.501	0
35.868	-14.47	0
35.873	-14.438	0
35.878	-14.407	0
35.883	-14.375	0
35.888	-14.344	0
35.893	-14.312	0
35.898	-14.281	0
35.902	-14.25	0
35.907	-14.218	0
35.912	-14.187	0
35.916	-14.155	0
35.921	-14.124	0
35.926	-14.092	0
35.93	-14.061	0
35.935	-14.03	0
35.939	-13.998	0
35.944	-13.967	0
35.948	-13.936	0
35.952	-13.904	0
35.957	-13.873	0
35.961	-13.842	0
35.965	-13.81	0
35.969	-13.779	0
35.973	-13.748	0
35.977	-13.716	0
35.982	-13.685	0
35.986	-13.654	0
35.99	-13.623	0
35.994	-13.591	0
35.997	-13.56	0
36.001	-13.529	0
36.005	-13.498	0
36.009	-13.467	0
36.013	-13.436	0
36.016	-13.404	0
36.02	-13.373	0
36.024	-13.342	0
36.027	-13.311	0
36.031	-13.28	0
36.035	-13.249	0
36.038	-13.218	0
36.041	-13.187	0
36.045	-13.156	0
36.048	-13.125	0
36.052	-13.094	0
36.055	-13.063	0
36.058	-13.032	0
36.061	-13.001	0
36.065	-12.97	0
36.068	-12.939	0
36.071	-12.908	0
36.074	-12.877	0
36.077	-12.846	0
36.08	-12.815	0
36.083	-12.784	0
36.086	-12.753	0
36.089	-12.722	0
36.091	-12.692	0
36.094	-12.661	0
36.097	-12.63	0
36.1	-12.599	0
36.102	-12.568	0
36.105	-12.538	0
36.108	-12.507	0
36.11	-12.476	0
36.113	-12.446	0
36.115	-12.415	0
36.118	-12.384	0
36.12	-12.354	0
36.122	-12.323	0
36.125	-12.292	0
36.127	-12.262	0
36.129	-12.231	0
36.131	-12.201	0
36.134	-12.17	0
36.136	-12.14	0
36.138	-12.109	0
36.14	-12.079	0
36.142	-12.048	0
36.144	-12.018	0
36.146	-11.988	0
36.148	-11.957	0
36.149	-11.927	0
36.151	-11.896	0
36.153	-11.866	0
36.155	-11.836	0
36.156	-11.806	0
36.158	-11.775	0
36.16	-11.745	0
36.161	-11.715	0
36.163	-11.685	0
36.164	-11.655	0
36.166	-11.624	0
36.167	-11.594	0
36.168	-11.564	0
36.17	-11.534	0
36.171	-11.504	0
36.172	-11.474	0
36.174	-11.444	0
36.175	-11.414	0
36.176	-11.384	0
36.177	-11.354	0
36.178	-11.324	0
36.179	-11.295	0
36.18	-11.265	0
36.181	-11.235	0
36.182	-11.205	0
36.183	-11.175	0
36.183	-11.146	0
36.184	-11.116	0
36.185	-11.086	0
36.186	-11.057	0
36.186	-11.027	0
36.187	-10.998	0
36.187	-10.968	0
36.188	-10.939	0
36.188	-10.909	0
36.189	-10.88	0
36.189	-10.85	0
36.19	-10.821	0
36.19	-10.791	0
36.19	-10.762	0
36.191	-10.733	0
36.191	-10.704	0
36.191	-10.674	0
36.191	-10.645	0
36.191	-10.616	0
36.191	-10.587	0
36.191	-10.558	0
36.191	-10.529	0
36.191	-10.5	0
36.191	-10.471	0
36.191	-10.442	0
36.191	-10.413	0
36.19	-10.384	0
36.19	-10.355	0
36.19	-10.327	0
36.189	-10.298	0
36.189	-10.269	0
36.188	-10.241	0
36.188	-10.212	0
36.187	-10.183	0
36.187	-10.155	0
36.186	-10.126	0
36.186	-10.098	0
36.185	-10.07	0
36.184	-10.041	0
36.183	-10.013	0
36.183	-9.9847	0
36.182	-9.9565	0
36.181	-9.9283	0
36.18	-9.9002	0
36.179	-9.8721	0
36.178	-9.8441	0
36.177	-9.8162	0
36.176	-9.7882	0
36.175	-9.7604	0
36.174	-9.7326	0
36.172	-9.7048	0
36.171	-9.6771	0
36.17	-9.6494	0
36.169	-9.6218	0
36.167	-9.5943	0
36.166	-9.5668	0
36.164	-9.5394	0
36.163	-9.512	0
36.161	-9.4847	0
36.16	-9.4574	0
36.158	-9.4302	0
36.156	-9.4031	0
36.155	-9.376	0
36.153	-9.349	0
36.151	-9.3221	0
36.149	-9.2952	0
36.148	-9.2684	0
36.146	-9.2417	0
36.144	-9.215	0
36.142	-9.1884	0
36.14	-9.1618	0
36.138	-9.1354	0
36.136	-9.109	0
36.134	-9.0826	0
36.132	-9.0564	0
36.129	-9.0302	0
36.127	-9.0041	0
36.125	-8.9781	0
36.123	-8.9522	0
36.12	-8.9263	0
36.118	-8.9005	0
36.115	-8.8749	0
36.113	-8.8492	0
36.11	-8.8237	0
36.108	-8.7983	0
36.105	-8.7729	0
36.103	-8.7477	0
36.1	-8.7225	0
36.097	-8.6975	0
36.095	-8.6725	0
36.092	-8.6476	0
36.089	-8.6228	0
36.086	-8.598	0
36.084	-8.5731	0
36.081	-8.5483	0
36.078	-8.5234	0
36.075	-8.4985	0
36.072	-8.4735	0
36.068	-8.4486	0
36.065	-8.4236	0
36.062	-8.3987	0
36.059	-8.3737	0
36.056	-8.3486	0
36.052	-8.3236	0
36.049	-8.2985	0
36.045	-8.2735	0
36.042	-8.2484	0
36.038	-8.2233	0
36.035	-8.1981	0
36.031	-8.173	0
36.027	-8.1478	0
36.024	-8.1227	0
36.02	-8.0975	0
36.016	-8.0723	0
36.012	-8.0471	0
36.008	-8.0218	0
36.004	-7.9966	0
36	-7.9713	0
35.996	-7.946	0
35.992	-7.9207	0
35.988	-7.8954	0
35.984	-7.8701	0
35.98	-7.8448	0
35.975	-7.8194	0
35.971	-7.7941	0
35.967	-7.7687	0
35.962	-7.7433	0
35.958	-7.7179	0
35.953	-7.6925	0
35.949	-7.6671	0
35.944	-7.6417	0
35.94	-7.6162	0
35.935	-7.5908	0
35.93	-7.5653	0
35.925	-7.5398	0
35.921	-7.5144	0
35.916	-7.4889	0
35.911	-7.4634	0
35.906	-7.4379	0
35.901	-7.4124	0
35.896	-7.3869	0
35.891	-7.3614	0
35.886	-7.3359	0
35.881	-7.3103	0
35.876	-7.2848	0
35.87	-7.2593	0
35.865	-7.2337	0
35.86	-7.2082	0
35.854	-7.1827	0
35.849	-7.1571	0
35.844	-7.1316	0
35.838	-7.106	0
35.833	-7.0805	0
35.827	-7.0549	0
35.821	-7.0294	0
35.816	-7.0039	0
35.81	-6.9783	0
35.805	-6.9528	0
35.799	-6.9273	0
35.793	-6.9017	0
35.787	-6.8762	0
35.781	-6.8507	0
35.775	-6.8252	0
35.77	-6.7997	0
35.764	-6.7742	0
35.758	-6.7488	0
35.752	-6.7233	0
35.745	-6.6979	0
35.739	-6.6724	0
35.733	-6.647	0
35.727	-6.6216	0
35.721	-6.5962	0
35.715	-6.5709	0
35.708	-6.5455	0
35.702	-6.5202	0
35.696	-6.4949	0
35.689	-6.4697	0
35.683	-6.4444	0
35.676	-6.4192	0
35.67	-6.394	0
35.663	-6.3689	0
35.657	-6.3438	0
35.65	-6.3187	0
35.644	-6.2936	0
35.637	-6.2686	0
35.63	-6.2437	0
35.624	-6.2187	0
35.617	-6.1939	0
35.61	-6.169	0
35.604	-6.1443	0
35.597	-6.1196	0
35.59	-6.0949	0
35.583	-6.0703	0
35.576	-6.0458	0
35.57	-6.0213	0
35.563	-5.9969	0
35.556	-5.9726	0
35.549	-5.9483	0
35.542	-5.9242	0
35.535	-5.9001	0
35.528	-5.8761	0
35.521	-5.8522	0
35.514	-5.8285	0
35.507	-5.8048	0
35.5	-5.7812	0
35.493	-5.7577	0
35.486	-5.7344	0
35.479	-5.7112	0
35.472	-5.6881	0
35.465	-5.6652	0
35.458	-5.6425	0
35.451	-5.6198	0
35.444	-5.5974	0
35.437	-5.5751	0
35.43	-5.553	0
35.424	-5.5312	0
35.417	-5.5095	0
35.41	-5.488	0
35.403	-5.4668	0
35.396	-5.4458	0
35.389	-5.425	0
35.383	-5.4046	0
35.376	-5.3844	0
35.369	-5.3645	0
35.363	-5.3449	0
35.357	-5.3257	0
35.35	-5.3068	0
35.344	-5.2883	0
35.338	-5.2702	0
35.332	-5.2526	0
35.326	-5.2354	0
35.32	-5.2187	0
35.314	-5.2025	0
35.309	-5.1868	0
35.303	-5.1717	0
35.298	-5.1573	0
35.293	-5.1435	0
35.288	-5.1305	0
35.284	-5.1182	0
35.278	-5.1021	0
35.269	-5.0799	0
35.261	-5.057	0
35.253	-5.0357	0
35.245	-5.0148	0
35.237	-4.9943	0
35.229	-4.9742	0
35.222	-4.9547	0
35.214	-4.9356	0
35.207	-4.9171	0
35.2	-4.8991	0
35.193	-4.8819	0
35.186	-4.8653	0
35.18	-4.8493	0
35.174	-4.8333	0
35.167	-4.8173	0
35.161	-4.802	0
35.155	-4.7871	0
35.148	-4.7707	0
35.141	-4.7528	0
35.133	-4.7353	0
35.126	-4.718	0
35.118	-4.6985	0
35.108	-4.6765	0
35.099	-4.6544	0
35.089	-4.6322	0
35.079	-4.6071	0
35.066	-4.5786	0
35.054	-4.5493	0
35.04	-4.519	0
35.025	-4.4843	0
35.008	-4.4447	0
34.99	-4.4027	0
34.97	-4.3578	0
34.948	-4.3062	0
34.923	-4.2467	0
34.895	-4.1814	0
34.865	-4.1093	0
34.83	-4.0258	0
34.791	-3.9286	0
34.747	-3.8185	0
34.699	-3.6933	0
34.644	-3.5464	0
34.583	-3.3737	0
34.516	-3.1736	0
34.443	-2.9415	0
34.365	-2.6694	0
34.283	-2.3518	0
34.202	-1.9877	0
34.128	-1.576	0
34.065	-1.117	0
34.021	-0.62129	0
34	-0.092182	0
34.008	0.44367	0
34.044	0.97167	0
34.104	1.4751	0
34.183	1.9412	0
34.274	2.362	0
34.369	2.7339	0
34.465	3.0579	0
34.557	3.3385	0
34.643	3.5799	0
34.721	3.7857	0
34.792	3.9613	0
34.856	4.1126	0
34.913	4.2434	0
34.963	4.3553	0
35.007	4.4514	0
35.046	4.5355	0
35.081	4.6094	0
35.112	4.6728	0
35.138	4.7274	0
35.162	4.7759	0
35.183	4.8189	0
35.201	4.8555	0
35.216	4.8867	0
35.23	4.9143	0
35.242	4.9391	0
35.254	4.9619	0
35.264	4.983	0
35.273	5.0026	0
35.282	5.0209	0
35.291	5.0383	0
35.299	5.0548	0
35.307	5.0705	0
35.314	5.0857	0
35.321	5.1004	0
35.328	5.1147	0
35.334	5.1287	0
35.341	5.1424	0
35.347	5.156	0
35.354	5.1695	0
35.36	5.183	0
35.366	5.1964	0
35.372	5.2099	0
35.378	5.2235	0
35.385	5.2371	0
35.391	5.2509	0
35.397	5.2648	0
35.403	5.2789	0
35.41	5.2932	0
35.416	5.3078	0
35.423	5.3226	0
35.429	5.3376	0
35.436	5.3529	0
35.443	5.3684	0
35.449	5.3843	0
35.456	5.4005	0
35.463	5.417	0
35.47	5.4338	0
35.478	5.4509	0
35.485	5.4684	0
35.492	5.4862	0
35.5	5.5044	0
35.508	5.5229	0
35.515	5.5418	0
35.523	5.5611	0
35.531	5.5807	0
35.539	5.6007	0
35.547	5.6211	0
35.556	5.6419	0
35.564	5.6631	0
35.573	5.6846	0
35.582	5.7065	0
35.59	5.7289	0
35.599	5.7516	0
35.608	5.7748	0
35.618	5.7983	0
35.627	5.8222	0
35.636	5.8465	0
35.646	5.8713	0
35.656	5.8964	0
35.665	5.922	0
35.675	5.9479	0
35.686	5.9743	0
35.696	6.001	0
35.706	6.0282	0
35.717	6.0558	0
35.727	6.0837	0
35.738	6.1121	0
35.749	6.1409	0
35.76	6.1701	0
35.771	6.1997	0
35.783	6.2297	0
35.794	6.2601	0
35.806	6.2908	0
35.817	6.322	0
35.829	6.3536	0
35.841	6.3856	0
35.854	6.418	0
35.866	6.4507	0
35.878	6.4839	0
35.891	6.5174	0
35.904	6.5513	0
35.917	6.5856	0
35.93	6.6203	0
35.943	6.6554	0
35.957	6.6908	0
35.97	6.7266	0
35.984	6.7628	0
35.998	6.7994	0
36.012	6.8363	0
36.026	6.8735	0
36.04	6.9109	0
36.055	6.9479	0
36.069	6.9845	0
36.083	7.0208	0
36.097	7.0568	0
36.11	7.0926	0
36.124	7.1282	0
36.138	7.1634	0
36.151	7.1984	0
36.165	7.2332	0
36.178	7.2678	0
36.192	7.3021	0
36.205	7.3361	0
36.218	7.37	0
36.231	7.4036	0
36.245	7.437	0
36.258	7.4702	0
36.271	7.5032	0
36.283	7.5361	0
36.296	7.5687	0
36.309	7.6012	0
36.322	7.6335	0
36.334	7.6656	0
36.347	7.6975	0
36.359	7.7293	0
36.372	7.761	0
36.384	7.7925	0
36.396	7.8238	0
36.409	7.855	0
36.421	7.8861	0
36.433	7.917	0
36.445	7.9478	0
36.457	7.9784	0
36.469	8.009	0
36.481	8.0394	0
36.493	8.0697	0
36.505	8.0999	0
36.517	8.13	0
36.529	8.16	0
36.54	8.1899	0
36.552	8.2197	0
36.563	8.2493	0
36.575	8.2789	0
36.587	8.3084	0
36.598	8.3378	0
36.61	8.3671	0
36.621	8.3964	0
36.632	8.4256	0
36.644	8.4546	0
36.655	8.4836	0
36.666	8.5125	0
36.677	8.5414	0
36.688	8.5701	0
36.7	8.5989	0
36.711	8.6275	0
36.722	8.6561	0
36.733	8.6847	0
36.744	8.7131	0
36.755	8.7415	0
36.766	8.7699	0
36.777	8.7982	0
36.787	8.8264	0
36.798	8.8546	0
36.809	8.8828	0
36.82	8.9109	0
36.83	8.9389	0
36.841	8.9669	0
36.852	8.9949	0
36.862	9.0228	0
36.873	9.0507	0
36.883	9.0785	0
36.894	9.1063	0
36.904	9.1341	0
36.915	9.1618	0
36.925	9.1895	0
36.936	9.2172	0
36.946	9.2448	0
36.956	9.2724	0
36.967	9.3	0
36.977	9.3276	0
36.987	9.3551	0
36.998	9.3826	0
37.008	9.41	0
37.018	9.4375	0
37.028	9.4649	0
37.038	9.4923	0
37.048	9.5197	0
37.058	9.547	0
37.068	9.5744	0
37.079	9.6017	0
37.089	9.629	0
37.098	9.6563	0
37.108	9.6836	0
37.118	9.7108	0
37.128	9.7381	0
37.138	9.7653	0
37.148	9.7925	0
37.158	9.8197	0
37.168	9.8469	0
37.177	9.8741	0
37.187	9.9013	0
37.197	9.9285	0
37.207	9.9556	0
37.216	9.9827	0
37.226	10.01	0
37.236	10.037	0
37.245	10.064	0
37.255	10.091	0
37.264	10.118	0
37.274	10.145	0
37.283	10.173	0
37.293	10.2	0
37.302	10.227	0
37.312	10.254	0
37.321	10.281	0
37.331	10.308	0
37.34	10.335	0
37.349	10.362	0
37.359	10.389	0
37.368	10.416	0
37.377	10.443	0
37.387	10.471	0
37.396	10.498	0
37.405	10.525	0
37.414	10.552	0
37.423	10.579	0
37.433	10.606	0
37.442	10.633	0
37.451	10.66	0
37.46	10.687	0
37.469	10.714	0
37.478	10.741	0
37.487	10.769	0
37.496	10.796	0
37.505	10.823	0
37.514	10.85	0
37.523	10.877	0
37.532	10.904	0
37.541	10.931	0
37.55	10.958	0
37.559	10.986	0
37.568	11.013	0
37.576	11.04	0
37.585	11.067	0
37.594	11.094	0
37.603	11.121	0
37.611	11.149	0
37.62	11.176	0
37.629	11.203	0
37.638	11.23	0
37.646	11.257	0
37.655	11.285	0
37.663	11.312	0
37.672	11.339	0
37.681	11.366	0
37.689	11.394	0
37.698	11.421	0
37.706	11.448	0
37.715	11.475	0
37.723	11.503	0
37.732	11.53	0
37.74	11.557	0
37.748	11.585	0
37.757	11.612	0
37.765	11.639	0
37.773	11.666	0
37.782	11.694	0
37.79	11.721	0
37.798	11.749	0
37.806	11.776	0
37.815	11.803	0
37.823	11.831	0
37.831	11.858	0
37.839	11.885	0
37.847	11.913	0
37.855	11.94	0
37.863	11.968	0
37.871	11.995	0
37.88	12.022	0
37.888	12.05	0
37.895	12.077	0
37.903	12.105	0
37.911	12.132	0
37.919	12.16	0
37.927	12.187	0
37.935	12.215	0
37.943	12.242	0
37.951	12.27	0
37.959	12.297	0
37.966	12.325	0
37.974	12.352	0
37.982	12.38	0
37.989	12.407	0
37.997	12.435	0
38.005	12.462	0
38.012	12.49	0
38.02	12.517	0
38.028	12.545	0
38.035	12.573	0
38.043	12.6	0
38.05	12.628	0
38.058	12.655	0
38.065	12.683	0
38.072	12.711	0
38.08	12.738	0
38.087	12.766	0
38.095	12.794	0
38.102	12.821	0
38.109	12.849	0
38.116	12.876	0
38.124	12.904	0
38.131	12.932	0
38.138	12.96	0
38.145	12.987	0
38.152	13.015	0
38.159	13.043	0
38.167	13.07	0
38.174	13.098	0
38.181	13.126	0
38.188	13.154	0
38.195	13.181	0
38.202	13.209	0
38.208	13.237	0
38.215	13.265	0
38.222	13.293	0
38.229	13.32	0
38.236	13.348	0
38.243	13.376	0
38.249	13.404	0
38.256	13.432	0
38.263	13.46	0
38.27	13.487	0
38.276	13.515	0
38.283	13.543	0
38.289	13.571	0
38.296	13.6	0
38.303	13.628	0
38.309	13.655	0
38.315	13.682	0
38.322	13.709	0
38.328	13.736	0
38.334	13.764	0
38.34	13.791	0
38.346	13.818	0
38.352	13.845	0
38.359	13.873	0
38.365	13.9	0
38.371	13.927	0
38.377	13.955	0
38.383	13.982	0
38.389	14.01	0
38.394	14.037	0
38.4	14.065	0
38.406	14.092	0
38.412	14.12	0
38.418	14.147	0
38.423	14.175	0
38.429	14.203	0
38.435	14.23	0
38.44	14.258	0
38.446	14.286	0
38.452	14.313	0
38.457	14.341	0
38.463	14.369	0
38.468	14.397	0
38.474	14.425	0
38.479	14.453	0
38.484	14.48	0
38.49	14.508	0
38.495	14.536	0
38.5	14.564	0
38.506	14.592	0
38.511	14.621	0
38.516	14.649	0
38.521	14.677	0
38.526	14.705	0
38.532	14.733	0
38.537	14.762	0
38.542	14.79	0
38.547	14.818	0
38.552	14.846	0
38.556	14.875	0
38.561	14.903	0
38.566	14.932	0
38.571	14.96	0
38.576	14.989	0
38.581	15.017	0
38.585	15.046	0
38.59	15.075	0
38.595	15.103	0
38.599	15.132	0
38.604	15.161	0
38.608	15.19	0
38.613	15.218	0
38.617	15.247	0
38.622	15.276	0
38.626	15.305	0
38.631	15.334	0
38.635	15.363	0
38.639	15.392	0
38.644	15.421	0
38.648	15.45	0
38.652	15.48	0
38.656	15.509	0
38.66	15.538	0
38.664	15.567	0
38.669	15.597	0
38.673	15.626	0
38.677	15.655	0
38.68	15.685	0
38.684	15.714	0
38.688	15.744	0
38.692	15.773	0
38.696	15.803	0
38.7	15.833	0
38.703	15.862	0
38.707	15.892	0
38.711	15.922	0
38.714	15.952	0
38.718	15.981	0
38.722	16.011	0
38.725	16.041	0
38.729	16.071	0
38.732	16.101	0
38.735	16.131	0
38.739	16.161	0
38.742	16.191	0
38.746	16.221	0
38.749	16.252	0
38.752	16.282	0
38.755	16.312	0
38.758	16.342	0
38.761	16.373	0
38.765	16.403	0
38.768	16.434	0
38.771	16.464	0
38.774	16.495	0
38.776	16.525	0
38.779	16.556	0
38.782	16.586	0
38.785	16.617	0
38.788	16.648	0
38.79	16.678	0
38.793	16.709	0
38.796	16.74	0
38.798	16.771	0
38.801	16.802	0
38.804	16.832	0
38.806	16.863	0
38.809	16.894	0
38.811	16.925	0
38.813	16.956	0
38.816	16.988	0
38.818	17.019	0
38.82	17.05	0
38.822	17.081	0
38.825	17.112	0
38.827	17.144	0
38.829	17.175	0
38.831	17.206	0
38.833	17.238	0
38.835	17.269	0
38.837	17.301	0
38.839	17.332	0
38.841	17.364	0
38.843	17.396	0
38.844	17.427	0
38.846	17.459	0
38.848	17.491	0
38.85	17.522	0
38.851	17.554	0
38.853	17.586	0
38.854	17.618	0
38.856	17.65	0
38.857	17.682	0
38.859	17.714	0
38.86	17.746	0
38.862	17.778	0
38.863	17.81	0
38.864	17.842	0
38.865	17.874	0
38.867	17.906	0
38.868	17.938	0
38.869	17.97	0
38.87	18.003	0
38.871	18.035	0
38.872	18.067	0
38.873	18.1	0
38.874	18.132	0
38.875	18.164	0
38.876	18.197	0
38.877	18.229	0
38.877	18.262	0
38.878	18.294	0
38.879	18.327	0
38.879	18.359	0
38.88	18.392	0
38.881	18.425	0
38.881	18.457	0
38.882	18.49	0
38.882	18.523	0
38.882	18.556	0
38.883	18.588	0
38.883	18.621	0
38.883	18.654	0
38.884	18.687	0
38.884	18.72	0
38.884	18.753	0
38.884	18.786	0
38.884	18.819	0
38.884	18.852	0
38.884	18.885	0
38.884	18.918	0
38.884	18.951	0
38.884	18.984	0
38.884	19.017	0
38.883	19.05	0
38.883	19.084	0
38.883	19.117	0
38.882	19.15	0
38.882	19.183	0
38.882	19.217	0
38.881	19.25	0
38.881	19.284	0
38.88	19.317	0
38.879	19.35	0
38.879	19.384	0
38.878	19.417	0
38.877	19.451	0
38.877	19.484	0
38.876	19.518	0
38.875	19.552	0
38.874	19.585	0
38.873	19.619	0
38.872	19.652	0
38.871	19.686	0
38.87	19.72	0
38.869	19.754	0
38.868	19.787	0
38.867	19.821	0
38.865	19.855	0
38.864	19.889	0
38.863	19.923	0
38.861	19.957	0
38.86	19.991	0
38.858	20.025	0
38.857	20.059	0
38.855	20.093	0
38.854	20.127	0
38.852	20.161	0
38.85	20.195	0
38.849	20.229	0
38.847	20.263	0
38.845	20.297	0
38.843	20.331	0
38.841	20.366	0
38.839	20.4	0
38.837	20.434	0
38.835	20.468	0
38.833	20.503	0
38.831	20.537	0
38.829	20.571	0
38.827	20.606	0
38.824	20.64	0
38.822	20.675	0
38.82	20.709	0
38.817	20.744	0
38.815	20.778	0
38.812	20.813	0
38.81	20.847	0
38.807	20.882	0
38.804	20.917	0
38.802	20.951	0
38.799	20.986	0
38.796	21.021	0
38.793	21.055	0
38.791	21.09	0
38.788	21.125	0
38.785	21.16	0
38.782	21.194	0
38.778	21.229	0
38.775	21.264	0
38.772	21.299	0
38.769	21.334	0
38.766	21.369	0
38.762	21.404	0
38.759	21.439	0
38.756	21.474	0
38.752	21.509	0
38.749	21.544	0
38.745	21.579	0
38.741	21.614	0
38.738	21.65	0
38.734	21.685	0
38.73	21.72	0
38.726	21.755	0
38.723	21.791	0
38.719	21.826	0
38.715	21.861	0
38.711	21.896	0
38.707	21.932	0
38.702	21.967	0
38.698	22.003	0
38.694	22.038	0
38.69	22.073	0
38.686	22.109	0
38.681	22.144	0
38.677	22.18	0
38.672	22.215	0
38.668	22.251	0
38.663	22.286	0
38.659	22.322	0
38.654	22.358	0
38.649	22.393	0
38.645	22.429	0
38.64	22.465	0
38.635	22.5	0
38.63	22.536	0
38.625	22.572	0
38.62	22.607	0
38.615	22.643	0
38.61	22.679	0
38.605	22.715	0
38.6	22.751	0
38.594	22.786	0
38.589	22.822	0
38.584	22.858	0
38.578	22.894	0
38.573	22.93	0
38.567	22.966	0
38.562	23.002	0
38.556	23.038	0
38.551	23.074	0
38.545	23.11	0
38.539	23.146	0
38.533	23.182	0
38.528	23.218	0
38.522	23.254	0
38.516	23.29	0
38.51	23.326	0
38.504	23.362	0
38.498	23.398	0
38.492	23.435	0
38.485	23.471	0
38.479	23.507	0
38.473	23.543	0
38.467	23.579	0
38.46	23.616	0
38.454	23.652	0
38.447	23.688	0
38.441	23.724	0
38.434	23.761	0
38.428	23.797	0
38.421	23.833	0
38.414	23.87	0
38.407	23.906	0
38.401	23.942	0
38.394	23.979	0
38.387	24.015	0
38.38	24.052	0
38.373	24.088	0
38.366	24.124	0
38.359	24.161	0
38.352	24.197	0
38.344	24.234	0
38.337	24.27	0
38.33	24.307	0
38.322	24.343	0
38.315	24.38	0
38.308	24.417	0
38.3	24.453	0
38.292	24.49	0
38.285	24.526	0
38.277	24.563	0
38.269	24.6	0
38.262	24.636	0
38.254	24.673	0
38.246	24.71	0
38.238	24.746	0
38.23	24.783	0
38.222	24.82	0
38.214	24.856	0
38.206	24.893	0
38.198	24.93	0
38.19	24.967	0
38.181	25.003	0
38.173	25.04	0
38.165	25.077	0
38.156	25.114	0
38.148	25.151	0
38.139	25.188	0
38.131	25.224	0
38.122	25.261	0
38.114	25.298	0
38.105	25.335	0
38.096	25.372	0
38.087	25.409	0
38.078	25.446	0
38.07	25.483	0
38.061	25.52	0
38.052	25.557	0
38.042	25.594	0
38.033	25.631	0
38.024	25.668	0
38.015	25.705	0
38.006	25.742	0
37.996	25.779	0
37.987	25.816	0
37.978	25.853	0
37.968	25.89	0
37.959	25.927	0
37.949	25.964	0
37.939	26.001	0
37.93	26.038	0
37.92	26.075	0
37.91	26.112	0
37.901	26.149	0
37.891	26.187	0
37.881	26.224	0
37.871	26.261	0
37.861	26.298	0
37.851	26.335	0
37.841	26.373	0
37.83	26.41	0
37.82	26.447	0
37.81	26.484	0
37.8	26.521	0
37.789	26.559	0
37.779	26.596	0
37.768	26.633	0
37.758	26.67	0
37.747	26.708	0
37.736	26.745	0
37.726	26.782	0
37.715	26.82	0
37.704	26.857	0
37.693	26.894	0
37.682	26.932	0
37.672	26.969	0
37.661	27.006	0
37.649	27.044	0
37.638	27.081	0
37.627	27.119	0
37.616	27.156	0
37.605	27.193	0
37.593	27.231	0
37.582	27.268	0
37.571	27.306	0
37.559	27.343	0
37.548	27.381	0
37.536	27.418	0
37.524	27.456	0
37.513	27.493	0
37.501	27.53	0
37.489	27.568	0
37.477	27.605	0
37.466	27.643	0
37.454	27.681	0
37.442	27.718	0
37.43	27.756	0
37.417	27.793	0
37.405	27.831	0
37.393	27.868	0
37.381	27.906	0
37.369	27.943	0
37.356	27.981	0
37.344	28.019	0
37.331	28.056	0
37.319	28.094	0
37.306	28.131	0
37.293	28.169	0
37.281	28.207	0
37.268	28.244	0
37.255	28.282	0
37.242	28.32	0
37.23	28.357	0
37.217	28.395	0
37.204	28.433	0
37.19	28.47	0
37.177	28.508	0
37.164	28.546	0
37.151	28.583	0
37.138	28.621	0
37.124	28.659	0
37.111	28.696	0
37.098	28.734	0
37.084	28.772	0
37.07	28.81	0
37.057	28.847	0
37.039	28.896	0
