30.036	-27.064	0
30.053	-27.033	0
30.069	-27.002	0
30.086	-26.971	0
30.102	-26.941	0
30.119	-26.91	0
30.135	-26.879	0
30.151	-26.848	0
30.168	-26.817	0
30.184	-26.786	0
30.2	-26.755	0
30.216	-26.724	0
30.232	-26.693	0
30.249	-26.662	0
30.265	-26.631	0
30.281	-26.6	0
30.297	-26.569	0
30.313	-26.538	0
30.329	-26.507	0
30.345	-26.476	0
30.361	-26.445	0
30.377	-26.414	0
30.393	-26.383	0
30.409	-26.352	0
30.424	-26.32	0
30.44	-26.289	0
30.456	-26.258	0
30.472	-26.227	0
30.488	-26.196	0
30.503	-26.165	0
30.519	-26.134	0
30.535	-26.103	0
30.55	-26.072	0
30.566	-26.04	0
30.581	-26.009	0
30.597	-25.978	0
30.613	-25.947	0
30.628	-25.916	0
30.643	-25.885	0
30.659	-25.853	0
30.674	-25.822	0
30.69	-25.791	0
30.705	-25.76	0
30.72	-25.729	0
30.736	-25.697	0
30.751	-25.666	0
30.766	-25.635	0
30.781	-25.604	0
30.797	-25.572	0
30.812	-25.541	0
30.827	-25.51	0
30.842	-25.478	0
30.857	-25.447	0
30.872	-25.416	0
30.887	-25.385	0
30.902	-25.353	0
30.917	-25.322	0
30.932	-25.291	0
30.947	-25.259	0
30.962	-25.228	0
30.976	-25.197	0
30.991	-25.165	0
31.006	-25.134	0
31.021	-25.103	0
31.036	-25.071	0
31.05	-25.04	0
31.065	-25.008	0
31.08	-24.977	0
31.094	-24.946	0
31.109	-24.914	0
31.123	-24.883	0
31.138	-24.851	0
31.152	-24.82	0
31.167	-24.789	0
31.181	-24.757	0
31.196	-24.726	0
31.21	-24.694	0
31.224	-24.663	0
31.239	-24.631	0
31.253	-24.6	0
31.267	-24.568	0
31.282	-24.537	0
31.296	-24.505	0
31.31	-24.474	0
31.324	-24.442	0
31.338	-24.411	0
31.352	-24.379	0
31.366	-24.348	0
31.38	-24.316	0
31.394	-24.285	0
31.408	-24.253	0
31.422	-24.222	0
31.436	-24.19	0
31.45	-24.159	0
31.464	-24.127	0
31.478	-24.095	0
31.492	-24.064	0
31.506	-24.032	0
31.519	-24.001	0
31.533	-23.969	0
31.547	-23.937	0
31.561	-23.906	0
31.574	-23.874	0
31.588	-23.843	0
31.601	-23.811	0
31.615	-23.779	0
31.628	-23.748	0
31.642	-23.716	0
31.655	-23.684	0
31.669	-23.653	0
31.682	-23.621	0
31.696	-23.59	0
31.709	-23.558	0
31.722	-23.526	0
31.736	-23.494	0
31.749	-23.463	0
31.762	-23.431	0
31.776	-23.399	0
31.789	-23.368	0
31.802	-23.336	0
31.815	-23.304	0
31.828	-23.273	0
31.841	-23.241	0
31.854	-23.209	0
31.867	-23.177	0
31.88	-23.146	0
31.893	-23.114	0
31.906	-23.082	0
31.919	-23.05	0
31.932	-23.019	0
31.945	-22.987	0
31.958	-22.955	0
31.97	-22.923	0
31.983	-22.892	0
31.996	-22.86	0
32.009	-22.828	0
32.021	-22.796	0
32.034	-22.764	0
32.047	-22.733	0
32.059	-22.701	0
32.072	-22.669	0
32.084	-22.637	0
32.097	-22.605	0
32.109	-22.573	0
32.122	-22.542	0
32.134	-22.51	0
32.147	-22.478	0
32.159	-22.446	0
32.171	-22.414	0
32.184	-22.382	0
32.196	-22.35	0
32.208	-22.319	0
32.22	-22.287	0
32.233	-22.255	0
32.245	-22.223	0
32.257	-22.191	0
32.269	-22.159	0
32.281	-22.127	0
32.293	-22.095	0
32.305	-22.063	0
32.317	-22.032	0
32.329	-22	0
32.341	-21.968	0
32.353	-21.936	0
32.365	-21.904	0
32.377	-21.872	0
32.389	-21.84	0
32.4	-21.808	0
32.412	-21.776	0
32.424	-21.744	0
32.436	-21.712	0
32.447	-21.68	0
32.459	-21.648	0
32.471	-21.616	0
32.482	-21.584	0
32.494	-21.552	0
32.505	-21.52	0
32.517	-21.488	0
32.528	-21.456	0
32.54	-21.424	0
32.551	-21.392	0
32.563	-21.36	0
32.574	-21.328	0
32.585	-21.296	0
32.597	-21.264	0
32.608	-21.232	0
32.619	-21.2	0
32.631	-21.168	0
32.642	-21.136	0
32.653	-21.104	0
32.664	-21.072	0
32.675	-21.04	0
32.686	-21.008	0
32.697	-20.976	0
32.708	-20.944	0
32.719	-20.912	0
32.73	-20.88	0
32.741	-20.848	0
32.752	-20.816	0
32.763	-20.784	0
32.774	-20.752	0
32.785	-20.72	0
32.795	-20.688	0
32.806	-20.656	0
32.817	-20.624	0
32.828	-20.591	0
32.838	-20.559	0
32.849	-20.527	0
32.86	-20.495	0
32.87	-20.463	0
32.881	-20.431	0
32.891	-20.399	0
32.902	-20.367	0
32.912	-20.335	0
32.923	-20.303	0
32.933	-20.27	0
32.944	-20.238	0
32.954	-20.206	0
32.964	-20.174	0
32.975	-20.142	0
32.985	-20.11	0
32.995	-20.078	0
33.005	-20.046	0
33.016	-20.013	0
33.026	-19.981	0
33.036	-19.949	0
33.046	-19.917	0
33.056	-19.885	0
33.066	-19.853	0
33.076	-19.821	0
33.086	-19.788	0
33.096	-19.756	0
33.106	-19.724	0
33.116	-19.692	0
33.126	-19.66	0
33.136	-19.628	0
33.146	-19.595	0
33.155	-19.563	0
33.165	-19.531	0
33.175	-19.499	0
33.185	-19.467	0
33.194	-19.435	0
33.204	-19.402	0
33.214	-19.37	0
33.223	-19.338	0
33.233	-19.306	0
33.242	-19.274	0
33.252	-19.241	0
33.261	-19.209	0
33.271	-19.177	0
33.28	-19.145	0
33.29	-19.113	0
33.299	-19.08	0
33.308	-19.048	0
33.318	-19.016	0
33.327	-18.984	0
33.336	-18.952	0
33.345	-18.919	0
33.354	-18.887	0
33.364	-18.855	0
33.373	-18.823	0
33.382	-18.79	0
33.391	-18.758	0
33.4	-18.726	0
33.409	-18.694	0
33.418	-18.662	0
33.427	-18.629	0
33.436	-18.597	0
33.445	-18.565	0
33.454	-18.533	0
33.463	-18.5	0
33.471	-18.468	0
33.48	-18.436	0
33.489	-18.404	0
33.498	-18.371	0
33.506	-18.339	0
33.515	-18.307	0
33.524	-18.275	0
33.532	-18.242	0
33.541	-18.21	0
33.549	-18.178	0
33.558	-18.146	0
33.566	-18.113	0
33.575	-18.081	0
33.583	-18.049	0
33.592	-18.017	0
33.6	-17.984	0
33.608	-17.952	0
33.617	-17.92	0
33.625	-17.888	0
33.633	-17.855	0
33.642	-17.823	0
33.65	-17.791	0
33.658	-17.759	0
33.666	-17.726	0
33.674	-17.694	0
33.682	-17.662	0
33.69	-17.63	0
33.699	-17.597	0
33.707	-17.565	0
33.715	-17.533	0
33.722	-17.5	0
33.73	-17.468	0
33.738	-17.436	0
33.746	-17.404	0
33.754	-17.371	0
33.762	-17.339	0
33.77	-17.307	0
33.777	-17.275	0
33.785	-17.242	0
33.793	-17.21	0
33.8	-17.178	0
33.808	-17.145	0
33.816	-17.113	0
33.823	-17.081	0
33.831	-17.049	0
33.838	-17.016	0
33.846	-16.984	0
33.853	-16.952	0
33.861	-16.92	0
33.868	-16.887	0
33.875	-16.855	0
33.883	-16.823	0
33.89	-16.79	0
33.897	-16.758	0
33.905	-16.726	0
33.912	-16.694	0
33.919	-16.661	0
33.926	-16.629	0
33.933	-16.597	0
33.941	-16.565	0
33.948	-16.532	0
33.955	-16.5	0
33.962	-16.468	0
33.969	-16.435	0
33.976	-16.403	0
33.983	-16.371	0
33.99	-16.339	0
33.996	-16.306	0
34.003	-16.274	0
34.01	-16.242	0
34.017	-16.21	0
34.024	-16.177	0
34.03	-16.145	0
34.037	-16.113	0
34.044	-16.08	0
34.051	-16.048	0
34.057	-16.016	0
34.064	-15.984	0
34.07	-15.951	0
34.077	-15.919	0
34.083	-15.887	0
34.09	-15.855	0
34.096	-15.822	0
34.103	-15.79	0
34.109	-15.758	0
34.116	-15.726	0
34.122	-15.693	0
34.128	-15.661	0
34.134	-15.629	0
34.141	-15.597	0
34.147	-15.564	0
34.153	-15.532	0
34.159	-15.5	0
34.165	-15.468	0
34.172	-15.435	0
34.178	-15.403	0
34.184	-15.371	0
34.19	-15.339	0
34.196	-15.306	0
34.202	-15.274	0
34.208	-15.242	0
34.213	-15.21	0
34.219	-15.177	0
34.225	-15.145	0
34.231	-15.113	0
34.237	-15.081	0
34.243	-15.049	0
34.248	-15.016	0
34.254	-14.984	0
34.26	-14.952	0
34.265	-14.92	0
34.271	-14.887	0
34.277	-14.855	0
34.282	-14.823	0
34.288	-14.791	0
34.293	-14.759	0
34.299	-14.726	0
34.304	-14.694	0
34.309	-14.662	0
34.315	-14.63	0
34.32	-14.598	0
34.326	-14.565	0
34.331	-14.533	0
34.336	-14.501	0
34.341	-14.469	0
34.347	-14.437	0
34.352	-14.404	0
34.357	-14.372	0
34.362	-14.34	0
34.367	-14.308	0
34.372	-14.276	0
34.377	-14.244	0
34.382	-14.211	0
34.387	-14.179	0
34.392	-14.147	0
34.397	-14.115	0
34.402	-14.083	0
34.407	-14.051	0
34.412	-14.018	0
34.417	-13.986	0
34.421	-13.954	0
34.426	-13.922	0
34.431	-13.89	0
34.435	-13.858	0
34.44	-13.826	0
34.445	-13.793	0
34.449	-13.761	0
34.454	-13.729	0
34.459	-13.697	0
34.463	-13.665	0
34.468	-13.633	0
34.472	-13.601	0
34.476	-13.569	0
34.481	-13.536	0
34.485	-13.504	0
34.49	-13.472	0
34.494	-13.44	0
34.498	-13.408	0
34.502	-13.376	0
34.507	-13.344	0
34.511	-13.312	0
34.515	-13.28	0
34.519	-13.248	0
34.523	-13.216	0
34.527	-13.184	0
34.531	-13.152	0
34.535	-13.119	0
34.539	-13.087	0
34.543	-13.055	0
34.547	-13.023	0
34.551	-12.991	0
34.555	-12.959	0
34.559	-12.927	0
34.563	-12.895	0
34.567	-12.863	0
34.57	-12.831	0
34.574	-12.799	0
34.578	-12.767	0
34.582	-12.735	0
34.585	-12.703	0
34.589	-12.671	0
34.592	-12.639	0
34.596	-12.607	0
34.599	-12.575	0
34.603	-12.543	0
34.606	-12.511	0
34.61	-12.479	0
34.613	-12.447	0
34.617	-12.415	0
34.62	-12.383	0
34.623	-12.351	0
34.627	-12.32	0
34.63	-12.288	0
34.633	-12.256	0
34.636	-12.224	0
34.64	-12.192	0
34.643	-12.16	0
34.646	-12.128	0
34.649	-12.096	0
34.652	-12.064	0
34.655	-12.032	0
34.658	-12	0
34.661	-11.969	0
34.664	-11.937	0
34.667	-11.905	0
34.67	-11.873	0
34.673	-11.841	0
34.676	-11.809	0
34.678	-11.777	0
34.681	-11.746	0
34.684	-11.714	0
34.687	-11.682	0
34.689	-11.65	0
34.692	-11.618	0
34.695	-11.587	0
34.697	-11.555	0
34.7	-11.523	0
34.702	-11.491	0
34.705	-11.459	0
34.707	-11.428	0
34.71	-11.396	0
34.712	-11.364	0
34.715	-11.332	0
34.717	-11.301	0
34.719	-11.269	0
34.722	-11.237	0
34.724	-11.205	0
34.726	-11.174	0
34.729	-11.142	0
34.731	-11.11	0
34.733	-11.079	0
34.735	-11.047	0
34.737	-11.015	0
34.739	-10.984	0
34.741	-10.952	0
34.743	-10.92	0
34.745	-10.889	0
34.747	-10.857	0
34.749	-10.825	0
34.751	-10.794	0
34.753	-10.762	0
34.755	-10.731	0
34.757	-10.699	0
34.758	-10.667	0
34.76	-10.636	0
34.762	-10.604	0
34.764	-10.573	0
34.765	-10.541	0
34.767	-10.51	0
34.769	-10.478	0
34.77	-10.447	0
34.772	-10.415	0
34.773	-10.384	0
34.775	-10.352	0
34.776	-10.321	0
34.778	-10.289	0
34.779	-10.258	0
34.78	-10.226	0
34.782	-10.195	0
34.783	-10.163	0
34.784	-10.132	0
34.786	-10.101	0
34.787	-10.069	0
34.788	-10.038	0
34.789	-10.006	0
34.79	-9.9751	0
34.792	-9.9438	0
34.793	-9.9124	0
34.794	-9.8811	0
34.795	-9.8498	0
34.796	-9.8185	0
34.797	-9.7872	0
34.798	-9.7559	0
34.799	-9.7246	0
34.799	-9.6933	0
34.8	-9.6621	0
34.801	-9.6309	0
34.802	-9.5996	0
34.803	-9.5684	0
34.803	-9.5372	0
34.804	-9.506	0
34.805	-9.4749	0
34.805	-9.4437	0
34.806	-9.4126	0
34.807	-9.3814	0
34.807	-9.3503	0
34.808	-9.3192	0
34.808	-9.2881	0
34.809	-9.257	0
34.809	-9.226	0
34.81	-9.1949	0
34.81	-9.1639	0
34.81	-9.1329	0
34.811	-9.1019	0
34.811	-9.0709	0
34.811	-9.0399	0
34.811	-9.0089	0
34.812	-8.978	0
34.812	-8.9471	0
34.812	-8.9162	0
34.812	-8.8853	0
34.812	-8.8544	0
34.812	-8.8235	0
34.812	-8.7927	0
34.812	-8.7619	0
34.812	-8.731	0
34.812	-8.7003	0
34.812	-8.6695	0
34.812	-8.6387	0
34.812	-8.608	0
34.812	-8.5773	0
34.811	-8.5466	0
34.811	-8.5159	0
34.811	-8.4852	0
34.811	-8.4546	0
34.81	-8.424	0
34.81	-8.3934	0
34.81	-8.3628	0
34.809	-8.3322	0
34.809	-8.3017	0
34.808	-8.2712	0
34.808	-8.2407	0
34.807	-8.2102	0
34.807	-8.1797	0
34.806	-8.1493	0
34.805	-8.1189	0
34.805	-8.0885	0
34.804	-8.0581	0
34.803	-8.0278	0
34.803	-7.9975	0
34.802	-7.9672	0
34.801	-7.9369	0
34.8	-7.9067	0
34.799	-7.8765	0
34.798	-7.8463	0
34.797	-7.8162	0
34.796	-7.786	0
34.796	-7.7559	0
34.794	-7.7258	0
34.793	-7.6958	0
34.792	-7.6658	0
34.791	-7.6358	0
34.79	-7.6058	0
34.789	-7.5759	0
34.788	-7.546	0
34.787	-7.5162	0
34.785	-7.4863	0
34.784	-7.4565	0
34.783	-7.4268	0
34.781	-7.397	0
34.78	-7.3673	0
34.779	-7.3377	0
34.777	-7.308	0
34.776	-7.2786	0
34.774	-7.2493	0
34.773	-7.2203	0
34.771	-7.1915	0
34.77	-7.163	0
34.768	-7.1347	0
34.767	-7.1065	0
34.765	-7.0785	0
34.763	-7.0507	0
34.762	-7.023	0
34.76	-6.9954	0
34.758	-6.9679	0
34.756	-6.9406	0
34.755	-6.9132	0
34.753	-6.886	0
34.751	-6.8587	0
34.749	-6.8315	0
34.747	-6.8042	0
34.745	-6.7769	0
34.743	-6.7496	0
34.741	-6.7221	0
34.739	-6.6946	0
34.737	-6.6669	0
34.735	-6.6391	0
34.733	-6.6111	0
34.73	-6.5828	0
34.728	-6.5543	0
34.726	-6.5256	0
34.723	-6.4965	0
34.721	-6.467	0
34.718	-6.4368	0
34.715	-6.4061	0
34.712	-6.3747	0
34.71	-6.3427	0
34.707	-6.3102	0
34.704	-6.2772	0
34.701	-6.2437	0
34.697	-6.2098	0
34.694	-6.1754	0
34.691	-6.1406	0
34.688	-6.1055	0
34.684	-6.07	0
34.681	-6.0343	0
34.678	-5.9984	0
34.674	-5.9622	0
34.671	-5.9259	0
34.667	-5.8895	0
34.664	-5.8531	0
34.66	-5.8166	0
34.657	-5.7802	0
34.653	-5.7438	0
34.65	-5.7076	0
34.646	-5.6717	0
34.643	-5.636	0
34.639	-5.6006	0
34.636	-5.5657	0
34.632	-5.5312	0
34.629	-5.4972	0
34.626	-5.4638	0
34.622	-5.4309	0
34.619	-5.3982	0
34.616	-5.3658	0
34.612	-5.3335	0
34.609	-5.3014	0
34.606	-5.2695	0
34.603	-5.2378	0
34.599	-5.2063	0
34.596	-5.1749	0
34.593	-5.1438	0
34.589	-5.1127	0
34.586	-5.0819	0
34.583	-5.0512	0
34.579	-5.0206	0
34.576	-4.9901	0
34.572	-4.9598	0
34.569	-4.9296	0
34.566	-4.8995	0
34.562	-4.8694	0
34.559	-4.8395	0
34.555	-4.8096	0
34.552	-4.7798	0
34.548	-4.7501	0
34.545	-4.7204	0
34.541	-4.6907	0
34.537	-4.661	0
34.534	-4.6314	0
34.53	-4.6017	0
34.526	-4.572	0
34.523	-4.5422	0
34.519	-4.5124	0
34.515	-4.4825	0
34.511	-4.4525	0
34.507	-4.4223	0
34.503	-4.392	0
34.499	-4.3616	0
34.495	-4.3309	0
34.491	-4.3001	0
34.487	-4.269	0
34.483	-4.2376	0
34.479	-4.206	0
34.474	-4.1742	0
34.47	-4.1423	0
34.465	-4.1102	0
34.461	-4.0779	0
34.457	-4.0455	0
34.452	-4.0129	0
34.447	-3.9802	0
34.443	-3.9472	0
34.438	-3.9141	0
34.433	-3.8808	0
34.428	-3.8473	0
34.424	-3.8136	0
34.419	-3.7797	0
34.414	-3.7456	0
34.409	-3.7113	0
34.404	-3.6768	0
34.399	-3.642	0
34.394	-3.6069	0
34.389	-3.5717	0
34.383	-3.5361	0
34.378	-3.5003	0
34.373	-3.4642	0
34.367	-3.4279	0
34.362	-3.3912	0
34.356	-3.3542	0
34.351	-3.3169	0
34.345	-3.2792	0
34.34	-3.2412	0
34.334	-3.2028	0
34.328	-3.1641	0
34.322	-3.1249	0
34.317	-3.0853	0
34.311	-3.0457	0
34.305	-3.0065	0
34.299	-2.9678	0
34.294	-2.9297	0
34.288	-2.892	0
34.283	-2.8547	0
34.277	-2.8178	0
34.272	-2.7812	0
34.266	-2.7448	0
34.261	-2.7086	0
34.256	-2.6725	0
34.25	-2.6363	0
34.245	-2.6001	0
34.239	-2.5636	0
34.234	-2.5268	0
34.228	-2.4895	0
34.223	-2.4517	0
34.217	-2.4131	0
34.211	-2.3735	0
34.205	-2.3329	0
34.199	-2.2909	0
34.192	-2.2473	0
34.185	-2.2019	0
34.178	-2.1544	0
34.171	-2.1045	0
34.164	-2.0517	0
34.156	-1.9959	0
34.147	-1.9365	0
34.138	-1.8731	0
34.129	-1.8052	0
34.12	-1.7323	0
34.11	-1.6538	0
34.099	-1.5693	0
34.088	-1.4781	0
34.077	-1.3796	0
34.066	-1.2733	0
34.055	-1.1587	0
34.044	-1.0354	0
34.034	-0.90302	0
34.024	-0.76149	0
34.016	-0.61081	0
34.009	-0.45125	0
34.003	-0.28328	0
34.001	-0.10769	0
34	0.081251	0
34.004	0.29486	0
34.013	0.53593	0
34.028	0.79936	0
34.052	1.0792	0
34.084	1.3691	0
34.125	1.6627	0
34.174	1.9539	0
34.229	2.2376	0
34.29	2.5097	0
34.354	2.7671	0
34.421	3.008	0
34.487	3.2312	0
34.553	3.4366	0
34.617	3.6243	0
34.678	3.795	0
34.737	3.9494	0
34.791	4.0887	0
34.842	4.2137	0
34.888	4.3255	0
34.931	4.425	0
34.969	4.513	0
35.003	4.5904	0
35.033	4.6579	0
35.06	4.716	0
35.082	4.7653	0
35.101	4.8063	0
35.116	4.8395	0
35.129	4.8668	0
35.14	4.8919	0
35.151	4.9163	0
35.162	4.9402	0
35.173	4.9637	0
35.183	4.9868	0
35.194	5.0096	0
35.204	5.0322	0
35.214	5.0545	0
35.224	5.0766	0
35.234	5.0986	0
35.243	5.1204	0
35.253	5.1422	0
35.263	5.1639	0
35.272	5.1855	0
35.282	5.2071	0
35.291	5.2287	0
35.301	5.2502	0
35.31	5.2718	0
35.319	5.2934	0
35.329	5.315	0
35.338	5.3367	0
35.347	5.3584	0
35.356	5.3801	0
35.366	5.4019	0
35.375	5.4238	0
35.384	5.4457	0
35.393	5.4677	0
35.403	5.4898	0
35.412	5.512	0
35.421	5.5343	0
35.431	5.5566	0
35.44	5.5791	0
35.449	5.6017	0
35.458	5.6243	0
35.468	5.6471	0
35.477	5.6699	0
35.486	5.6929	0
35.496	5.716	0
35.505	5.7392	0
35.514	5.7625	0
35.524	5.7859	0
35.533	5.8095	0
35.542	5.8331	0
35.552	5.8569	0
35.561	5.8808	0
35.571	5.9048	0
35.58	5.929	0
35.59	5.9532	0
35.599	5.9776	0
35.609	6.0021	0
35.618	6.0267	0
35.628	6.0515	0
35.637	6.0764	0
35.647	6.1014	0
35.656	6.1265	0
35.666	6.1518	0
35.676	6.1771	0
35.685	6.2027	0
35.695	6.2283	0
35.705	6.254	0
35.714	6.2798	0
35.724	6.3057	0
35.733	6.3317	0
35.743	6.3576	0
35.753	6.3837	0
35.762	6.4098	0
35.772	6.4359	0
35.782	6.462	0
35.791	6.4882	0
35.801	6.5144	0
35.81	6.5407	0
35.82	6.567	0
35.829	6.5933	0
35.839	6.6196	0
35.848	6.6459	0
35.858	6.6723	0
35.867	6.6987	0
35.877	6.7251	0
35.886	6.7515	0
35.895	6.7779	0
35.905	6.8043	0
35.914	6.8308	0
35.923	6.8572	0
35.932	6.8837	0
35.942	6.9101	0
35.951	6.9366	0
35.96	6.963	0
35.969	6.9895	0
35.978	7.0159	0
35.987	7.0424	0
35.996	7.0689	0
36.005	7.0953	0
36.014	7.1218	0
36.023	7.1482	0
36.032	7.1746	0
36.041	7.2011	0
36.05	7.2275	0
36.059	7.2539	0
36.068	7.2803	0
36.077	7.3067	0
36.085	7.3331	0
36.094	7.3595	0
36.103	7.3859	0
36.111	7.4122	0
36.12	7.4386	0
36.128	7.4649	0
36.137	7.4912	0
36.146	7.5175	0
36.154	7.5438	0
36.162	7.5699	0
36.171	7.596	0
36.179	7.622	0
36.187	7.648	0
36.195	7.674	0
36.204	7.7	0
36.212	7.7259	0
36.22	7.7519	0
36.228	7.7779	0
36.236	7.8039	0
36.244	7.83	0
36.252	7.8561	0
36.26	7.8822	0
36.268	7.9084	0
36.276	7.9347	0
36.284	7.9611	0
36.292	7.9876	0
36.3	8.0141	0
36.308	8.0408	0
36.316	8.0675	0
36.324	8.0944	0
36.332	8.1214	0
36.34	8.1485	0
36.348	8.1758	0
36.356	8.2032	0
36.364	8.2307	0
36.372	8.2583	0
36.38	8.286	0
36.388	8.3138	0
36.396	8.3415	0
36.404	8.3693	0
36.412	8.3971	0
36.42	8.425	0
36.428	8.4528	0
36.435	8.4808	0
36.443	8.5087	0
36.451	8.5367	0
36.459	8.5647	0
36.467	8.5927	0
36.474	8.6207	0
36.482	8.6488	0
36.49	8.6769	0
36.498	8.7051	0
36.505	8.7332	0
36.513	8.7614	0
36.521	8.7897	0
36.528	8.8179	0
36.536	8.8462	0
36.543	8.8745	0
36.551	8.9028	0
36.558	8.9312	0
36.566	8.9596	0
36.573	8.988	0
36.581	9.0164	0
36.588	9.0449	0
36.596	9.0734	0
36.603	9.1019	0
36.61	9.1304	0
36.618	9.159	0
36.625	9.1876	0
36.632	9.2162	0
36.64	9.2448	0
36.647	9.2735	0
36.654	9.3022	0
36.661	9.3309	0
36.669	9.3597	0
36.676	9.3884	0
36.683	9.4172	0
36.69	9.446	0
36.697	9.4749	0
36.704	9.5037	0
36.711	9.5326	0
36.718	9.5616	0
36.725	9.5905	0
36.732	9.6195	0
36.739	9.6484	0
36.746	9.6775	0
36.753	9.7065	0
36.76	9.7356	0
36.767	9.7646	0
36.774	9.7937	0
36.781	9.8229	0
36.788	9.852	0
36.794	9.8812	0
36.801	9.9104	0
36.808	9.9396	0
36.815	9.9689	0
36.821	9.9981	0
36.828	10.027	0
36.835	10.057	0
36.841	10.086	0
36.848	10.115	0
36.855	10.145	0
36.861	10.174	0
36.868	10.204	0
36.874	10.233	0
36.881	10.263	0
36.887	10.292	0
36.894	10.322	0
36.9	10.351	0
36.906	10.381	0
36.913	10.41	0
36.919	10.44	0
36.925	10.47	0
36.932	10.499	0
36.938	10.529	0
36.944	10.559	0
36.95	10.588	0
36.957	10.618	0
36.963	10.648	0
36.969	10.678	0
36.975	10.707	0
36.981	10.737	0
36.987	10.767	0
36.993	10.797	0
36.999	10.827	0
37.005	10.857	0
37.011	10.887	0
37.017	10.917	0
37.023	10.946	0
37.029	10.976	0
37.035	11.006	0
37.041	11.037	0
37.047	11.067	0
37.053	11.097	0
37.058	11.127	0
37.064	11.157	0
37.07	11.187	0
37.076	11.217	0
37.081	11.247	0
37.087	11.278	0
37.093	11.308	0
37.098	11.338	0
37.104	11.368	0
37.11	11.399	0
37.115	11.429	0
37.121	11.459	0
37.126	11.489	0
37.132	11.52	0
37.137	11.55	0
37.142	11.581	0
37.148	11.611	0
37.153	11.642	0
37.159	11.672	0
37.164	11.702	0
37.169	11.733	0
37.175	11.763	0
37.18	11.794	0
37.185	11.825	0
37.19	11.855	0
37.195	11.886	0
37.201	11.916	0
37.206	11.947	0
37.211	11.978	0
37.216	12.008	0
37.221	12.039	0
37.226	12.07	0
37.231	12.101	0
37.236	12.131	0
37.241	12.162	0
37.246	12.193	0
37.251	12.224	0
37.256	12.255	0
37.26	12.285	0
37.265	12.316	0
37.27	12.347	0
37.275	12.378	0
37.28	12.409	0
37.284	12.44	0
37.289	12.471	0
37.294	12.502	0
37.298	12.533	0
37.303	12.564	0
37.307	12.595	0
37.312	12.626	0
37.317	12.657	0
37.321	12.688	0
37.326	12.719	0
37.33	12.75	0
37.334	12.782	0
37.339	12.813	0
37.343	12.844	0
37.348	12.875	0
37.352	12.906	0
37.356	12.938	0
37.361	12.969	0
37.365	13	0
37.369	13.032	0
37.373	13.063	0
37.377	13.094	0
37.382	13.126	0
37.386	13.157	0
37.39	13.188	0
37.394	13.22	0
37.398	13.251	0
37.402	13.283	0
37.406	13.314	0
37.41	13.346	0
37.414	13.377	0
37.418	13.409	0
37.422	13.44	0
37.425	13.472	0
37.429	13.503	0
37.433	13.535	0
37.437	13.567	0
37.441	13.598	0
37.444	13.63	0
37.448	13.661	0
37.452	13.693	0
37.455	13.725	0
37.459	13.757	0
37.463	13.788	0
37.466	13.82	0
37.47	13.852	0
37.473	13.884	0
37.477	13.915	0
37.48	13.947	0
37.484	13.979	0
37.487	14.011	0
37.49	14.043	0
37.494	14.075	0
37.497	14.107	0
37.5	14.139	0
37.504	14.171	0
37.507	14.203	0
37.51	14.234	0
37.513	14.266	0
37.516	14.298	0
37.519	14.331	0
37.523	14.363	0
37.526	14.395	0
37.529	14.427	0
37.532	14.459	0
37.535	14.491	0
37.538	14.523	0
37.541	14.555	0
37.543	14.587	0
37.546	14.62	0
37.549	14.652	0
37.552	14.684	0
37.555	14.716	0
37.558	14.749	0
37.56	14.781	0
37.563	14.813	0
37.566	14.845	0
37.568	14.878	0
37.571	14.91	0
37.574	14.942	0
37.576	14.975	0
37.579	15.007	0
37.581	15.04	0
37.584	15.072	0
37.586	15.104	0
37.589	15.137	0
37.591	15.169	0
37.594	15.202	0
37.596	15.234	0
37.598	15.267	0
37.601	15.299	0
37.603	15.332	0
37.605	15.364	0
37.607	15.397	0
37.609	15.43	0
37.612	15.462	0
37.614	15.495	0
37.616	15.528	0
37.618	15.56	0
37.62	15.593	0
37.622	15.626	0
37.624	15.658	0
37.626	15.691	0
37.628	15.724	0
37.63	15.757	0
37.632	15.789	0
37.634	15.822	0
37.635	15.855	0
37.637	15.888	0
37.639	15.921	0
37.641	15.953	0
37.642	15.986	0
37.644	16.019	0
37.646	16.052	0
37.647	16.085	0
37.649	16.118	0
37.65	16.151	0
37.652	16.184	0
37.654	16.217	0
37.655	16.25	0
37.656	16.283	0
37.658	16.316	0
37.659	16.349	0
37.661	16.382	0
37.662	16.415	0
37.663	16.448	0
37.665	16.481	0
37.666	16.514	0
37.667	16.547	0
37.668	16.581	0
37.669	16.614	0
37.67	16.647	0
37.672	16.68	0
37.673	16.713	0
37.674	16.747	0
37.675	16.78	0
37.676	16.813	0
37.677	16.846	0
37.678	16.88	0
37.678	16.913	0
37.679	16.946	0
37.68	16.979	0
37.681	17.013	0
37.682	17.046	0
37.683	17.08	0
37.683	17.113	0
37.684	17.146	0
37.685	17.18	0
37.685	17.213	0
37.686	17.247	0
37.686	17.28	0
37.687	17.314	0
37.687	17.347	0
37.688	17.381	0
37.688	17.414	0
37.689	17.448	0
37.689	17.481	0
37.69	17.515	0
37.69	17.548	0
37.69	17.582	0
37.691	17.615	0
37.691	17.649	0
37.691	17.683	0
37.691	17.716	0
37.691	17.75	0
37.692	17.784	0
37.692	17.817	0
37.692	17.851	0
37.692	17.885	0
37.692	17.918	0
37.692	17.952	0
37.692	17.986	0
37.692	18.02	0
37.691	18.053	0
37.691	18.087	0
37.691	18.121	0
37.691	18.155	0
37.691	18.189	0
37.69	18.223	0
37.69	18.256	0
37.69	18.29	0
37.69	18.324	0
37.689	18.358	0
37.689	18.392	0
37.688	18.426	0
37.688	18.46	0
37.687	18.494	0
37.687	18.528	0
37.686	18.562	0
37.686	18.596	0
37.685	18.63	0
37.684	18.664	0
37.684	18.698	0
37.683	18.732	0
37.682	18.766	0
37.681	18.8	0
37.681	18.834	0
37.68	18.868	0
37.679	18.902	0
37.678	18.937	0
37.677	18.971	0
37.676	19.005	0
37.675	19.039	0
37.674	19.073	0
37.673	19.107	0
37.672	19.142	0
37.671	19.176	0
37.67	19.21	0
37.669	19.244	0
37.667	19.279	0
37.666	19.313	0
37.665	19.347	0
37.664	19.381	0
37.662	19.416	0
37.661	19.45	0
37.66	19.484	0
37.658	19.519	0
37.657	19.553	0
37.655	19.587	0
37.654	19.622	0
37.652	19.656	0
37.651	19.691	0
37.649	19.725	0
37.647	19.76	0
37.646	19.794	0
37.644	19.828	0
37.642	19.863	0
37.64	19.897	0
37.639	19.932	0
37.637	19.966	0
37.635	20.001	0
37.633	20.035	0
37.631	20.07	0
37.629	20.105	0
37.627	20.139	0
37.625	20.174	0
37.623	20.208	0
37.621	20.243	0
37.619	20.277	0
37.617	20.312	0
37.615	20.347	0
37.613	20.381	0
37.61	20.416	0
37.608	20.451	0
37.606	20.485	0
37.603	20.52	0
37.601	20.555	0
37.599	20.59	0
37.596	20.624	0
37.594	20.659	0
37.591	20.694	0
37.589	20.729	0
37.586	20.763	0
37.584	20.798	0
37.581	20.833	0
37.578	20.868	0
37.576	20.903	0
37.573	20.937	0
37.57	20.972	0
37.568	21.007	0
37.565	21.042	0
37.562	21.077	0
37.559	21.112	0
37.556	21.147	0
37.553	21.182	0
37.55	21.216	0
37.547	21.251	0
37.544	21.286	0
37.541	21.321	0
37.538	21.356	0
37.535	21.391	0
37.532	21.426	0
37.529	21.461	0
37.525	21.496	0
37.522	21.531	0
37.519	21.566	0
37.516	21.601	0
37.512	21.636	0
37.509	21.671	0
37.505	21.707	0
37.502	21.742	0
37.499	21.777	0
37.495	21.812	0
37.491	21.847	0
37.488	21.882	0
37.484	21.917	0
37.481	21.952	0
37.477	21.988	0
37.473	22.023	0
37.47	22.058	0
37.466	22.093	0
37.462	22.128	0
37.458	22.163	0
37.454	22.199	0
37.45	22.234	0
37.446	22.269	0
37.443	22.304	0
37.439	22.34	0
37.435	22.375	0
37.43	22.41	0
37.426	22.445	0
37.422	22.481	0
37.418	22.516	0
37.414	22.551	0
37.41	22.587	0
37.405	22.622	0
37.401	22.657	0
37.397	22.693	0
37.392	22.728	0
37.388	22.764	0
37.384	22.799	0
37.379	22.834	0
37.375	22.87	0
37.37	22.905	0
37.366	22.941	0
37.361	22.976	0
37.356	23.011	0
37.352	23.047	0
37.347	23.082	0
37.342	23.118	0
37.338	23.153	0
37.333	23.189	0
37.328	23.224	0
37.323	23.26	0
37.318	23.295	0
37.313	23.331	0
37.308	23.366	0
37.304	23.402	0
37.298	23.437	0
37.293	23.473	0
37.288	23.509	0
37.283	23.544	0
37.278	23.58	0
37.273	23.615	0
37.268	23.651	0
37.262	23.687	0
37.257	23.722	0
37.252	23.758	0
37.247	23.794	0
37.241	23.829	0
37.236	23.865	0
37.23	23.9	0
37.225	23.936	0
37.219	23.972	0
37.214	24.008	0
37.208	24.043	0
37.203	24.079	0
37.197	24.115	0
37.191	24.15	0
37.186	24.186	0
37.18	24.222	0
37.174	24.258	0
37.168	24.293	0
37.162	24.329	0
37.157	24.365	0
37.151	24.401	0
37.145	24.436	0
37.139	24.472	0
37.133	24.508	0
37.127	24.544	0
37.121	24.58	0
37.114	24.616	0
37.108	24.651	0
37.102	24.687	0
37.096	24.723	0
37.09	24.759	0
37.083	24.795	0
37.077	24.831	0
37.071	24.867	0
37.064	24.903	0
37.058	24.938	0
37.051	24.974	0
37.045	25.01	0
37.038	25.046	0
37.032	25.082	0
37.025	25.118	0
37.019	25.154	0
37.012	25.19	0
37.005	25.226	0
36.999	25.262	0
36.992	25.298	0
36.985	25.334	0
36.978	25.37	0
36.971	25.406	0
36.964	25.442	0
36.958	25.478	0
36.951	25.514	0
36.944	25.55	0
36.937	25.586	0
36.929	25.622	0
36.922	25.658	0
36.915	25.694	0
36.908	25.73	0
36.901	25.766	0
36.894	25.802	0
36.886	25.838	0
36.879	25.874	0
36.872	25.911	0
36.864	25.947	0
36.857	25.983	0
36.85	26.019	0
36.842	26.055	0
36.835	26.091	0
36.827	26.127	0
36.819	26.163	0
36.812	26.199	0
36.804	26.236	0
36.796	26.272	0
36.789	26.308	0
36.781	26.344	0
36.773	26.38	0
36.765	26.417	0
36.758	26.453	0
36.75	26.489	0
36.742	26.525	0
36.734	26.561	0
36.726	26.598	0
36.718	26.634	0
36.71	26.67	0
36.702	26.706	0
36.693	26.742	0
36.685	26.779	0
36.677	26.815	0
36.669	26.851	0
36.661	26.887	0
36.652	26.924	0
36.644	26.96	0
36.636	26.996	0
36.627	27.033	0
36.619	27.069	0
36.61	27.105	0
36.602	27.141	0
36.593	27.178	0
36.585	27.214	0
36.576	27.25	0
36.567	27.287	0
36.559	27.323	0
36.55	27.359	0
36.541	27.396	0
36.532	27.432	0
36.524	27.468	0
36.515	27.505	0
36.506	27.541	0
36.497	27.577	0
36.488	27.614	0
36.479	27.65	0
36.47	27.687	0
36.461	27.723	0
36.452	27.759	0
36.443	27.796	0
36.433	27.832	0
36.424	27.869	0
36.415	27.905	0
36.406	27.941	0
36.396	27.978	0
36.387	28.014	0
36.378	28.051	0
36.368	28.087	0
36.359	28.124	0
36.349	28.16	0
36.34	28.196	0
36.33	28.233	0
36.321	28.269	0
36.311	28.306	0
36.301	28.342	0
36.292	28.379	0
36.282	28.415	0
36.272	28.452	0
36.262	28.488	0
36.252	28.525	0
36.243	28.561	0
36.233	28.598	0
36.223	28.634	0
36.213	28.671	0
36.203	28.707	0
36.193	28.744	0
36.182	28.78	0
36.172	28.817	0
36.162	28.853	0
36.152	28.89	0
36.142	28.926	0
36.132	28.963	0
36.121	28.999	0
36.111	29.036	0
36.1	29.072	0
36.09	29.109	0
36.08	29.145	0
36.069	29.182	0
36.059	29.219	0
36.048	29.255	0
36.038	29.292	0
36.027	29.328	0
36.016	29.365	0
36.006	29.401	0
35.992	29.446	0
