28.825	-25.396	0
28.843	-25.368	0
28.86	-25.339	0
28.877	-25.311	0
28.894	-25.282	0
28.911	-25.254	0
28.928	-25.226	0
28.945	-25.197	0
28.962	-25.169	0
28.979	-25.14	0
28.996	-25.112	0
29.012	-25.084	0
29.029	-25.055	0
29.046	-25.027	0
29.063	-24.998	0
29.08	-24.97	0
29.096	-24.941	0
29.113	-24.913	0
29.13	-24.884	0
29.146	-24.856	0
29.163	-24.827	0
29.18	-24.798	0
29.196	-24.77	0
29.213	-24.741	0
29.229	-24.713	0
29.246	-24.684	0
29.262	-24.655	0
29.279	-24.627	0
29.295	-24.598	0
29.312	-24.57	0
29.328	-24.541	0
29.344	-24.512	0
29.361	-24.484	0
29.377	-24.455	0
29.393	-24.426	0
29.409	-24.398	0
29.426	-24.369	0
29.442	-24.34	0
29.458	-24.311	0
29.474	-24.283	0
29.49	-24.254	0
29.506	-24.225	0
29.523	-24.196	0
29.539	-24.168	0
29.555	-24.139	0
29.571	-24.11	0
29.587	-24.081	0
29.603	-24.052	0
29.618	-24.024	0
29.634	-23.995	0
29.65	-23.966	0
29.666	-23.937	0
29.682	-23.908	0
29.698	-23.879	0
29.713	-23.85	0
29.729	-23.822	0
29.745	-23.793	0
29.761	-23.764	0
29.776	-23.735	0
29.792	-23.706	0
29.807	-23.677	0
29.823	-23.648	0
29.839	-23.619	0
29.854	-23.59	0
29.87	-23.561	0
29.885	-23.532	0
29.901	-23.503	0
29.916	-23.474	0
29.931	-23.445	0
29.947	-23.416	0
29.962	-23.387	0
29.978	-23.358	0
29.993	-23.329	0
30.008	-23.3	0
30.023	-23.271	0
30.039	-23.242	0
30.054	-23.213	0
30.069	-23.184	0
30.084	-23.154	0
30.099	-23.125	0
30.114	-23.096	0
30.129	-23.067	0
30.144	-23.038	0
30.159	-23.009	0
30.174	-22.98	0
30.189	-22.95	0
30.204	-22.921	0
30.219	-22.892	0
30.234	-22.863	0
30.249	-22.834	0
30.264	-22.804	0
30.279	-22.775	0
30.293	-22.746	0
30.308	-22.717	0
30.323	-22.688	0
30.338	-22.658	0
30.352	-22.629	0
30.367	-22.6	0
30.382	-22.57	0
30.396	-22.541	0
30.411	-22.512	0
30.425	-22.483	0
30.44	-22.453	0
30.454	-22.424	0
30.469	-22.395	0
30.483	-22.365	0
30.498	-22.336	0
30.512	-22.307	0
30.526	-22.277	0
30.541	-22.248	0
30.555	-22.218	0
30.569	-22.189	0
30.584	-22.16	0
30.598	-22.13	0
30.612	-22.101	0
30.626	-22.071	0
30.64	-22.042	0
30.655	-22.013	0
30.669	-21.983	0
30.683	-21.954	0
30.697	-21.924	0
30.711	-21.895	0
30.725	-21.865	0
30.739	-21.836	0
30.753	-21.806	0
30.767	-21.777	0
30.781	-21.747	0
30.794	-21.718	0
30.808	-21.688	0
30.822	-21.659	0
30.836	-21.629	0
30.85	-21.6	0
30.863	-21.57	0
30.877	-21.54	0
30.891	-21.511	0
30.905	-21.481	0
30.918	-21.452	0
30.932	-21.422	0
30.945	-21.392	0
30.959	-21.363	0
30.972	-21.333	0
30.986	-21.304	0
30.999	-21.274	0
31.013	-21.244	0
31.026	-21.215	0
31.04	-21.185	0
31.053	-21.155	0
31.066	-21.126	0
31.08	-21.096	0
31.093	-21.066	0
31.106	-21.037	0
31.12	-21.007	0
31.133	-20.977	0
31.146	-20.948	0
31.159	-20.918	0
31.172	-20.888	0
31.185	-20.858	0
31.198	-20.829	0
31.211	-20.799	0
31.225	-20.769	0
31.238	-20.739	0
31.25	-20.71	0
31.263	-20.68	0
31.276	-20.65	0
31.289	-20.62	0
31.302	-20.59	0
31.315	-20.561	0
31.328	-20.531	0
31.341	-20.501	0
31.353	-20.471	0
31.366	-20.441	0
31.379	-20.411	0
31.392	-20.382	0
31.404	-20.352	0
31.417	-20.322	0
31.429	-20.292	0
31.442	-20.262	0
31.455	-20.232	0
31.467	-20.202	0
31.48	-20.172	0
31.492	-20.143	0
31.505	-20.113	0
31.517	-20.083	0
31.529	-20.053	0
31.542	-20.023	0
31.554	-19.993	0
31.566	-19.963	0
31.579	-19.933	0
31.591	-19.903	0
31.603	-19.873	0
31.615	-19.843	0
31.628	-19.813	0
31.64	-19.783	0
31.652	-19.753	0
31.664	-19.723	0
31.676	-19.693	0
31.688	-19.663	0
31.7	-19.633	0
31.712	-19.603	0
31.724	-19.573	0
31.736	-19.543	0
31.748	-19.513	0
31.76	-19.483	0
31.772	-19.453	0
31.784	-19.423	0
31.795	-19.393	0
31.807	-19.363	0
31.819	-19.333	0
31.831	-19.303	0
31.842	-19.273	0
31.854	-19.242	0
31.866	-19.212	0
31.877	-19.182	0
31.889	-19.152	0
31.9	-19.122	0
31.912	-19.092	0
31.923	-19.062	0
31.935	-19.032	0
31.946	-19.002	0
31.958	-18.971	0
31.969	-18.941	0
31.981	-18.911	0
31.992	-18.881	0
32.003	-18.851	0
32.015	-18.821	0
32.026	-18.79	0
32.037	-18.76	0
32.048	-18.73	0
32.06	-18.7	0
32.071	-18.67	0
32.082	-18.639	0
32.093	-18.609	0
32.104	-18.579	0
32.115	-18.549	0
32.126	-18.519	0
32.137	-18.488	0
32.148	-18.458	0
32.159	-18.428	0
32.17	-18.398	0
32.181	-18.367	0
32.192	-18.337	0
32.203	-18.307	0
32.214	-18.277	0
32.224	-18.246	0
32.235	-18.216	0
32.246	-18.186	0
32.257	-18.155	0
32.267	-18.125	0
32.278	-18.095	0
32.289	-18.065	0
32.299	-18.034	0
32.31	-18.004	0
32.32	-17.974	0
32.331	-17.943	0
32.341	-17.913	0
32.352	-17.883	0
32.362	-17.852	0
32.373	-17.822	0
32.383	-17.792	0
32.394	-17.761	0
32.404	-17.731	0
32.414	-17.701	0
32.424	-17.67	0
32.435	-17.64	0
32.445	-17.609	0
32.455	-17.579	0
32.465	-17.549	0
32.475	-17.518	0
32.486	-17.488	0
32.496	-17.457	0
32.506	-17.427	0
32.516	-17.397	0
32.526	-17.366	0
32.536	-17.336	0
32.546	-17.305	0
32.556	-17.275	0
32.566	-17.245	0
32.576	-17.214	0
32.585	-17.184	0
32.595	-17.153	0
32.605	-17.123	0
32.615	-17.092	0
32.625	-17.062	0
32.634	-17.031	0
32.644	-17.001	0
32.654	-16.971	0
32.663	-16.94	0
32.673	-16.91	0
32.682	-16.879	0
32.692	-16.849	0
32.702	-16.818	0
32.711	-16.788	0
32.721	-16.757	0
32.73	-16.727	0
32.739	-16.696	0
32.749	-16.666	0
32.758	-16.635	0
32.768	-16.605	0
32.777	-16.574	0
32.786	-16.544	0
32.795	-16.513	0
32.805	-16.483	0
32.814	-16.452	0
32.823	-16.421	0
32.832	-16.391	0
32.841	-16.36	0
32.85	-16.33	0
32.86	-16.299	0
32.869	-16.269	0
32.878	-16.238	0
32.887	-16.208	0
32.896	-16.177	0
32.904	-16.147	0
32.913	-16.116	0
32.922	-16.085	0
32.931	-16.055	0
32.94	-16.024	0
32.949	-15.994	0
32.958	-15.963	0
32.966	-15.932	0
32.975	-15.902	0
32.984	-15.871	0
32.992	-15.841	0
33.001	-15.81	0
33.01	-15.779	0
33.018	-15.749	0
33.027	-15.718	0
33.035	-15.688	0
33.044	-15.657	0
33.052	-15.626	0
33.061	-15.596	0
33.069	-15.565	0
33.078	-15.535	0
33.086	-15.504	0
33.094	-15.473	0
33.103	-15.443	0
33.111	-15.412	0
33.119	-15.381	0
33.127	-15.351	0
33.136	-15.32	0
33.144	-15.289	0
33.152	-15.259	0
33.16	-15.228	0
33.168	-15.197	0
33.176	-15.167	0
33.184	-15.136	0
33.192	-15.105	0
33.2	-15.075	0
33.208	-15.044	0
33.216	-15.013	0
33.224	-14.983	0
33.232	-14.952	0
33.24	-14.921	0
33.248	-14.891	0
33.255	-14.86	0
33.263	-14.829	0
33.271	-14.799	0
33.279	-14.768	0
33.286	-14.737	0
33.294	-14.707	0
33.302	-14.676	0
33.309	-14.645	0
33.317	-14.615	0
33.324	-14.584	0
33.332	-14.553	0
33.339	-14.522	0
33.347	-14.492	0
33.354	-14.461	0
33.362	-14.43	0
33.369	-14.4	0
33.376	-14.369	0
33.384	-14.338	0
33.391	-14.307	0
33.398	-14.277	0
33.406	-14.246	0
33.413	-14.215	0
33.42	-14.185	0
33.427	-14.154	0
33.434	-14.123	0
33.442	-14.092	0
33.449	-14.062	0
33.456	-14.031	0
33.463	-14	0
33.47	-13.969	0
33.477	-13.939	0
33.484	-13.908	0
33.491	-13.877	0
33.497	-13.847	0
33.504	-13.816	0
33.511	-13.785	0
33.518	-13.754	0
33.525	-13.724	0
33.532	-13.693	0
33.538	-13.662	0
33.545	-13.631	0
33.552	-13.601	0
33.558	-13.57	0
33.565	-13.539	0
33.572	-13.508	0
33.578	-13.478	0
33.585	-13.447	0
33.591	-13.416	0
33.598	-13.385	0
33.604	-13.355	0
33.611	-13.324	0
33.617	-13.293	0
33.623	-13.262	0
33.63	-13.232	0
33.636	-13.201	0
33.642	-13.17	0
33.649	-13.139	0
33.655	-13.108	0
33.661	-13.078	0
33.667	-13.047	0
33.673	-13.016	0
33.68	-12.985	0
33.686	-12.955	0
33.692	-12.924	0
33.698	-12.893	0
33.704	-12.862	0
33.71	-12.832	0
33.716	-12.801	0
33.722	-12.77	0
33.728	-12.739	0
33.734	-12.709	0
33.739	-12.678	0
33.745	-12.647	0
33.751	-12.616	0
33.757	-12.586	0
33.763	-12.555	0
33.768	-12.524	0
33.774	-12.493	0
33.78	-12.462	0
33.785	-12.432	0
33.791	-12.401	0
33.796	-12.37	0
33.802	-12.339	0
33.808	-12.309	0
33.813	-12.278	0
33.819	-12.247	0
33.824	-12.216	0
33.829	-12.186	0
33.835	-12.155	0
33.84	-12.124	0
33.845	-12.093	0
33.851	-12.063	0
33.856	-12.032	0
33.861	-12.001	0
33.867	-11.97	0
33.872	-11.94	0
33.877	-11.909	0
33.882	-11.878	0
33.887	-11.847	0
33.892	-11.817	0
33.897	-11.786	0
33.902	-11.755	0
33.907	-11.724	0
33.912	-11.694	0
33.917	-11.663	0
33.922	-11.632	0
33.927	-11.601	0
33.932	-11.571	0
33.937	-11.54	0
33.942	-11.509	0
33.946	-11.478	0
33.951	-11.448	0
33.956	-11.417	0
33.961	-11.386	0
33.965	-11.356	0
33.97	-11.325	0
33.975	-11.294	0
33.979	-11.263	0
33.984	-11.233	0
33.988	-11.202	0
33.993	-11.171	0
33.997	-11.141	0
34.002	-11.11	0
34.006	-11.079	0
34.011	-11.048	0
34.015	-11.018	0
34.019	-10.987	0
34.024	-10.956	0
34.028	-10.926	0
34.032	-10.895	0
34.036	-10.864	0
34.041	-10.833	0
34.045	-10.803	0
34.049	-10.772	0
34.053	-10.741	0
34.057	-10.711	0
34.061	-10.68	0
34.065	-10.649	0
34.069	-10.619	0
34.073	-10.588	0
34.077	-10.557	0
34.081	-10.527	0
34.085	-10.496	0
34.089	-10.465	0
34.093	-10.435	0
34.096	-10.404	0
34.1	-10.373	0
34.104	-10.343	0
34.108	-10.312	0
34.111	-10.282	0
34.115	-10.251	0
34.119	-10.22	0
34.122	-10.19	0
34.126	-10.159	0
34.13	-10.128	0
34.133	-10.098	0
34.137	-10.067	0
34.14	-10.037	0
34.144	-10.006	0
34.147	-9.9753	0
34.15	-9.9447	0
34.154	-9.9141	0
34.157	-9.8836	0
34.16	-9.853	0
34.164	-9.8224	0
34.167	-9.7918	0
34.17	-9.7612	0
34.173	-9.7307	0
34.177	-9.7001	0
34.18	-9.6696	0
34.183	-9.639	0
34.186	-9.6085	0
34.189	-9.5779	0
34.192	-9.5474	0
34.195	-9.5169	0
34.198	-9.4863	0
34.201	-9.4558	0
34.204	-9.4253	0
34.207	-9.3948	0
34.21	-9.3643	0
34.212	-9.3338	0
34.215	-9.3033	0
34.218	-9.2728	0
34.221	-9.2423	0
34.224	-9.2118	0
34.226	-9.1814	0
34.229	-9.1509	0
34.232	-9.1205	0
34.234	-9.09	0
34.237	-9.0596	0
34.239	-9.0291	0
34.242	-8.9987	0
34.244	-8.9683	0
34.247	-8.9378	0
34.249	-8.9074	0
34.252	-8.877	0
34.254	-8.8466	0
34.256	-8.8162	0
34.259	-8.7859	0
34.261	-8.7555	0
34.263	-8.7251	0
34.266	-8.6947	0
34.268	-8.6644	0
34.27	-8.634	0
34.272	-8.6037	0
34.274	-8.5734	0
34.276	-8.5431	0
34.278	-8.5127	0
34.28	-8.4824	0
34.283	-8.4521	0
34.285	-8.4219	0
34.286	-8.3916	0
34.288	-8.3613	0
34.29	-8.3311	0
34.292	-8.3008	0
34.294	-8.2706	0
34.296	-8.2403	0
34.298	-8.2101	0
34.299	-8.1799	0
34.301	-8.1497	0
34.303	-8.1195	0
34.305	-8.0893	0
34.306	-8.0591	0
34.308	-8.029	0
34.309	-7.9988	0
34.311	-7.9687	0
34.313	-7.9386	0
34.314	-7.9084	0
34.315	-7.8783	0
34.317	-7.8482	0
34.318	-7.8182	0
34.32	-7.7881	0
34.321	-7.758	0
34.322	-7.728	0
34.324	-7.698	0
34.325	-7.6679	0
34.326	-7.6379	0
34.328	-7.6079	0
34.329	-7.5779	0
34.33	-7.548	0
34.331	-7.518	0
34.332	-7.4881	0
34.333	-7.4582	0
34.334	-7.4282	0
34.335	-7.3983	0
34.336	-7.3685	0
34.337	-7.3386	0
34.338	-7.3087	0
34.339	-7.2789	0
34.34	-7.2491	0
34.341	-7.2193	0
34.342	-7.1895	0
34.342	-7.1597	0
34.343	-7.13	0
34.344	-7.1002	0
34.345	-7.0705	0
34.345	-7.0408	0
34.346	-7.0111	0
34.346	-6.9815	0
34.347	-6.9518	0
34.348	-6.9222	0
34.348	-6.8926	0
34.349	-6.863	0
34.349	-6.8335	0
34.35	-6.8039	0
34.35	-6.7744	0
34.35	-6.7449	0
34.351	-6.7154	0
34.351	-6.686	0
34.351	-6.6566	0
34.352	-6.6272	0
34.352	-6.5981	0
34.352	-6.5691	0
34.352	-6.5402	0
34.352	-6.5115	0
34.352	-6.483	0
34.352	-6.4546	0
34.352	-6.4263	0
34.352	-6.3981	0
34.352	-6.37	0
34.352	-6.342	0
34.352	-6.314	0
34.352	-6.2861	0
34.352	-6.2583	0
34.352	-6.2305	0
34.352	-6.2027	0
34.351	-6.1749	0
34.351	-6.1471	0
34.351	-6.1193	0
34.35	-6.0914	0
34.35	-6.0634	0
34.35	-6.0354	0
34.349	-6.0073	0
34.349	-5.9791	0
34.348	-5.9507	0
34.348	-5.9222	0
34.347	-5.8935	0
34.346	-5.8646	0
34.346	-5.8354	0
34.345	-5.806	0
34.344	-5.7761	0
34.344	-5.7458	0
34.343	-5.7151	0
34.342	-5.6839	0
34.341	-5.6523	0
34.34	-5.6204	0
34.339	-5.5882	0
34.338	-5.5556	0
34.337	-5.5227	0
34.336	-5.4895	0
34.335	-5.4561	0
34.334	-5.4224	0
34.333	-5.3886	0
34.332	-5.3546	0
34.331	-5.3204	0
34.329	-5.2861	0
34.328	-5.2518	0
34.327	-5.2174	0
34.326	-5.183	0
34.325	-5.1486	0
34.323	-5.1143	0
34.322	-5.0801	0
34.321	-5.046	0
34.32	-5.0121	0
34.318	-4.9785	0
34.317	-4.9451	0
34.316	-4.912	0
34.315	-4.8793	0
34.313	-4.8471	0
34.312	-4.8151	0
34.311	-4.7833	0
34.309	-4.7516	0
34.308	-4.72	0
34.307	-4.6886	0
34.305	-4.6573	0
34.304	-4.6262	0
34.302	-4.5951	0
34.301	-4.5642	0
34.3	-4.5334	0
34.298	-4.5027	0
34.297	-4.472	0
34.295	-4.4415	0
34.294	-4.4111	0
34.292	-4.3807	0
34.291	-4.3504	0
34.289	-4.3202	0
34.287	-4.29	0
34.286	-4.2599	0
34.284	-4.2299	0
34.282	-4.1998	0
34.281	-4.1699	0
34.279	-4.1399	0
34.277	-4.11	0
34.275	-4.08	0
34.274	-4.0501	0
34.272	-4.0201	0
34.27	-3.9901	0
34.268	-3.9601	0
34.266	-3.93	0
34.264	-3.8998	0
34.262	-3.8696	0
34.26	-3.8393	0
34.258	-3.8089	0
34.256	-3.7783	0
34.254	-3.7476	0
34.252	-3.7168	0
34.25	-3.6858	0
34.247	-3.6546	0
34.245	-3.6232	0
34.243	-3.5916	0
34.24	-3.5598	0
34.238	-3.5279	0
34.236	-3.4959	0
34.233	-3.4637	0
34.231	-3.4314	0
34.228	-3.399	0
34.226	-3.3664	0
34.223	-3.3336	0
34.221	-3.3007	0
34.218	-3.2676	0
34.215	-3.2344	0
34.213	-3.201	0
34.21	-3.1674	0
34.207	-3.1336	0
34.205	-3.0996	0
34.202	-3.0654	0
34.199	-3.0311	0
34.196	-2.9965	0
34.193	-2.9617	0
34.19	-2.9266	0
34.187	-2.8914	0
34.184	-2.8559	0
34.181	-2.8202	0
34.178	-2.7842	0
34.175	-2.7479	0
34.172	-2.7114	0
34.169	-2.6745	0
34.166	-2.6374	0
34.163	-2.6	0
34.159	-2.5623	0
34.156	-2.5242	0
34.153	-2.4858	0
34.15	-2.4473	0
34.146	-2.409	0
34.143	-2.371	0
34.14	-2.3333	0
34.137	-2.2959	0
34.134	-2.2586	0
34.13	-2.2215	0
34.127	-2.1844	0
34.124	-2.1474	0
34.121	-2.1105	0
34.118	-2.0734	0
34.115	-2.0362	0
34.112	-1.9989	0
34.108	-1.9613	0
34.105	-1.9233	0
34.102	-1.8849	0
34.098	-1.846	0
34.095	-1.8064	0
34.092	-1.7661	0
34.088	-1.725	0
34.085	-1.6829	0
34.081	-1.6397	0
34.077	-1.5952	0
34.074	-1.5494	0
34.07	-1.502	0
34.066	-1.4529	0
34.062	-1.4019	0
34.058	-1.3488	0
34.053	-1.2934	0
34.049	-1.2356	0
34.045	-1.175	0
34.04	-1.1116	0
34.036	-1.0452	0
34.032	-0.97541	0
34.027	-0.90222	0
34.023	-0.82541	0
34.019	-0.74485	0
34.015	-0.66043	0
34.011	-0.57209	0
34.008	-0.4798	0
34.005	-0.38358	0
34.003	-0.28352	0
34.001	-0.17976	0
34	-0.072508	0
34	0.04156	0
34.001	0.16881	0
34.004	0.31117	0
34.008	0.46671	0
34.016	0.63321	0
34.026	0.80824	0
34.039	0.98921	0
34.055	1.1735	0
34.075	1.3587	0
34.097	1.5424	0
34.122	1.7225	0
34.149	1.8974	0
34.177	2.0655	0
34.206	2.2259	0
34.236	2.3776	0
34.266	2.5203	0
34.296	2.6537	0
34.325	2.7776	0
34.352	2.8922	0
34.379	2.9976	0
34.404	3.094	0
34.428	3.1818	0
34.449	3.2612	0
34.469	3.3326	0
34.487	3.3964	0
34.503	3.4528	0
34.518	3.5021	0
34.53	3.5446	0
34.541	3.582	0
34.551	3.6168	0
34.561	3.6504	0
34.57	3.6829	0
34.58	3.7145	0
34.589	3.7453	0
34.597	3.7753	0
34.606	3.8046	0
34.614	3.8334	0
34.623	3.8616	0
34.631	3.8894	0
34.639	3.9167	0
34.646	3.9437	0
34.654	3.9704	0
34.662	3.9968	0
34.669	4.023	0
34.677	4.0489	0
34.684	4.0746	0
34.691	4.1002	0
34.698	4.1256	0
34.705	4.1509	0
34.713	4.1761	0
34.72	4.2011	0
34.727	4.2261	0
34.734	4.2511	0
34.74	4.2759	0
34.747	4.3008	0
34.754	4.3256	0
34.761	4.3504	0
34.768	4.3751	0
34.774	4.3999	0
34.781	4.4247	0
34.788	4.4494	0
34.795	4.4742	0
34.801	4.499	0
34.808	4.5239	0
34.814	4.5487	0
34.821	4.5736	0
34.828	4.5986	0
34.834	4.6236	0
34.841	4.6486	0
34.847	4.6737	0
34.854	4.6988	0
34.86	4.724	0
34.867	4.7492	0
34.873	4.7745	0
34.88	4.7999	0
34.886	4.8253	0
34.893	4.8508	0
34.899	4.8764	0
34.906	4.902	0
34.912	4.9277	0
34.919	4.9535	0
34.925	4.9794	0
34.932	5.0053	0
34.938	5.0313	0
34.944	5.0574	0
34.951	5.0835	0
34.957	5.1098	0
34.964	5.1361	0
34.97	5.1625	0
34.977	5.1889	0
34.983	5.2154	0
34.989	5.2419	0
34.996	5.2684	0
35.002	5.2949	0
35.008	5.3215	0
35.015	5.348	0
35.021	5.3746	0
35.027	5.4012	0
35.033	5.4278	0
35.039	5.4545	0
35.046	5.4811	0
35.052	5.5077	0
35.058	5.5344	0
35.064	5.561	0
35.07	5.5877	0
35.076	5.6143	0
35.082	5.641	0
35.088	5.6677	0
35.094	5.6943	0
35.1	5.721	0
35.106	5.7477	0
35.112	5.7743	0
35.118	5.801	0
35.124	5.8276	0
35.13	5.8543	0
35.136	5.8809	0
35.142	5.9075	0
35.147	5.9341	0
35.153	5.9608	0
35.159	5.9874	0
35.165	6.014	0
35.17	6.0405	0
35.176	6.0671	0
35.182	6.0937	0
35.187	6.1202	0
35.193	6.1468	0
35.198	6.1733	0
35.204	6.1998	0
35.209	6.2264	0
35.215	6.2528	0
35.22	6.2793	0
35.226	6.3058	0
35.231	6.3323	0
35.236	6.3587	0
35.242	6.3851	0
35.247	6.4116	0
35.252	6.4379	0
35.257	6.4643	0
35.263	6.4905	0
35.268	6.5167	0
35.273	6.5429	0
35.278	6.5691	0
35.283	6.5952	0
35.288	6.6213	0
35.293	6.6474	0
35.298	6.6735	0
35.303	6.6996	0
35.308	6.7258	0
35.313	6.7519	0
35.318	6.7781	0
35.323	6.8043	0
35.328	6.8306	0
35.332	6.8569	0
35.337	6.8833	0
35.342	6.9098	0
35.347	6.9363	0
35.352	6.9629	0
35.356	6.9895	0
35.361	7.0163	0
35.366	7.0431	0
35.37	7.07	0
35.375	7.0971	0
35.38	7.1242	0
35.385	7.1514	0
35.389	7.1787	0
35.394	7.206	0
35.399	7.2334	0
35.403	7.2608	0
35.408	7.2882	0
35.413	7.3156	0
35.417	7.343	0
35.422	7.3705	0
35.426	7.3979	0
35.431	7.4254	0
35.435	7.453	0
35.44	7.4805	0
35.444	7.508	0
35.448	7.5356	0
35.453	7.5632	0
35.457	7.5908	0
35.462	7.6184	0
35.466	7.646	0
35.47	7.6737	0
35.475	7.7014	0
35.479	7.7291	0
35.483	7.7568	0
35.487	7.7845	0
35.491	7.8122	0
35.496	7.84	0
35.5	7.8678	0
35.504	7.8955	0
35.508	7.9234	0
35.512	7.9512	0
35.516	7.979	0
35.52	8.0069	0
35.524	8.0348	0
35.528	8.0626	0
35.532	8.0905	0
35.536	8.1185	0
35.54	8.1464	0
35.544	8.1744	0
35.548	8.2023	0
35.552	8.2303	0
35.556	8.2583	0
35.56	8.2863	0
35.563	8.3144	0
35.567	8.3424	0
35.571	8.3705	0
35.575	8.3985	0
35.578	8.4266	0
35.582	8.4547	0
35.586	8.4829	0
35.589	8.511	0
35.593	8.5392	0
35.597	8.5673	0
35.6	8.5955	0
35.604	8.6237	0
35.607	8.6519	0
35.611	8.6801	0
35.614	8.7084	0
35.618	8.7366	0
35.621	8.7649	0
35.625	8.7932	0
35.628	8.8215	0
35.632	8.8498	0
35.635	8.8781	0
35.638	8.9065	0
35.642	8.9348	0
35.645	8.9632	0
35.648	8.9916	0
35.651	9.02	0
35.655	9.0484	0
35.658	9.0768	0
35.661	9.1053	0
35.664	9.1337	0
35.667	9.1622	0
35.67	9.1907	0
35.673	9.2191	0
35.677	9.2477	0
35.68	9.2762	0
35.683	9.3047	0
35.686	9.3333	0
35.689	9.3618	0
35.692	9.3904	0
35.694	9.419	0
35.697	9.4476	0
35.7	9.4762	0
35.703	9.5048	0
35.706	9.5335	0
35.709	9.5621	0
35.712	9.5908	0
35.714	9.6194	0
35.717	9.6481	0
35.72	9.6768	0
35.722	9.7056	0
35.725	9.7343	0
35.728	9.763	0
35.73	9.7918	0
35.733	9.8206	0
35.736	9.8493	0
35.738	9.8781	0
35.741	9.9069	0
35.743	9.9358	0
35.746	9.9646	0
35.748	9.9934	0
35.751	10.022	0
35.753	10.051	0
35.755	10.08	0
35.758	10.109	0
35.76	10.138	0
35.763	10.167	0
35.765	10.196	0
35.767	10.225	0
35.769	10.254	0
35.772	10.283	0
35.774	10.312	0
35.776	10.341	0
35.778	10.37	0
35.78	10.399	0
35.782	10.428	0
35.785	10.457	0
35.787	10.486	0
35.789	10.515	0
35.791	10.544	0
35.793	10.573	0
35.795	10.602	0
35.797	10.631	0
35.798	10.66	0
35.8	10.689	0
35.802	10.718	0
35.804	10.748	0
35.806	10.777	0
35.808	10.806	0
35.81	10.835	0
35.811	10.864	0
35.813	10.894	0
35.815	10.923	0
35.816	10.952	0
35.818	10.981	0
35.82	11.011	0
35.821	11.04	0
35.823	11.069	0
35.825	11.098	0
35.826	11.128	0
35.828	11.157	0
35.829	11.186	0
35.831	11.216	0
35.832	11.245	0
35.833	11.274	0
35.835	11.304	0
35.836	11.333	0
35.838	11.363	0
35.839	11.392	0
35.84	11.421	0
35.842	11.451	0
35.843	11.48	0
35.844	11.51	0
35.845	11.539	0
35.846	11.569	0
35.848	11.598	0
35.849	11.628	0
35.85	11.657	0
35.851	11.687	0
35.852	11.716	0
35.853	11.746	0
35.854	11.775	0
35.855	11.805	0
35.856	11.834	0
35.857	11.864	0
35.858	11.893	0
35.859	11.923	0
35.86	11.953	0
35.86	11.982	0
35.861	12.012	0
35.862	12.042	0
35.863	12.071	0
35.864	12.101	0
35.864	12.131	0
35.865	12.16	0
35.866	12.19	0
35.866	12.22	0
35.867	12.249	0
35.868	12.279	0
35.868	12.309	0
35.869	12.339	0
35.869	12.368	0
35.87	12.398	0
35.87	12.428	0
35.871	12.458	0
35.871	12.487	0
35.872	12.517	0
35.872	12.547	0
35.872	12.577	0
35.873	12.607	0
35.873	12.637	0
35.873	12.666	0
35.873	12.696	0
35.874	12.726	0
35.874	12.756	0
35.874	12.786	0
35.874	12.816	0
35.874	12.846	0
35.875	12.876	0
35.875	12.906	0
35.875	12.935	0
35.875	12.965	0
35.875	12.995	0
35.875	13.025	0
35.875	13.055	0
35.875	13.085	0
35.875	13.115	0
35.874	13.145	0
35.874	13.175	0
35.874	13.205	0
35.874	13.235	0
35.874	13.265	0
35.873	13.295	0
35.873	13.326	0
35.873	13.356	0
35.873	13.386	0
35.872	13.416	0
35.872	13.446	0
35.871	13.476	0
35.871	13.506	0
35.871	13.536	0
35.87	13.566	0
35.87	13.596	0
35.869	13.627	0
35.869	13.657	0
35.868	13.687	0
35.867	13.717	0
35.867	13.747	0
35.866	13.778	0
35.866	13.808	0
35.865	13.838	0
35.864	13.868	0
35.863	13.898	0
35.863	13.929	0
35.862	13.959	0
35.861	13.989	0
35.86	14.019	0
35.859	14.05	0
35.858	14.08	0
35.858	14.11	0
35.857	14.141	0
35.856	14.171	0
35.855	14.201	0
35.854	14.232	0
35.853	14.262	0
35.851	14.292	0
35.85	14.323	0
35.849	14.353	0
35.848	14.383	0
35.847	14.414	0
35.846	14.444	0
35.845	14.474	0
35.843	14.505	0
35.842	14.535	0
35.841	14.566	0
35.839	14.596	0
35.838	14.627	0
35.837	14.657	0
35.835	14.687	0
35.834	14.718	0
35.832	14.748	0
35.831	14.779	0
35.829	14.809	0
35.828	14.84	0
35.826	14.87	0
35.825	14.901	0
35.823	14.931	0
35.821	14.962	0
35.82	14.992	0
35.818	15.023	0
35.816	15.054	0
35.815	15.084	0
35.813	15.115	0
35.811	15.145	0
35.809	15.176	0
35.807	15.206	0
35.806	15.237	0
35.804	15.268	0
35.802	15.298	0
35.8	15.329	0
35.798	15.359	0
35.796	15.39	0
35.794	15.421	0
35.792	15.451	0
35.79	15.482	0
35.788	15.513	0
35.786	15.543	0
35.783	15.574	0
35.781	15.605	0
35.779	15.635	0
35.777	15.666	0
35.775	15.697	0
35.772	15.728	0
35.77	15.758	0
35.768	15.789	0
35.765	15.82	0
35.763	15.851	0
35.76	15.881	0
35.758	15.912	0
35.756	15.943	0
35.753	15.974	0
35.751	16.004	0
35.748	16.035	0
35.745	16.066	0
35.743	16.097	0
35.74	16.128	0
35.738	16.158	0
35.735	16.189	0
35.732	16.22	0
35.73	16.251	0
35.727	16.282	0
35.724	16.313	0
35.721	16.343	0
35.718	16.374	0
35.715	16.405	0
35.713	16.436	0
35.71	16.467	0
35.707	16.498	0
35.704	16.529	0
35.701	16.56	0
35.698	16.591	0
35.695	16.621	0
35.692	16.652	0
35.689	16.683	0
35.685	16.714	0
35.682	16.745	0
35.679	16.776	0
35.676	16.807	0
35.673	16.838	0
35.669	16.869	0
35.666	16.9	0
35.663	16.931	0
35.66	16.962	0
35.656	16.993	0
35.653	17.024	0
35.649	17.055	0
35.646	17.086	0
35.643	17.117	0
35.639	17.148	0
35.636	17.179	0
35.632	17.21	0
35.628	17.241	0
35.625	17.272	0
35.621	17.303	0
35.618	17.334	0
35.614	17.365	0
35.61	17.396	0
35.606	17.428	0
35.603	17.459	0
35.599	17.49	0
35.595	17.521	0
35.591	17.552	0
35.587	17.583	0
35.583	17.614	0
35.58	17.645	0
35.576	17.676	0
35.572	17.708	0
35.568	17.739	0
35.564	17.77	0
35.56	17.801	0
35.555	17.832	0
35.551	17.863	0
35.547	17.895	0
35.543	17.926	0
35.539	17.957	0
35.535	17.988	0
35.53	18.019	0
35.526	18.05	0
35.522	18.082	0
35.518	18.113	0
35.513	18.144	0
35.509	18.175	0
35.504	18.207	0
35.5	18.238	0
35.496	18.269	0
35.491	18.3	0
35.487	18.331	0
35.482	18.363	0
35.477	18.394	0
35.473	18.425	0
35.468	18.456	0
35.464	18.488	0
35.459	18.519	0
35.454	18.55	0
35.45	18.582	0
35.445	18.613	0
35.44	18.644	0
35.435	18.675	0
35.43	18.707	0
35.425	18.738	0
35.421	18.769	0
35.416	18.801	0
35.411	18.832	0
35.406	18.863	0
35.401	18.895	0
35.396	18.926	0
35.391	18.957	0
35.386	18.989	0
35.381	19.02	0
35.375	19.051	0
35.37	19.083	0
35.365	19.114	0
35.36	19.146	0
35.355	19.177	0
35.349	19.208	0
35.344	19.24	0
35.339	19.271	0
35.333	19.303	0
35.328	19.334	0
35.323	19.365	0
35.317	19.397	0
35.312	19.428	0
35.306	19.46	0
35.301	19.491	0
35.295	19.522	0
35.29	19.554	0
35.284	19.585	0
35.278	19.617	0
35.273	19.648	0
35.267	19.68	0
35.261	19.711	0
35.256	19.743	0
35.25	19.774	0
35.244	19.805	0
35.238	19.837	0
35.232	19.868	0
35.226	19.9	0
35.221	19.931	0
35.215	19.963	0
35.209	19.994	0
35.203	20.026	0
35.197	20.057	0
35.191	20.089	0
35.185	20.12	0
35.179	20.152	0
35.172	20.183	0
35.166	20.215	0
35.16	20.246	0
35.154	20.278	0
35.148	20.309	0
35.141	20.341	0
35.135	20.372	0
35.129	20.404	0
35.122	20.436	0
35.116	20.467	0
35.11	20.499	0
35.103	20.53	0
35.097	20.562	0
35.09	20.593	0
35.084	20.625	0
35.077	20.656	0
35.071	20.688	0
35.064	20.72	0
35.058	20.751	0
35.051	20.783	0
35.044	20.814	0
35.037	20.846	0
35.031	20.878	0
35.024	20.909	0
35.017	20.941	0
35.01	20.972	0
35.004	21.004	0
34.997	21.035	0
34.99	21.067	0
34.983	21.099	0
34.976	21.13	0
34.969	21.162	0
34.962	21.194	0
34.955	21.225	0
34.948	21.257	0
34.941	21.288	0
34.934	21.32	0
34.926	21.352	0
34.919	21.383	0
34.912	21.415	0
34.905	21.447	0
34.898	21.478	0
34.89	21.51	0
34.883	21.542	0
34.876	21.573	0
34.868	21.605	0
34.861	21.637	0
34.853	21.668	0
34.846	21.7	0
34.839	21.731	0
34.831	21.763	0
34.824	21.795	0
34.816	21.827	0
34.808	21.858	0
34.801	21.89	0
34.793	21.922	0
34.785	21.953	0
34.778	21.985	0
34.77	22.017	0
34.762	22.048	0
34.754	22.08	0
34.747	22.112	0
34.739	22.143	0
34.731	22.175	0
34.723	22.207	0
34.715	22.238	0
34.707	22.27	0
34.699	22.302	0
34.691	22.334	0
34.683	22.365	0
34.675	22.397	0
34.667	22.429	0
34.659	22.46	0
34.651	22.492	0
34.642	22.524	0
34.634	22.556	0
34.626	22.587	0
34.618	22.619	0
34.609	22.651	0
34.601	22.682	0
34.593	22.714	0
34.584	22.746	0
34.576	22.778	0
34.567	22.809	0
34.559	22.841	0
34.551	22.873	0
34.542	22.905	0
34.533	22.936	0
34.525	22.968	0
34.516	23	0
34.508	23.032	0
34.499	23.063	0
34.49	23.095	0
34.482	23.127	0
34.473	23.159	0
34.464	23.19	0
34.455	23.222	0
34.446	23.254	0
34.438	23.286	0
34.429	23.317	0
34.42	23.349	0
34.411	23.381	0
34.402	23.413	0
34.393	23.444	0
34.384	23.476	0
34.375	23.508	0
34.366	23.54	0
34.356	23.571	0
34.347	23.603	0
34.338	23.635	0
34.329	23.667	0
34.32	23.699	0
34.31	23.73	0
34.301	23.762	0
34.292	23.794	0
34.283	23.826	0
34.273	23.857	0
34.264	23.889	0
34.254	23.921	0
34.245	23.953	0
34.235	23.984	0
34.226	24.016	0
34.216	24.048	0
34.207	24.08	0
34.197	24.112	0
34.188	24.143	0
34.178	24.175	0
34.168	24.207	0
34.158	24.239	0
34.149	24.27	0
34.139	24.302	0
34.129	24.334	0
34.119	24.366	0
34.109	24.398	0
34.1	24.429	0
34.09	24.461	0
34.08	24.493	0
34.07	24.525	0
34.06	24.557	0
34.05	24.588	0
34.04	24.62	0
34.03	24.652	0
34.019	24.684	0
34.009	24.715	0
33.999	24.747	0
33.989	24.779	0
33.979	24.811	0
33.968	24.843	0
33.958	24.874	0
33.948	24.906	0
33.937	24.938	0
33.927	24.97	0
33.917	25.001	0
33.906	25.033	0
33.896	25.065	0
33.885	25.097	0
33.875	25.129	0
33.864	25.16	0
33.854	25.192	0
33.843	25.224	0
33.832	25.256	0
33.822	25.288	0
33.811	25.319	0
33.8	25.351	0
33.79	25.383	0
33.779	25.415	0
33.768	25.446	0
33.757	25.478	0
33.746	25.51	0
33.736	25.542	0
33.725	25.573	0
33.714	25.605	0
33.703	25.637	0
33.692	25.669	0
33.681	25.701	0
33.67	25.732	0
33.658	25.764	0
33.647	25.796	0
33.636	25.828	0
33.625	25.859	0
33.614	25.891	0
33.603	25.923	0
33.591	25.955	0
33.58	25.986	0
33.569	26.018	0
33.557	26.05	0
33.546	26.082	0
33.535	26.114	0
33.523	26.145	0
33.512	26.177	0
33.5	26.209	0
33.489	26.241	0
33.477	26.272	0
33.466	26.304	0
33.454	26.336	0
33.442	26.368	0
33.431	26.399	0
33.419	26.431	0
33.407	26.463	0
33.395	26.494	0
33.384	26.526	0
33.369	26.565	0
