-25.397	28.827	-0
-25.368	28.844	-0
-25.34	28.861	-0
-25.311	28.878	-0
-25.283	28.895	-0
-25.255	28.912	-0
-25.226	28.929	-0
-25.198	28.946	-0
-25.169	28.963	-0
-25.141	28.98	-0
-25.113	28.997	-0
-25.084	29.014	-0
-25.056	29.031	-0
-25.027	29.048	-0
-24.999	29.064	-0
-24.97	29.081	-0
-24.942	29.098	-0
-24.913	29.115	-0
-24.885	29.131	-0
-24.856	29.148	-0
-24.828	29.165	-0
-24.799	29.181	-0
-24.77	29.198	-0
-24.742	29.214	-0
-24.713	29.231	-0
-24.685	29.247	-0
-24.656	29.264	-0
-24.627	29.28	-0
-24.599	29.297	-0
-24.57	29.313	-0
-24.542	29.329	-0
-24.513	29.346	-0
-24.484	29.362	-0
-24.456	29.378	-0
-24.427	29.395	-0
-24.398	29.411	-0
-24.369	29.427	-0
-24.341	29.443	-0
-24.312	29.46	-0
-24.283	29.476	-0
-24.255	29.492	-0
-24.226	29.508	-0
-24.197	29.524	-0
-24.168	29.54	-0
-24.139	29.556	-0
-24.111	29.572	-0
-24.082	29.588	-0
-24.053	29.604	-0
-24.024	29.62	-0
-23.995	29.636	-0
-23.966	29.652	-0
-23.938	29.668	-0
-23.909	29.683	-0
-23.88	29.699	-0
-23.851	29.715	-0
-23.822	29.731	-0
-23.793	29.746	-0
-23.764	29.762	-0
-23.735	29.778	-0
-23.706	29.793	-0
-23.677	29.809	-0
-23.649	29.825	-0
-23.62	29.84	-0
-23.591	29.856	-0
-23.562	29.871	-0
-23.533	29.887	-0
-23.504	29.902	-0
-23.475	29.918	-0
-23.446	29.933	-0
-23.417	29.948	-0
-23.388	29.964	-0
-23.359	29.979	-0
-23.329	29.994	-0
-23.3	30.01	-0
-23.271	30.025	-0
-23.242	30.04	-0
-23.213	30.055	-0
-23.184	30.071	-0
-23.155	30.086	-0
-23.126	30.101	-0
-23.097	30.116	-0
-23.068	30.131	-0
-23.038	30.146	-0
-23.009	30.161	-0
-22.98	30.176	-0
-22.951	30.191	-0
-22.922	30.206	-0
-22.893	30.221	-0
-22.863	30.236	-0
-22.834	30.251	-0
-22.805	30.266	-0
-22.776	30.28	-0
-22.747	30.295	-0
-22.717	30.31	-0
-22.688	30.325	-0
-22.659	30.339	-0
-22.63	30.354	-0
-22.6	30.369	-0
-22.571	30.383	-0
-22.542	30.398	-0
-22.512	30.412	-0
-22.483	30.427	-0
-22.454	30.442	-0
-22.424	30.456	-0
-22.395	30.471	-0
-22.366	30.485	-0
-22.336	30.499	-0
-22.307	30.514	-0
-22.278	30.528	-0
-22.248	30.543	-0
-22.219	30.557	-0
-22.19	30.571	-0
-22.16	30.585	-0
-22.131	30.6	-0
-22.101	30.614	-0
-22.072	30.628	-0
-22.042	30.642	-0
-22.013	30.656	-0
-21.984	30.67	-0
-21.954	30.685	-0
-21.925	30.699	-0
-21.895	30.713	-0
-21.866	30.727	-0
-21.836	30.741	-0
-21.807	30.755	-0
-21.777	30.769	-0
-21.748	30.782	-0
-21.718	30.796	-0
-21.689	30.81	-0
-21.659	30.824	-0
-21.63	30.838	-0
-21.6	30.852	-0
-21.57	30.865	-0
-21.541	30.879	-0
-21.511	30.893	-0
-21.482	30.906	-0
-21.452	30.92	-0
-21.423	30.934	-0
-21.393	30.947	-0
-21.363	30.961	-0
-21.334	30.974	-0
-21.304	30.988	-0
-21.274	31.001	-0
-21.245	31.015	-0
-21.215	31.028	-0
-21.185	31.042	-0
-21.156	31.055	-0
-21.126	31.068	-0
-21.096	31.082	-0
-21.067	31.095	-0
-21.037	31.108	-0
-21.007	31.121	-0
-20.978	31.135	-0
-20.948	31.148	-0
-20.918	31.161	-0
-20.889	31.174	-0
-20.859	31.187	-0
-20.829	31.2	-0
-20.799	31.213	-0
-20.77	31.226	-0
-20.74	31.239	-0
-20.71	31.252	-0
-20.68	31.265	-0
-20.65	31.278	-0
-20.621	31.291	-0
-20.591	31.304	-0
-20.561	31.317	-0
-20.531	31.33	-0
-20.501	31.343	-0
-20.472	31.355	-0
-20.442	31.368	-0
-20.412	31.381	-0
-20.382	31.393	-0
-20.352	31.406	-0
-20.322	31.419	-0
-20.292	31.431	-0
-20.263	31.444	-0
-20.233	31.457	-0
-20.203	31.469	-0
-20.173	31.482	-0
-20.143	31.494	-0
-20.113	31.507	-0
-20.083	31.519	-0
-20.053	31.531	-0
-20.023	31.544	-0
-19.993	31.556	-0
-19.963	31.568	-0
-19.933	31.581	-0
-19.903	31.593	-0
-19.873	31.605	-0
-19.844	31.617	-0
-19.814	31.63	-0
-19.784	31.642	-0
-19.754	31.654	-0
-19.724	31.666	-0
-19.694	31.678	-0
-19.664	31.69	-0
-19.634	31.702	-0
-19.604	31.714	-0
-19.574	31.726	-0
-19.543	31.738	-0
-19.513	31.75	-0
-19.483	31.762	-0
-19.453	31.774	-0
-19.423	31.786	-0
-19.393	31.797	-0
-19.363	31.809	-0
-19.333	31.821	-0
-19.303	31.833	-0
-19.273	31.844	-0
-19.243	31.856	-0
-19.213	31.868	-0
-19.183	31.879	-0
-19.152	31.891	-0
-19.122	31.903	-0
-19.092	31.914	-0
-19.062	31.926	-0
-19.032	31.937	-0
-19.002	31.949	-0
-18.972	31.96	-0
-18.942	31.971	-0
-18.911	31.983	-0
-18.881	31.994	-0
-18.851	32.006	-0
-18.821	32.017	-0
-18.791	32.028	-0
-18.761	32.039	-0
-18.73	32.051	-0
-18.7	32.062	-0
-18.67	32.073	-0
-18.64	32.084	-0
-18.61	32.095	-0
-18.579	32.106	-0
-18.549	32.117	-0
-18.519	32.129	-0
-18.489	32.14	-0
-18.458	32.151	-0
-18.428	32.161	-0
-18.398	32.172	-0
-18.368	32.183	-0
-18.337	32.194	-0
-18.307	32.205	-0
-18.277	32.216	-0
-18.247	32.227	-0
-18.216	32.237	-0
-18.186	32.248	-0
-18.156	32.259	-0
-18.125	32.27	-0
-18.095	32.28	-0
-18.065	32.291	-0
-18.034	32.302	-0
-18.004	32.312	-0
-17.974	32.323	-0
-17.944	32.333	-0
-17.913	32.344	-0
-17.883	32.354	-0
-17.852	32.365	-0
-17.822	32.375	-0
-17.792	32.385	-0
-17.761	32.396	-0
-17.731	32.406	-0
-17.701	32.417	-0
-17.67	32.427	-0
-17.64	32.437	-0
-17.61	32.447	-0
-17.579	32.458	-0
-17.549	32.468	-0
-17.518	32.478	-0
-17.488	32.488	-0
-17.458	32.498	-0
-17.427	32.508	-0
-17.397	32.518	-0
-17.366	32.528	-0
-17.336	32.538	-0
-17.306	32.548	-0
-17.275	32.558	-0
-17.245	32.568	-0
-17.214	32.578	-0
-17.184	32.588	-0
-17.153	32.598	-0
-17.123	32.607	-0
-17.092	32.617	-0
-17.062	32.627	-0
-17.032	32.637	-0
-17.001	32.646	-0
-16.971	32.656	-0
-16.94	32.666	-0
-16.91	32.675	-0
-16.879	32.685	-0
-16.849	32.695	-0
-16.818	32.704	-0
-16.788	32.714	-0
-16.757	32.723	-0
-16.727	32.733	-0
-16.696	32.742	-0
-16.666	32.751	-0
-16.635	32.761	-0
-16.605	32.77	-0
-16.574	32.779	-0
-16.544	32.789	-0
-16.513	32.798	-0
-16.483	32.807	-0
-16.452	32.816	-0
-16.422	32.826	-0
-16.391	32.835	-0
-16.36	32.844	-0
-16.33	32.853	-0
-16.299	32.862	-0
-16.269	32.871	-0
-16.238	32.88	-0
-16.208	32.889	-0
-16.177	32.898	-0
-16.147	32.907	-0
-16.116	32.916	-0
-16.085	32.925	-0
-16.055	32.934	-0
-16.024	32.943	-0
-15.994	32.951	-0
-15.963	32.96	-0
-15.932	32.969	-0
-15.902	32.978	-0
-15.871	32.986	-0
-15.841	32.995	-0
-15.81	33.004	-0
-15.779	33.012	-0
-15.749	33.021	-0
-15.718	33.029	-0
-15.688	33.038	-0
-15.657	33.047	-0
-15.626	33.055	-0
-15.596	33.063	-0
-15.565	33.072	-0
-15.534	33.08	-0
-15.504	33.089	-0
-15.473	33.097	-0
-15.443	33.105	-0
-15.412	33.114	-0
-15.381	33.122	-0
-15.351	33.13	-0
-15.32	33.138	-0
-15.289	33.147	-0
-15.259	33.155	-0
-15.228	33.163	-0
-15.197	33.171	-0
-15.167	33.179	-0
-15.136	33.187	-0
-15.105	33.195	-0
-15.075	33.203	-0
-15.044	33.211	-0
-15.013	33.219	-0
-14.983	33.227	-0
-14.952	33.235	-0
-14.921	33.243	-0
-14.891	33.251	-0
-14.86	33.258	-0
-14.829	33.266	-0
-14.798	33.274	-0
-14.768	33.282	-0
-14.737	33.289	-0
-14.706	33.297	-0
-14.676	33.305	-0
-14.645	33.312	-0
-14.614	33.32	-0
-14.584	33.327	-0
-14.553	33.335	-0
-14.522	33.342	-0
-14.491	33.35	-0
-14.461	33.357	-0
-14.43	33.365	-0
-14.399	33.372	-0
-14.369	33.38	-0
-14.338	33.387	-0
-14.307	33.394	-0
-14.276	33.401	-0
-14.246	33.409	-0
-14.215	33.416	-0
-14.184	33.423	-0
-14.153	33.43	-0
-14.123	33.437	-0
-14.092	33.445	-0
-14.061	33.452	-0
-14.031	33.459	-0
-14	33.466	-0
-13.969	33.473	-0
-13.938	33.48	-0
-13.908	33.487	-0
-13.877	33.494	-0
-13.846	33.501	-0
-13.815	33.508	-0
-13.785	33.514	-0
-13.754	33.521	-0
-13.723	33.528	-0
-13.692	33.535	-0
-13.662	33.541	-0
-13.631	33.548	-0
-13.6	33.555	-0
-13.569	33.562	-0
-13.539	33.568	-0
-13.508	33.575	-0
-13.477	33.581	-0
-13.446	33.588	-0
-13.416	33.594	-0
-13.385	33.601	-0
-13.354	33.607	-0
-13.323	33.614	-0
-13.292	33.62	-0
-13.262	33.627	-0
-13.231	33.633	-0
-13.2	33.639	-0
-13.169	33.646	-0
-13.139	33.652	-0
-13.108	33.658	-0
-13.077	33.664	-0
-13.046	33.671	-0
-13.016	33.677	-0
-12.985	33.683	-0
-12.954	33.689	-0
-12.923	33.695	-0
-12.892	33.701	-0
-12.862	33.707	-0
-12.831	33.713	-0
-12.8	33.719	-0
-12.769	33.725	-0
-12.739	33.731	-0
-12.708	33.737	-0
-12.677	33.743	-0
-12.646	33.749	-0
-12.616	33.754	-0
-12.585	33.76	-0
-12.554	33.766	-0
-12.523	33.772	-0
-12.492	33.777	-0
-12.462	33.783	-0
-12.431	33.789	-0
-12.4	33.794	-0
-12.369	33.8	-0
-12.339	33.806	-0
-12.308	33.811	-0
-12.277	33.817	-0
-12.246	33.822	-0
-12.216	33.828	-0
-12.185	33.833	-0
-12.154	33.838	-0
-12.123	33.844	-0
-12.092	33.849	-0
-12.062	33.854	-0
-12.031	33.86	-0
-12	33.865	-0
-11.969	33.87	-0
-11.939	33.875	-0
-11.908	33.881	-0
-11.877	33.886	-0
-11.846	33.891	-0
-11.816	33.896	-0
-11.785	33.901	-0
-11.754	33.906	-0
-11.723	33.911	-0
-11.693	33.916	-0
-11.662	33.921	-0
-11.631	33.926	-0
-11.6	33.931	-0
-11.57	33.936	-0
-11.539	33.941	-0
-11.508	33.945	-0
-11.477	33.95	-0
-11.447	33.955	-0
-11.416	33.96	-0
-11.385	33.964	-0
-11.354	33.969	-0
-11.324	33.974	-0
-11.293	33.978	-0
-11.262	33.983	-0
-11.231	33.988	-0
-11.201	33.992	-0
-11.17	33.997	-0
-11.139	34.001	-0
-11.108	34.006	-0
-11.078	34.01	-0
-11.047	34.014	-0
-11.016	34.019	-0
-10.986	34.023	-0
-10.955	34.028	-0
-10.924	34.032	-0
-10.893	34.036	-0
-10.863	34.04	-0
-10.832	34.045	-0
-10.801	34.049	-0
-10.771	34.053	-0
-10.74	34.057	-0
-10.709	34.061	-0
-10.679	34.065	-0
-10.648	34.069	-0
-10.617	34.073	-0
-10.586	34.077	-0
-10.556	34.081	-0
-10.525	34.085	-0
-10.494	34.089	-0
-10.464	34.093	-0
-10.433	34.097	-0
-10.402	34.101	-0
-10.372	34.105	-0
-10.341	34.108	-0
-10.31	34.112	-0
-10.28	34.116	-0
-10.249	34.119	-0
-10.218	34.123	-0
-10.188	34.127	-0
-10.157	34.13	-0
-10.126	34.134	-0
-10.096	34.137	-0
-10.065	34.141	-0
-10.035	34.144	-0
-10.004	34.148	-0
-9.9734	34.151	-0
-9.9427	34.155	-0
-9.9121	34.158	-0
-9.8815	34.162	-0
-9.8509	34.165	-0
-9.8203	34.168	-0
-9.7897	34.171	-0
-9.7591	34.175	-0
-9.7285	34.178	-0
-9.6979	34.181	-0
-9.6674	34.184	-0
-9.6368	34.187	-0
-9.6062	34.19	-0
-9.5757	34.194	-0
-9.5451	34.197	-0
-9.5145	34.2	-0
-9.484	34.203	-0
-9.4534	34.206	-0
-9.4229	34.209	-0
-9.3924	34.211	-0
-9.3618	34.214	-0
-9.3313	34.217	-0
-9.3008	34.22	-0
-9.2703	34.223	-0
-9.2398	34.226	-0
-9.2093	34.228	-0
-9.1788	34.231	-0
-9.1483	34.234	-0
-9.1178	34.236	-0
-9.0873	34.239	-0
-9.0568	34.242	-0
-9.0264	34.244	-0
-8.9959	34.247	-0
-8.9654	34.249	-0
-8.935	34.252	-0
-8.9046	34.254	-0
-8.8741	34.257	-0
-8.8437	34.259	-0
-8.8133	34.261	-0
-8.7828	34.264	-0
-8.7524	34.266	-0
-8.722	34.268	-0
-8.6916	34.271	-0
-8.6613	34.273	-0
-8.6309	34.275	-0
-8.6005	34.277	-0
-8.5701	34.279	-0
-8.5398	34.282	-0
-8.5094	34.284	-0
-8.4791	34.286	-0
-8.4488	34.288	-0
-8.4184	34.29	-0
-8.3881	34.292	-0
-8.3578	34.294	-0
-8.3275	34.296	-0
-8.2972	34.297	-0
-8.2669	34.299	-0
-8.2367	34.301	-0
-8.2064	34.303	-0
-8.1762	34.305	-0
-8.1459	34.307	-0
-8.1157	34.308	-0
-8.0854	34.31	-0
-8.0552	34.312	-0
-8.025	34.313	-0
-7.9948	34.315	-0
-7.9646	34.316	-0
-7.9345	34.318	-0
-7.9043	34.32	-0
-7.8741	34.321	-0
-7.844	34.323	-0
-7.8139	34.324	-0
-7.7837	34.325	-0
-7.7536	34.327	-0
-7.7235	34.328	-0
-7.6935	34.329	-0
-7.6634	34.331	-0
-7.6333	34.332	-0
-7.6033	34.333	-0
-7.5732	34.335	-0
-7.5432	34.336	-0
-7.5132	34.337	-0
-7.4832	34.338	-0
-7.4532	34.339	-0
-7.4232	34.34	-0
-7.3933	34.341	-0
-7.3633	34.342	-0
-7.3334	34.343	-0
-7.3035	34.344	-0
-7.2736	34.345	-0
-7.2437	34.346	-0
-7.2138	34.347	-0
-7.184	34.348	-0
-7.1541	34.348	-0
-7.1243	34.349	-0
-7.0945	34.35	-0
-7.0647	34.351	-0
-7.0349	34.351	-0
-7.0052	34.352	-0
-6.9755	34.353	-0
-6.9457	34.353	-0
-6.916	34.354	-0
-6.8864	34.354	-0
-6.8567	34.355	-0
-6.827	34.355	-0
-6.7974	34.356	-0
-6.7678	34.356	-0
-6.7382	34.357	-0
-6.7087	34.357	-0
-6.6791	34.358	-0
-6.6496	34.358	-0
-6.6202	34.358	-0
-6.5909	34.358	-0
-6.5618	34.359	-0
-6.5329	34.359	-0
-6.5041	34.359	-0
-6.4754	34.359	-0
-6.4469	34.359	-0
-6.4185	34.359	-0
-6.3902	34.359	-0
-6.362	34.359	-0
-6.3338	34.359	-0
-6.3057	34.359	-0
-6.2777	34.359	-0
-6.2498	34.359	-0
-6.2218	34.359	-0
-6.1939	34.359	-0
-6.1659	34.358	-0
-6.138	34.358	-0
-6.11	34.358	-0
-6.082	34.358	-0
-6.0539	34.357	-0
-6.0257	34.357	-0
-5.9974	34.356	-0
-5.969	34.356	-0
-5.9405	34.355	-0
-5.9118	34.355	-0
-5.8829	34.354	-0
-5.8539	34.354	-0
-5.8246	34.353	-0
-5.795	34.353	-0
-5.7649	34.352	-0
-5.7345	34.351	-0
-5.7035	34.35	-0
-5.6722	34.35	-0
-5.6405	34.349	-0
-5.6084	34.348	-0
-5.576	34.347	-0
-5.5433	34.346	-0
-5.5102	34.345	-0
-5.4769	34.344	-0
-5.4433	34.343	-0
-5.4095	34.342	-0
-5.3755	34.341	-0
-5.3413	34.34	-0
-5.307	34.339	-0
-5.2725	34.338	-0
-5.238	34.336	-0
-5.2035	34.335	-0
-5.1689	34.334	-0
-5.1344	34.333	-0
-5.0999	34.332	-0
-5.0655	34.331	-0
-5.0312	34.329	-0
-4.9972	34.328	-0
-4.9633	34.327	-0
-4.9297	34.326	-0
-4.8965	34.325	-0
-4.8636	34.323	-0
-4.8311	34.322	-0
-4.7989	34.321	-0
-4.7668	34.32	-0
-4.7349	34.318	-0
-4.7031	34.317	-0
-4.6714	34.316	-0
-4.6398	34.314	-0
-4.6084	34.313	-0
-4.5771	34.312	-0
-4.5458	34.31	-0
-4.5147	34.309	-0
-4.4837	34.308	-0
-4.4527	34.306	-0
-4.4219	34.305	-0
-4.3911	34.303	-0
-4.3604	34.302	-0
-4.3297	34.3	-0
-4.2991	34.299	-0
-4.2686	34.297	-0
-4.2381	34.296	-0
-4.2076	34.294	-0
-4.1772	34.292	-0
-4.1468	34.291	-0
-4.1164	34.289	-0
-4.086	34.287	-0
-4.0556	34.286	-0
-4.0252	34.284	-0
-3.9947	34.282	-0
-3.9642	34.28	-0
-3.9337	34.278	-0
-3.9031	34.277	-0
-3.8724	34.275	-0
-3.8416	34.273	-0
-3.8107	34.271	-0
-3.7797	34.269	-0
-3.7486	34.267	-0
-3.7173	34.265	-0
-3.6858	34.263	-0
-3.6542	34.261	-0
-3.6223	34.258	-0
-3.5903	34.256	-0
-3.558	34.254	-0
-3.5256	34.252	-0
-3.493	34.249	-0
-3.4602	34.247	-0
-3.4273	34.245	-0
-3.3943	34.242	-0
-3.3611	34.24	-0
-3.3277	34.238	-0
-3.2941	34.235	-0
-3.2604	34.233	-0
-3.2265	34.23	-0
-3.1924	34.228	-0
-3.1581	34.225	-0
-3.1236	34.222	-0
-3.0889	34.22	-0
-3.054	34.217	-0
-3.0189	34.214	-0
-2.9835	34.212	-0
-2.9479	34.209	-0
-2.9121	34.206	-0
-2.8761	34.203	-0
-2.8398	34.2	-0
-2.8032	34.198	-0
-2.7664	34.195	-0
-2.7293	34.192	-0
-2.692	34.189	-0
-2.6543	34.186	-0
-2.6163	34.183	-0
-2.578	34.18	-0
-2.5395	34.177	-0
-2.5005	34.174	-0
-2.4613	34.171	-0
-2.4217	34.168	-0
-2.382	34.165	-0
-2.3425	34.162	-0
-2.3032	34.159	-0
-2.2659	34.156	-0
-2.2325	34.153	-0
-2.2032	34.151	-0
-2.1775	34.149	-0
-2.1553	34.147	-0
-2.1361	34.146	-0
-2.1195	34.144	-0
-2.1051	34.143	-0
-2.0925	34.142	-0
-2.0812	34.141	-0
-2.0706	34.14	-0
-2.0602	34.139	-0
-2.0495	34.138	-0
-2.0378	34.137	-0
-2.0243	34.135	-0
-2.0083	34.134	-0
-1.9889	34.131	-0
-1.9651	34.129	-0
-1.9359	34.125	-0
-1.9	34.121	-0
-1.8562	34.116	-0
-1.803	34.11	-0
-1.7398	34.103	-0
-1.6708	34.095	-0
-1.5991	34.088	-0
-1.5247	34.08	-0
-1.4475	34.072	-0
-1.3674	34.065	-0
-1.2843	34.057	-0
-1.1982	34.05	-0
-1.109	34.043	-0
-1.0167	34.036	-0
-0.9215	34.03	-0
-0.82336	34.024	-0
-0.72246	34.018	-0
-0.619	34.014	-0
-0.51325	34.009	-0
-0.40549	34.006	-0
-0.29609	34.003	-0
-0.18542	34.001	-0
-0.073925	34	-0
0.069544	34	0
0.24295	34.003	0
0.41484	34.007	0
0.58389	34.014	0
0.74893	34.024	0
0.90898	34.035	0
1.0632	34.048	0
1.211	34.062	0
1.352	34.077	0
1.486	34.093	0
1.613	34.109	0
1.733	34.125	0
1.8461	34.142	0
1.9528	34.159	0
2.0534	34.175	0
2.1481	34.191	0
2.2374	34.207	0
2.3217	34.222	0
2.4014	34.237	0
2.4821	34.253	0
2.5695	34.27	0
2.6632	34.29	0
2.7611	34.31	0
2.8617	34.332	0
2.9634	34.356	0
3.0651	34.379	0
3.1655	34.404	0
3.2636	34.429	0
3.3587	34.453	0
3.45	34.477	0
3.5369	34.501	0
3.619	34.524	0
3.6959	34.546	0
3.7672	34.567	0
3.8326	34.586	0
3.8921	34.604	0
3.9454	34.62	0
3.9924	34.634	0
4.033	34.646	0
4.0673	34.657	0
4.0952	34.665	0
4.1173	34.672	0
4.1373	34.678	0
4.1573	34.684	0
4.1776	34.69	0
4.198	34.697	0
4.2186	34.703	0
4.2393	34.709	0
4.2601	34.715	0
4.2811	34.721	0
4.3022	34.727	0
4.3235	34.734	0
4.3449	34.74	0
4.3665	34.746	0
4.3881	34.752	0
4.4099	34.759	0
4.4319	34.765	0
4.4539	34.771	0
4.4761	34.777	0
4.4985	34.784	0
4.5209	34.79	0
4.5435	34.796	0
4.5662	34.802	0
4.589	34.809	0
4.6119	34.815	0
4.635	34.821	0
4.6581	34.827	0
4.6814	34.834	0
4.7048	34.84	0
4.7284	34.846	0
4.752	34.853	0
4.7758	34.859	0
4.7996	34.865	0
4.8236	34.872	0
4.8477	34.878	0
4.872	34.884	0
4.8963	34.891	0
4.9207	34.897	0
4.9453	34.903	0
4.97	34.909	0
4.9947	34.916	0
5.0196	34.922	0
5.0446	34.928	0
5.0697	34.935	0
5.0949	34.941	0
5.1203	34.947	0
5.1457	34.954	0
5.1712	34.96	0
5.1969	34.966	0
5.2226	34.973	0
5.2483	34.979	0
5.2741	34.985	0
5.2999	34.992	0
5.3258	34.998	0
5.3518	35.004	0
5.3777	35.01	0
5.4037	35.017	0
5.4297	35.023	0
5.4558	35.029	0
5.4819	35.035	0
5.508	35.041	0
5.5341	35.047	0
5.5603	35.053	0
5.5865	35.06	0
5.6126	35.066	0
5.6388	35.072	0
5.6651	35.078	0
5.6913	35.084	0
5.7175	35.09	0
5.7438	35.096	0
5.77	35.102	0
5.7963	35.107	0
5.8226	35.113	0
5.8489	35.119	0
5.8751	35.125	0
5.9014	35.131	0
5.9277	35.137	0
5.954	35.142	0
5.9803	35.148	0
6.0066	35.154	0
6.0328	35.16	0
6.0591	35.165	0
6.0854	35.171	0
6.1117	35.177	0
6.1379	35.182	0
6.1642	35.188	0
6.1905	35.193	0
6.2167	35.199	0
6.243	35.204	0
6.2692	35.21	0
6.2954	35.215	0
6.3217	35.221	0
6.3479	35.226	0
6.3741	35.231	0
6.4003	35.237	0
6.4265	35.242	0
6.4526	35.247	0
6.4788	35.252	0
6.5048	35.258	0
6.5308	35.263	0
6.5568	35.268	0
6.5827	35.273	0
6.6087	35.278	0
6.6346	35.283	0
6.6605	35.288	0
6.6864	35.293	0
6.7123	35.298	0
6.7383	35.303	0
6.7643	35.308	0
6.7903	35.313	0
6.8164	35.318	0
6.8425	35.323	0
6.8686	35.327	0
6.8949	35.332	0
6.9211	35.337	0
6.9475	35.342	0
6.9739	35.347	0
7.0005	35.351	0
7.0271	35.356	0
7.0538	35.361	0
7.0806	35.366	0
7.1074	35.37	0
7.1344	35.375	0
7.1615	35.38	0
7.1887	35.384	0
7.2159	35.389	0
7.2431	35.394	0
7.2704	35.398	0
7.2977	35.403	0
7.325	35.408	0
7.3523	35.412	0
7.3797	35.417	0
7.407	35.421	0
7.4344	35.426	0
7.4618	35.43	0
7.4892	35.435	0
7.5167	35.439	0
7.5441	35.444	0
7.5716	35.448	0
7.5991	35.453	0
7.6266	35.457	0
7.6542	35.461	0
7.6818	35.466	0
7.7093	35.47	0
7.7369	35.474	0
7.7646	35.478	0
7.7922	35.483	0
7.8198	35.487	0
7.8475	35.491	0
7.8752	35.495	0
7.9029	35.499	0
7.9306	35.504	0
7.9584	35.508	0
7.9861	35.512	0
8.0139	35.516	0
8.0417	35.52	0
8.0695	35.524	0
8.0974	35.528	0
8.1252	35.532	0
8.1531	35.536	0
8.181	35.54	0
8.2089	35.544	0
8.2368	35.547	0
8.2647	35.551	0
8.2927	35.555	0
8.3206	35.559	0
8.3486	35.563	0
8.3766	35.567	0
8.4046	35.57	0
8.4327	35.574	0
8.4607	35.578	0
8.4888	35.581	0
8.5168	35.585	0
8.5449	35.589	0
8.573	35.592	0
8.6012	35.596	0
8.6293	35.6	0
8.6575	35.603	0
8.6856	35.607	0
8.7138	35.61	0
8.742	35.614	0
8.7702	35.617	0
8.7985	35.621	0
8.8267	35.624	0
8.855	35.627	0
8.8833	35.631	0
8.9115	35.634	0
8.9399	35.637	0
8.9682	35.641	0
8.9965	35.644	0
9.0249	35.647	0
9.0532	35.65	0
9.0816	35.654	0
9.11	35.657	0
9.1384	35.66	0
9.1668	35.663	0
9.1953	35.666	0
9.2237	35.669	0
9.2522	35.672	0
9.2806	35.676	0
9.3091	35.679	0
9.3376	35.682	0
9.3662	35.685	0
9.3947	35.688	0
9.4232	35.69	0
9.4518	35.693	0
9.4804	35.696	0
9.509	35.699	0
9.5376	35.702	0
9.5662	35.705	0
9.5948	35.708	0
9.6234	35.71	0
9.6521	35.713	0
9.6808	35.716	0
9.7095	35.719	0
9.7381	35.721	0
9.7669	35.724	0
9.7956	35.727	0
9.8243	35.729	0
9.8531	35.732	0
9.8818	35.734	0
9.9106	35.737	0
9.9394	35.739	0
9.9682	35.742	0
9.997	35.744	0
10.026	35.747	0
10.055	35.749	0
10.084	35.752	0
10.112	35.754	0
10.141	35.756	0
10.17	35.759	0
10.199	35.761	0
10.228	35.763	0
10.257	35.766	0
10.286	35.768	0
10.315	35.77	0
10.344	35.772	0
10.373	35.774	0
10.402	35.777	0
10.431	35.779	0
10.46	35.781	0
10.489	35.783	0
10.518	35.785	0
10.547	35.787	0
10.576	35.789	0
10.605	35.791	0
10.634	35.793	0
10.663	35.795	0
10.692	35.797	0
10.721	35.799	0
10.75	35.801	0
10.78	35.802	0
10.809	35.804	0
10.838	35.806	0
10.867	35.808	0
10.896	35.81	0
10.926	35.811	0
10.955	35.813	0
10.984	35.815	0
11.013	35.816	0
11.042	35.818	0
11.072	35.82	0
11.101	35.821	0
11.13	35.823	0
11.16	35.824	0
11.189	35.826	0
11.218	35.827	0
11.247	35.829	0
11.277	35.83	0
11.306	35.831	0
11.336	35.833	0
11.365	35.834	0
11.394	35.836	0
11.424	35.837	0
11.453	35.838	0
11.483	35.839	0
11.512	35.841	0
11.541	35.842	0
11.571	35.843	0
11.6	35.844	0
11.63	35.845	0
11.659	35.847	0
11.689	35.848	0
11.718	35.849	0
11.748	35.85	0
11.777	35.851	0
11.807	35.852	0
11.836	35.853	0
11.866	35.854	0
11.896	35.855	0
11.925	35.856	0
11.955	35.856	0
11.984	35.857	0
12.014	35.858	0
12.044	35.859	0
12.073	35.86	0
12.103	35.86	0
12.132	35.861	0
12.162	35.862	0
12.192	35.863	0
12.221	35.863	0
12.251	35.864	0
12.281	35.864	0
12.311	35.865	0
12.34	35.866	0
12.37	35.866	0
12.4	35.867	0
12.43	35.867	0
12.459	35.868	0
12.489	35.868	0
12.519	35.868	0
12.549	35.869	0
12.579	35.869	0
12.608	35.87	0
12.638	35.87	0
12.668	35.87	0
12.698	35.87	0
12.728	35.871	0
12.758	35.871	0
12.787	35.871	0
12.817	35.871	0
12.847	35.871	0
12.877	35.872	0
12.907	35.872	0
12.937	35.872	0
12.967	35.872	0
12.997	35.872	0
13.027	35.872	0
13.057	35.872	0
13.087	35.872	0
13.117	35.872	0
13.147	35.871	0
13.177	35.871	0
13.207	35.871	0
13.237	35.871	0
13.267	35.871	0
13.297	35.871	0
13.327	35.87	0
13.357	35.87	0
13.387	35.87	0
13.417	35.869	0
13.447	35.869	0
13.477	35.869	0
13.507	35.868	0
13.537	35.868	0
13.568	35.867	0
13.598	35.867	0
13.628	35.866	0
13.658	35.866	0
13.688	35.865	0
13.718	35.865	0
13.749	35.864	0
13.779	35.863	0
13.809	35.863	0
13.839	35.862	0
13.869	35.861	0
13.9	35.861	0
13.93	35.86	0
13.96	35.859	0
13.99	35.858	0
14.021	35.857	0
14.051	35.857	0
14.081	35.856	0
14.111	35.855	0
14.142	35.854	0
14.172	35.853	0
14.202	35.852	0
14.233	35.851	0
14.263	35.85	0
14.293	35.849	0
14.324	35.848	0
14.354	35.847	0
14.384	35.845	0
14.415	35.844	0
14.445	35.843	0
14.475	35.842	0
14.506	35.841	0
14.536	35.839	0
14.567	35.838	0
14.597	35.837	0
14.628	35.835	0
14.658	35.834	0
14.688	35.833	0
14.719	35.831	0
14.749	35.83	0
14.78	35.828	0
14.81	35.827	0
14.841	35.825	0
14.871	35.824	0
14.902	35.822	0
14.932	35.821	0
14.963	35.819	0
14.993	35.817	0
15.024	35.816	0
15.054	35.814	0
15.085	35.812	0
15.115	35.81	0
15.146	35.809	0
15.177	35.807	0
15.207	35.805	0
15.238	35.803	0
15.268	35.801	0
15.299	35.799	0
15.33	35.797	0
15.36	35.795	0
15.391	35.793	0
15.421	35.791	0
15.452	35.789	0
15.483	35.787	0
15.513	35.785	0
15.544	35.783	0
15.575	35.781	0
15.605	35.779	0
15.636	35.777	0
15.667	35.774	0
15.698	35.772	0
15.728	35.77	0
15.759	35.768	0
15.79	35.765	0
15.82	35.763	0
15.851	35.76	0
15.882	35.758	0
15.913	35.756	0
15.943	35.753	0
15.974	35.751	0
16.005	35.748	0
16.036	35.746	0
16.067	35.743	0
16.097	35.74	0
16.128	35.738	0
16.159	35.735	0
16.19	35.733	0
16.221	35.73	0
16.251	35.727	0
16.282	35.724	0
16.313	35.722	0
16.344	35.719	0
16.375	35.716	0
16.406	35.713	0
16.437	35.71	0
16.467	35.707	0
16.498	35.704	0
16.529	35.701	0
16.56	35.699	0
16.591	35.696	0
16.622	35.692	0
16.653	35.689	0
16.684	35.686	0
16.715	35.683	0
16.746	35.68	0
16.777	35.677	0
16.808	35.674	0
16.838	35.67	0
16.869	35.667	0
16.9	35.664	0
16.931	35.661	0
16.962	35.657	0
16.993	35.654	0
17.024	35.651	0
17.055	35.647	0
17.086	35.644	0
17.117	35.64	0
17.148	35.637	0
17.179	35.633	0
17.211	35.63	0
17.242	35.626	0
17.273	35.623	0
17.304	35.619	0
17.335	35.615	0
17.366	35.612	0
17.397	35.608	0
17.428	35.604	0
17.459	35.6	0
17.49	35.597	0
17.521	35.593	0
17.552	35.589	0
17.583	35.585	0
17.615	35.581	0
17.646	35.577	0
17.677	35.573	0
17.708	35.569	0
17.739	35.565	0
17.77	35.561	0
17.801	35.557	0
17.832	35.553	0
17.864	35.549	0
17.895	35.545	0
17.926	35.541	0
17.957	35.537	0
17.988	35.533	0
18.02	35.528	0
18.051	35.524	0
18.082	35.52	0
18.113	35.515	0
18.144	35.511	0
18.176	35.507	0
18.207	35.502	0
18.238	35.498	0
18.269	35.493	0
18.3	35.489	0
18.332	35.485	0
18.363	35.48	0
18.394	35.475	0
18.425	35.471	0
18.457	35.466	0
18.488	35.462	0
18.519	35.457	0
18.551	35.452	0
18.582	35.447	0
18.613	35.443	0
18.644	35.438	0
18.676	35.433	0
18.707	35.428	0
18.738	35.423	0
18.77	35.419	0
18.801	35.414	0
18.832	35.409	0
18.864	35.404	0
18.895	35.399	0
18.926	35.394	0
18.958	35.389	0
18.989	35.384	0
19.02	35.379	0
19.052	35.373	0
19.083	35.368	0
19.114	35.363	0
19.146	35.358	0
19.177	35.353	0
19.208	35.347	0
19.24	35.342	0
19.271	35.337	0
19.303	35.331	0
19.334	35.326	0
19.365	35.321	0
19.397	35.315	0
19.428	35.31	0
19.46	35.304	0
19.491	35.299	0
19.523	35.293	0
19.554	35.288	0
19.585	35.282	0
19.617	35.276	0
19.648	35.271	0
19.68	35.265	0
19.711	35.259	0
19.743	35.254	0
19.774	35.248	0
19.806	35.242	0
19.837	35.236	0
19.868	35.23	0
19.9	35.225	0
19.931	35.219	0
19.963	35.213	0
19.994	35.207	0
20.026	35.201	0
20.057	35.195	0
20.089	35.189	0
20.12	35.183	0
20.152	35.177	0
20.183	35.171	0
20.215	35.164	0
20.246	35.158	0
20.278	35.152	0
20.309	35.146	0
20.341	35.14	0
20.372	35.133	0
20.404	35.127	0
20.436	35.121	0
20.467	35.114	0
20.499	35.108	0
20.53	35.101	0
20.562	35.095	0
20.593	35.089	0
20.625	35.082	0
20.656	35.075	0
20.688	35.069	0
20.72	35.062	0
20.751	35.056	0
20.783	35.049	0
20.814	35.042	0
20.846	35.036	0
20.877	35.029	0
20.909	35.022	0
20.941	35.015	0
20.972	35.009	0
21.004	35.002	0
21.035	34.995	0
21.067	34.988	0
21.099	34.981	0
21.13	34.974	0
21.162	34.967	0
21.193	34.96	0
21.225	34.953	0
21.257	34.946	0
21.288	34.939	0
21.32	34.932	0
21.352	34.925	0
21.383	34.918	0
21.415	34.91	0
21.447	34.903	0
21.478	34.896	0
21.51	34.889	0
21.541	34.881	0
21.573	34.874	0
21.605	34.867	0
21.636	34.859	0
21.668	34.852	0
21.7	34.844	0
21.731	34.837	0
21.763	34.829	0
21.795	34.822	0
21.826	34.814	0
21.858	34.807	0
21.89	34.799	0
21.921	34.791	0
21.953	34.784	0
21.985	34.776	0
22.016	34.768	0
22.048	34.761	0
22.08	34.753	0
22.112	34.745	0
22.143	34.737	0
22.175	34.729	0
22.207	34.721	0
22.238	34.713	0
22.27	34.705	0
22.302	34.697	0
22.333	34.689	0
22.365	34.681	0
22.397	34.673	0
22.429	34.665	0
22.46	34.657	0
22.492	34.649	0
22.524	34.641	0
22.555	34.633	0
22.587	34.624	0
22.619	34.616	0
22.651	34.608	0
22.682	34.599	0
22.714	34.591	0
22.746	34.583	0
22.777	34.574	0
22.809	34.566	0
22.841	34.557	0
22.873	34.549	0
22.904	34.54	0
22.936	34.532	0
22.968	34.523	0
23	34.515	0
23.031	34.506	0
23.063	34.497	0
23.095	34.489	0
23.127	34.48	0
23.158	34.471	0
23.19	34.462	0
23.222	34.454	0
23.254	34.445	0
23.285	34.436	0
23.317	34.427	0
23.349	34.418	0
23.381	34.409	0
23.412	34.4	0
23.444	34.391	0
23.476	34.382	0
23.508	34.373	0
23.539	34.364	0
23.571	34.355	0
23.603	34.346	0
23.635	34.337	0
23.667	34.327	0
23.698	34.318	0
23.73	34.309	0
23.762	34.3	0
23.794	34.29	0
23.825	34.281	0
23.857	34.272	0
23.889	34.262	0
23.921	34.253	0
23.952	34.243	0
23.984	34.234	0
24.016	34.224	0
24.048	34.215	0
24.08	34.205	0
24.111	34.196	0
24.143	34.186	0
24.175	34.176	0
24.207	34.167	0
24.238	34.157	0
24.27	34.147	0
24.302	34.137	0
24.334	34.128	0
24.366	34.118	0
24.397	34.108	0
24.429	34.098	0
24.461	34.088	0
24.493	34.078	0
24.524	34.068	0
24.556	34.058	0
24.588	34.048	0
24.62	34.038	0
24.652	34.028	0
24.683	34.018	0
24.715	34.008	0
24.747	33.998	0
24.779	33.988	0
24.81	33.977	0
24.842	33.967	0
24.874	33.957	0
24.906	33.946	0
24.938	33.936	0
24.969	33.926	0
25.001	33.915	0
25.033	33.905	0
25.065	33.894	0
25.096	33.884	0
25.128	33.873	0
25.16	33.863	0
25.192	33.852	0
25.224	33.842	0
25.255	33.831	0
25.287	33.82	0
25.319	33.81	0
25.351	33.799	0
25.382	33.788	0
25.414	33.778	0
25.446	33.767	0
25.478	33.756	0
25.51	33.745	0
25.541	33.734	0
25.573	33.723	0
25.605	33.712	0
25.637	33.701	0
25.668	33.69	0
25.7	33.679	0
25.732	33.668	0
25.764	33.657	0
25.796	33.646	0
25.827	33.635	0
25.859	33.624	0
25.891	33.612	0
25.923	33.601	0
25.954	33.59	0
25.986	33.579	0
26.018	33.567	0
26.05	33.556	0
26.081	33.545	0
26.113	33.533	0
26.145	33.522	0
26.177	33.51	0
26.208	33.499	0
26.24	33.487	0
26.272	33.476	0
26.304	33.464	0
26.335	33.453	0
26.367	33.441	0
26.399	33.429	0
26.431	33.418	0
26.462	33.406	0
26.494	33.394	0
26.526	33.382	0
26.565	33.368	0
