Time(s)	Extension(mm)	Load(N)
0.001	0.000	0.001
0.019	0.000	0.001
0.040	0.000	0.001
0.075	0.000	0.001
0.127	0.000	0.001
0.177	0.000	0.001
0.229	0.000	0.001
0.276	0.000	0.001
0.327	0.000	0.001
0.376	0.000	0.001
0.429	0.000	0.001
0.474	0.000	0.001
0.524	0.000	0.001
0.575	0.000	0.001
0.629	0.000	0.001
0.674	0.000	0.001
0.729	0.000	0.001
0.775	0.000	0.001
0.827	0.000	0.001
0.876	0.000	0.001
0.932	-0.000	0.001
0.995	-0.000	0.001
1.052	-0.010	0.001
1.102	-0.010	0.001
1.145	-0.010	0.001
1.194	-0.010	0.001
1.247	-0.020	0.001
1.297	-0.020	0.001
1.345	-0.020	0.001
1.402	-0.020	0.001
1.452	-0.030	0.001
1.495	-0.030	0.001
1.551	-0.030	0.001
1.594	-0.030	0.001
1.645	-0.040	0.001
1.697	-0.040	0.001
1.745	-0.040	0.001
1.804	-0.040	0.001
1.847	-0.050	0.001
1.895	-0.050	0.001
1.947	-0.050	0.001
1.997	-0.050	0.001
2.044	-0.060	0.001
2.096	-0.060	0.001
2.152	-0.060	0.001
2.202	-0.060	0.001
2.245	-0.070	0.001
2.297	-0.070	0.001
2.347	-0.070	0.001
2.394	-0.070	0.001
2.446	-0.080	0.001
2.502	-0.080	0.001
2.552	-0.080	0.001
2.595	-0.080	0.001
2.643	-0.090	0.001
2.702	-0.090	0.001
2.744	-0.090	0.001
2.797	-0.090	0.001
2.844	-0.100	0.001
2.895	-0.100	0.001
2.946	-0.100	0.001
2.994	-0.100	0.001
3.045	-0.110	0.001
3.097	-0.110	0.001
3.153	-0.110	0.001
3.196	-0.110	0.001
3.246	-0.120	0.001
3.297	-0.120	0.001
3.345	-0.120	0.001
3.396	-0.120	0.001
3.446	-0.130	0.001
3.498	-0.130	0.001
3.546	-0.130	0.001
3.605	-0.130	0.001
3.647	-0.140	0.001
3.695	-0.140	0.001
3.746	-0.140	0.001
3.797	-0.140	0.001
3.848	-0.150	0.001
3.895	-0.150	0.001
3.947	-0.150	0.001
3.997	-0.150	0.001
4.054	-0.160	0.001
4.096	-0.160	0.001
4.146	-0.160	0.001
4.198	-0.160	0.001
4.245	-0.170	0.001
4.297	-0.170	0.001
4.347	-0.170	0.001
4.402	-0.170	0.001
4.446	-0.180	0.001
4.506	-0.180	0.001
4.548	-0.180	0.001
4.596	-0.180	0.001
4.647	-0.190	0.001
4.697	-0.190	0.001
4.752	-0.190	0.001
4.796	-0.190	0.001
4.848	-0.200	0.001
4.898	-0.200	0.001
4.946	-0.200	0.001
4.998	-0.200	0.001
5.047	-0.210	0.001
5.102	-0.210	0.001
5.146	-0.210	0.001
5.197	-0.210	0.001
5.247	-0.220	0.001
5.298	-0.220	0.001
5.345	-0.220	0.001
5.404	-0.220	0.001
5.446	-0.230	0.001
5.498	-0.230	0.001
5.545	-0.230	0.001
5.595	-0.230	0.001
5.646	-0.240	0.001
5.698	-0.240	0.001
5.745	-0.240	-0.001
5.795	-0.240	-0.002
5.853	-0.250	-0.002
5.896	-0.250	-0.002
5.946	-0.250	-0.003
5.998	-0.250	-0.004
6.045	-0.260	-0.004
6.096	-0.260	-0.005
6.146	-0.260	-0.006
6.198	-0.260	-0.006
6.247	-0.270	-0.007
6.306	-0.270	-0.007
6.353	-0.270	-0.008
6.396	-0.270	-0.008
6.448	-0.280	-0.009
6.498	-0.280	-0.010
6.553	-0.280	-0.010
6.603	-0.280	-0.011
6.646	-0.290	-0.012
6.696	-0.290	-0.012
6.748	-0.290	-0.013
6.795	-0.290	-0.013
6.845	-0.300	-0.014
6.896	-0.300	-0.015
6.947	-0.300	-0.016
6.998	-0.300	-0.017
7.048	-0.310	-0.017
7.096	-0.310	-0.018
7.148	-0.310	-0.019
7.206	-0.310	-0.019
7.252	-0.320	-0.020
7.303	-0.320	-0.021
7.346	-0.320	-0.022
7.396	-0.320	-0.023
7.447	-0.330	-0.024
7.503	-0.330	-0.025
7.546	-0.330	-0.025
7.596	-0.330	-0.026
7.655	-0.340	-0.027
7.698	-0.340	-0.028
7.748	-0.340	-0.029
7.794	-0.340	-0.030
7.846	-0.350	-0.031
7.898	-0.350	-0.031
7.948	-0.350	-0.032
7.995	-0.350	-0.032
8.045	-0.360	-0.033
8.104	-0.360	-0.034
8.146	-0.360	-0.035
8.202	-0.360	-0.035
8.245	-0.370	-0.036
8.296	-0.370	-0.036
8.346	-0.370	-0.037
8.396	-0.370	-0.038
8.448	-0.380	-0.038
8.498	-0.380	-0.039
8.545	-0.380	-0.040
8.597	-0.380	-0.041
8.646	-0.390	-0.041
8.698	-0.390	-0.042
8.748	-0.390	-0.043
8.794	-0.390	-0.043
8.844	-0.400	-0.044
8.896	-0.400	-0.045
8.948	-0.400	-0.046
8.998	-0.400	-0.047
9.044	-0.410	-0.047
9.095	-0.410	-0.048
9.146	-0.410	-0.049
9.196	-0.410	-0.049
9.247	-0.420	-0.050
9.302	-0.420	-0.051
9.346	-0.420	-0.052
9.395	-0.420	-0.053
9.453	-0.430	-0.053
9.497	-0.430	-0.054
9.546	-0.430	-0.055
9.596	-0.430	-0.056
9.648	-0.440	-0.057
9.695	-0.440	-0.058
9.744	-0.440	-0.059
9.795	-0.440	-0.059
9.846	-0.450	-0.060
9.904	-0.450	-0.061
9.946	-0.450	-0.061
9.998	-0.450	-0.063
10.044	-0.460	-0.065
10.102	-0.460	-0.067
10.145	-0.460	-0.069
10.195	-0.460	-0.071
10.246	-0.470	-0.072
10.296	-0.470	-0.074
10.348	-0.470	-0.076
10.394	-0.470	-0.078
10.453	-0.480	-0.081
10.495	-0.480	-0.083
10.545	-0.480	-0.086
10.596	-0.480	-0.088
10.646	-0.490	-0.090
10.698	-0.490	-0.091
10.745	-0.490	-0.093
10.803	-0.490	-0.095
10.845	-0.500	-0.098
10.895	-0.500	-0.101
10.946	-0.500	-0.103
10.998	-0.500	-0.105
11.046	-0.510	-0.107
11.104	-0.510	-0.109
11.148	-0.510	-0.111
11.202	-0.510	-0.113
11.254	-0.520	-0.115
11.298	-0.520	-0.118
11.354	-0.520	-0.120
11.398	-0.520	-0.123
11.446	-0.530	-0.125
11.503	-0.530	-0.126
11.554	-0.530	-0.128
11.598	-0.530	-0.131
11.654	-0.540	-0.133
11.706	-0.540	-0.136
11.753	-0.540	-0.139
11.798	-0.540	-0.140
11.854	-0.550	-0.142
11.897	-0.550	-0.144
11.954	-0.550	-0.146
11.996	-0.550	-0.148
12.053	-0.560	-0.151
12.096	-0.560	-0.154
12.153	-0.560	-0.157
12.197	-0.560	-0.160
12.248	-0.570	-0.161
12.296	-0.570	-0.163
12.348	-0.570	-0.165
12.404	-0.570	-0.167
12.447	-0.580	-0.170
12.504	-0.580	-0.173
12.548	-0.580	-0.176
12.603	-0.580	-0.177
12.647	-0.590	-0.179
12.703	-0.590	-0.180
12.747	-0.590	-0.182
12.798	-0.590	-0.184
12.846	-0.600	-0.186
12.904	-0.600	-0.188
12.948	-0.600	-0.190
12.998	-0.600	-0.190
13.054	-0.610	-0.191
13.098	-0.610	-0.191
13.153	-0.610	-0.193
13.196	-0.610	-0.194
13.254	-0.620	-0.195
13.298	-0.620	-0.196
13.353	-0.620	-0.197
13.397	-0.620	-0.198
13.448	-0.630	-0.199
13.504	-0.630	-0.200
13.548	-0.630	-0.201
13.596	-0.630	-0.202
13.653	-0.640	-0.203
13.704	-0.640	-0.205
13.749	-0.640	-0.206
13.804	-0.640	-0.207
13.847	-0.650	-0.208
13.898	-0.650	-0.209
13.947	-0.650	-0.210
14.004	-0.650	-0.212
14.046	-0.660	-0.213
14.102	-0.660	-0.215
14.154	-0.660	-0.216
14.198	-0.660	-0.218
14.254	-0.670	-0.218
14.301	-0.670	-0.220
14.346	-0.670	-0.221
14.408	-0.670	-0.223
14.446	-0.680	-0.224
14.498	-0.680	-0.226
14.554	-0.680	-0.228
14.596	-0.680	-0.230
14.653	-0.690	-0.231
14.698	-0.690	-0.232
14.746	-0.690	-0.234
14.798	-0.690	-0.236
14.846	-0.700	-0.239
14.898	-0.700	-0.241
14.953	-0.700	-0.244
14.998	-0.700	-0.246
15.046	-0.710	-0.247
15.098	-0.710	-0.249
15.154	-0.710	-0.251
15.198	-0.710	-0.253
15.253	-0.720	-0.256
15.305	-0.720	-0.259
15.352	-0.720	-0.262
15.398	-0.720	-0.264
15.454	-0.730	-0.266
15.496	-0.730	-0.267
15.554	-0.730	-0.270
15.596	-0.730	-0.273
15.653	-0.740	-0.275
15.696	-0.740	-0.278
15.753	-0.740	-0.281
15.797	-0.740	-0.283
15.848	-0.750	-0.285
15.896	-0.750	-0.287
15.948	-0.750	-0.290
16.004	-0.750	-0.293
16.047	-0.760	-0.296
16.104	-0.760	-0.299
16.152	-0.760	-0.302
16.204	-0.760	-0.304
16.248	-0.770	-0.306
16.304	-0.770	-0.308
16.348	-0.770	-0.311
16.403	-0.770	-0.314
16.447	-0.780	-0.317
16.496	-0.780	-0.320
16.553	-0.780	-0.323
16.596	-0.780	-0.325
16.656	-0.790	-0.327
16.704	-0.790	-0.329
16.747	-0.790	-0.332
16.804	-0.790	-0.335
16.849	-0.800	-0.338
16.896	-0.800	-0.341
16.948	-0.800	-0.344
16.996	-0.800	-0.347
17.048	-0.810	-0.348
17.096	-0.810	-0.351
17.148	-0.810	-0.353
17.196	-0.810	-0.356
17.252	-0.820	-0.359
17.304	-0.820	-0.362
17.348	-0.820	-0.366
17.404	-0.820	-0.368
17.447	-0.830	-0.370
17.498	-0.830	-0.372
17.546	-0.830	-0.374
17.603	-0.830	-0.378
17.654	-0.840	-0.381
17.698	-0.840	-0.384
17.753	-0.840	-0.388
17.796	-0.840	-0.390
17.848	-0.850	-0.392
17.904	-0.850	-0.394
17.952	-0.850	-0.397
18.004	-0.850	-0.400
18.047	-0.860	-0.403
18.103	-0.860	-0.406
18.146	-0.860	-0.410
18.198	-0.860	-0.412
18.254	-0.870	-0.414
18.298	-0.870	-0.417
18.347	-0.870	-0.419
18.397	-0.870	-0.422
18.458	-0.880	-0.426
18.496	-0.880	-0.429
18.548	-0.880	-0.432
18.604	-0.880	-0.435
18.648	-0.890	-0.437
18.696	-0.890	-0.440
18.747	-0.890	-0.442
18.804	-0.890	-0.445
18.846	-0.900	-0.449
18.907	-0.900	-0.452
18.954	-0.900	-0.455
18.999	-0.900	-0.458
19.046	-0.910	-0.461
19.097	-0.910	-0.463
19.153	-0.910	-0.466
19.196	-0.910	-0.469
19.248	-0.920	-0.472
19.303	-0.920	-0.476
19.349	-0.920	-0.479
19.396	-0.920	-0.482
19.446	-0.930	-0.484
19.503	-0.930	-0.487
19.555	-0.930	-0.489
19.598	-0.930	-0.492
19.653	-0.940	-0.496
19.697	-0.940	-0.499
19.754	-0.940	-0.503
19.805	-0.940	-0.506
19.852	-0.950	-0.508
19.904	-0.950	-0.511
19.948	-0.950	-0.513
20.002	-0.950	-0.516
20.046	-0.960	-0.520
20.104	-0.960	-0.523
20.148	-0.960	-0.527
20.202	-0.960	-0.530
20.254	-0.970	-0.532
20.298	-0.970	-0.535
20.353	-0.970	-0.537
20.397	-0.970	-0.541
20.454	-0.980	-0.544
20.498	-0.980	-0.548
20.553	-0.980	-0.552
20.598	-0.980	-0.555
20.649	-0.990	-0.557
20.704	-0.990	-0.559
20.749	-0.990	-0.562
20.795	-0.990	-0.566
20.849	-1.000	-0.570
20.904	-1.000	-0.573
20.949	-1.000	-0.577
21.003	-1.000	-0.580
21.049	-1.010	-0.582
21.099	-1.010	-0.584
21.148	-1.010	-0.588
21.205	-1.010	-0.591
21.247	-1.020	-0.595
21.305	-1.020	-0.599
21.347	-1.020	-0.602
21.399	-1.020	-0.605
21.455	-1.030	-0.608
21.499	-1.030	-0.610
21.547	-1.030	-0.613
21.609	-1.030	-0.617
21.645	-1.040	-0.620
21.699	-1.040	-0.624
21.755	-1.040	-0.628
21.798	-1.040	-0.631
21.855	-1.050	-0.633
21.899	-1.050	-0.636
21.947	-1.050	-0.639
21.999	-1.050	-0.642
22.059	-1.060	-0.646
22.099	-1.060	-0.650
22.153	-1.060	-0.654
22.197	-1.060	-0.657
22.255	-1.070	-0.660
22.299	-1.070	-0.662
22.355	-1.070	-0.665
22.399	-1.070	-0.669
22.455	-1.080	-0.673
22.505	-1.080	-0.676
22.549	-1.080	-0.680
22.599	-1.080	-0.683
22.655	-1.090	-0.686
22.697	-1.090	-0.688
22.755	-1.090	-0.691
22.806	-1.090	-0.695
22.854	-1.100	-0.699
22.905	-1.100	-0.703
22.955	-1.100	-0.707
22.998	-1.100	-0.709
23.053	-1.110	-0.712
23.097	-1.110	-0.714
23.149	-1.110	-0.717
23.197	-1.110	-0.721
23.249	-1.120	-0.725
23.306	-1.120	-0.729
23.354	-1.120	-0.732
23.405	-1.120	-0.735
23.449	-1.130	-0.738
23.505	-1.130	-0.740
23.549	-1.130	-0.743
23.605	-1.130	-0.747
23.648	-1.140	-0.751
23.696	-1.140	-0.755
23.754	-1.140	-0.758
23.796	-1.140	-0.761
23.858	-1.150	-0.763
23.905	-1.150	-0.766
23.947	-1.150	-0.769
24.004	-1.150	-0.773
24.049	-1.160	-0.777
24.107	-1.160	-0.781
24.148	-1.160	-0.784
24.205	-1.160	-0.787
24.248	-1.170	-0.789
24.308	-1.170	-0.792
24.346	-1.170	-0.795
24.405	-1.170	-0.799
24.449	-1.180	-0.803
24.504	-1.180	-0.807
24.548	-1.180	-0.810
24.599	-1.180	-0.813
24.647	-1.190	-0.816
24.699	-1.190	-0.819
24.746	-1.190	-0.822
24.805	-1.190	-0.826
24.847	-1.200	-0.829
24.903	-1.200	-0.833
24.956	-1.200	-0.837
24.999	-1.200	-0.840
25.055	-1.210	-0.842
25.099	-1.210	-0.845
25.147	-1.210	-0.848
25.208	-1.210	-0.852
25.245	-1.220	-0.856
25.298	-1.220	-0.860
25.355	-1.220	-0.863
25.397	-1.220	-0.867
25.450	-1.230	-0.869
25.499	-1.230	-0.872
25.547	-1.230	-0.875
25.599	-1.230	-0.878
25.655	-1.240	-0.882
25.699	-1.240	-0.886
25.755	-1.240	-0.890
25.799	-1.240	-0.893
25.847	-1.250	-0.896
25.900	-1.250	-0.899
25.946	-1.250	-0.902
26.000	-1.250	-0.905
26.047	-1.260	-0.909
26.109	-1.260	-0.914
26.145	-1.260	-0.918
26.200	-1.260	-0.920
26.247	-1.270	-0.923
26.299	-1.270	-0.926
26.347	-1.270	-0.929
26.399	-1.270	-0.933
26.447	-1.280	-0.937
26.499	-1.280	-0.941
26.547	-1.280	-0.944
26.595	-1.280	-0.947
26.647	-1.290	-0.950
26.705	-1.290	-0.953
26.748	-1.290	-0.956
26.805	-1.290	-0.960
26.847	-1.300	-0.964
26.904	-1.300	-0.968
26.949	-1.300	-0.972
27.009	-1.300	-0.975
27.047	-1.310	-0.978
27.099	-1.310	-0.980
27.147	-1.310	-0.984
27.198	-1.310	-0.987
27.255	-1.320	-0.991
27.299	-1.320	-0.995
27.347	-1.320	-0.999
27.399	-1.320	-1.002
27.447	-1.330	-1.005
27.499	-1.330	-1.008
27.554	-1.330	-1.010
27.598	-1.330	-1.015
27.655	-1.340	-1.019
27.699	-1.340	-1.022
27.755	-1.340	-1.027
27.799	-1.340	-1.030
27.855	-1.350	-1.032
27.906	-1.350	-1.035
27.949	-1.350	-1.038
27.999	-1.350	-1.042
28.055	-1.360	-1.046
28.097	-1.360	-1.050
28.155	-1.360	-1.053
28.196	-1.360	-1.057
28.255	-1.370	-1.059
28.297	-1.370	-1.063
28.355	-1.370	-1.065
28.399	-1.370	-1.069
28.454	-1.380	-1.073
28.498	-1.380	-1.077
28.554	-1.380	-1.081
28.598	-1.380	-1.085
28.649	-1.390	-1.087
28.697	-1.390	-1.090
28.746	-1.390	-1.093
28.807	-1.390	-1.097
28.855	-1.400	-1.101
28.899	-1.400	-1.105
28.955	-1.400	-1.109
28.997	-1.400	-1.112
29.054	-1.410	-1.115
29.099	-1.410	-1.118
29.146	-1.410	-1.121
29.199	-1.410	-1.125
29.260	-1.420	-1.129
29.299	-1.420	-1.133
29.354	-1.420	-1.137
29.398	-1.420	-1.140
29.455	-1.430	-1.143
29.500	-1.430	-1.146
29.555	-1.430	-1.148
29.599	-1.430	-1.153
29.655	-1.440	-1.157
29.707	-1.440	-1.161
29.755	-1.440	-1.165
29.799	-1.440	-1.168
29.846	-1.450	-1.170
29.899	-1.450	-1.173
29.955	-1.450	-1.176
29.999	-1.450	-1.180
30.055	-1.460	-1.184
30.098	-1.460	-1.188
30.155	-1.460	-1.192
30.203	-1.460	-1.195
30.255	-1.470	-1.198
30.299	-1.470	-1.201
30.355	-1.470	-1.204
30.399	-1.470	-1.208
30.455	-1.480	-1.212
30.499	-1.480	-1.216
30.547	-1.480	-1.220
30.608	-1.480	-1.223
30.655	-1.490	-1.226
30.699	-1.490	-1.228
30.755	-1.490	-1.231
30.798	-1.490	-1.235
30.854	-1.500	-1.239
30.900	-1.500	-1.243
30.946	-1.500	-1.247
30.993	-1.500	-1.250
31.039	-1.390	-1.250
31.085	-1.280	-1.213
31.139	-1.140	-1.009
31.185	-0.990	-0.785
31.238	-0.820	-0.576
31.288	-0.640	-0.370
31.335	-0.460	-0.218
31.387	-0.280	-0.120
31.435	-0.120	-0.017
31.489	0.000	0.000
31.524	0.000	-0.003
31.577	0.000	-0.003
31.629	0.000	-0.002
31.678	0.000	-0.002
31.731	0.000	-0.002
31.781	0.000	-0.002
31.827	0.000	-0.002
31.878	0.000	-0.002
31.931	0.000	-0.002
31.978	0.000	-0.002
32.027	0.000	-0.002
32.078	0.000	-0.001
32.131	0.000	-0.001
32.178	0.000	-0.001
32.229	0.000	-0.001
32.281	0.000	-0.001
32.328	0.000	-0.001
32.377	0.000	-0.001
32.429	0.000	-0.001
32.479	0.000	-0.001
32.531	0.000	-0.001
32.582	0.000	-0.001
32.628	0.000	-0.001
32.681	0.000	-0.001
32.727	0.000	-0.001
32.777	0.000	-0.001
32.826	0.000	-0.001
32.877	0.000	-0.001
32.928	0.000	-0.001
32.979	0.000	-0.000
33.027	0.000	-0.001
33.078	0.000	-0.001
33.127	0.000	-0.000
33.179	0.000	-0.001
33.227	0.000	-0.001
33.277	0.000	0.000
33.326	0.000	0.000
33.376	0.000	-0.000
33.427	0.000	-0.000
33.477	0.000	-0.000
33.527	0.000	0.000
33.578	0.000	-0.001
33.630	0.000	-0.000
33.680	0.000	0.000
33.724	0.000	-0.000
33.782	0.000	0.000
33.827	0.000	0.000
33.876	0.000	0.000
33.927	0.000	0.000
33.976	0.000	0.000
34.024	0.000	0.000
34.078	0.000	0.000
34.127	0.000	0.000
34.174	0.000	0.000
34.226	0.000	0.000
34.277	0.000	0.000
34.326	0.000	0.000
34.374	0.000	0.000
34.427	0.000	0.000
34.477	0.000	0.000
34.526	0.000	0.000
34.577	0.000	0.000
34.627	0.000	0.000
34.679	0.000	0.000
34.726	0.000	0.000
34.775	0.000	0.000
34.827	0.000	0.000
34.878	0.000	0.000
34.925	0.000	0.000
34.974	0.000	0.000
35.026	0.000	0.000
35.079	0.000	0.000
35.131	0.000	0.000
35.177	0.000	0.000
35.226	0.000	0.000
35.279	0.000	0.000
35.328	0.000	0.000
35.381	0.000	0.000
35.427	0.000	0.000
35.475	0.000	0.000
35.527	0.000	0.000
35.579	0.000	0.000
